Timestep,Iteration,Total Reward,Suboptimal Arms Count,Total Regret,Zeros Count,Ones Count
2,1,2,1,0.01,0,2
3,1,3,1,0.01,0,3
100,1,93,50,0.25,7,93
200,1,180,100,0.5,20,180
2000,1,1804,1000,5.0,196,1804
10000,1,8970,2060,10.3,1030,8970
20000,1,17933,9943,49.72,2067,17933
40000,1,35853,29943,149.71,4147,35853
60000,1,53728,49943,249.71,6272,53728
80000,1,71676,69943,349.71,8324,71676
100000,1,89558,89943,449.71,10442,89558
2,2,2,1,0.01,0,2
3,2,3,1,0.01,0,3
100,2,92,50,0.25,8,92
200,2,182,100,0.5,18,182
2000,2,1784,1000,5.0,216,1784
10000,2,8993,1000,5.0,1007,8993
20000,2,17966,1000,5.0,2034,17966
40000,2,35956,1000,5.0,4044,35956
60000,2,53923,1000,5.0,6077,53923
80000,2,71887,1000,5.0,8113,71887
100000,2,89885,1000,5.0,10115,89885
2,3,2,1,0.01,0,2
3,3,3,1,0.01,0,3
100,3,90,50,0.25,10,90
200,3,185,100,0.5,15,185
2000,3,1813,1000,5.0,187,1813
10000,3,9012,1293,6.46,988,9012
20000,3,18014,1293,6.46,1986,18014
40000,3,36020,1293,6.46,3980,36020
60000,3,53992,1293,6.46,6008,53992
80000,3,71982,1293,6.46,8018,71982
100000,3,89972,1293,6.46,10028,89972
2,4,2,1,0.01,0,2
3,4,3,1,0.01,0,3
100,4,86,50,0.25,14,86
200,4,171,100,0.5,29,171
2000,4,1773,1000,5.0,227,1773
10000,4,8953,1000,5.0,1047,8953
20000,4,17991,1000,5.0,2009,17991
40000,4,35961,1000,5.0,4039,35961
60000,4,53955,1000,5.0,6045,53955
80000,4,71894,1000,5.0,8106,71894
100000,4,89890,1000,5.0,10110,89890
2,5,2,1,0.01,0,2
3,5,3,1,0.01,0,3
100,5,93,50,0.25,7,93
200,5,175,100,0.5,25,175
2000,5,1795,1000,5.0,205,1795
10000,5,8946,1004,5.02,1054,8946
20000,5,17933,1004,5.02,2067,17933
40000,5,35970,1004,5.02,4030,35970
60000,5,53953,1004,5.02,6047,53953
80000,5,71969,1004,5.02,8031,71969
100000,5,89960,1004,5.02,10040,89960
2,6,1,1,0.01,1,1
3,6,2,1,0.01,1,2
100,6,84,50,0.25,16,84
200,6,175,100,0.5,25,175
2000,6,1788,1000,5.0,212,1788
10000,6,8923,8978,44.89,1077,8923
20000,6,17853,18978,94.89,2147,17853
40000,6,35768,38978,194.89,4232,35768
60000,6,53670,58978,294.89,6330,53670
80000,6,71586,78978,394.89,8414,71586
100000,6,89501,98978,494.89,10499,89501
2,7,1,1,0.01,1,1
3,7,2,1,0.01,1,2
100,7,88,50,0.25,12,88
200,7,177,100,0.5,23,177
2000,7,1800,1000,5.0,200,1800
10000,7,9014,1000,5.0,986,9014
20000,7,18019,1000,5.0,1981,18019
40000,7,35991,1000,5.0,4009,35991
60000,7,54025,1000,5.0,5975,54025
80000,7,72044,1000,5.0,7956,72044
100000,7,90054,1000,5.0,9946,90054
2,8,2,1,0.01,0,2
3,8,3,1,0.01,0,3
100,8,88,50,0.25,12,88
200,8,179,100,0.5,21,179
2000,8,1808,1000,5.0,192,1808
10000,8,8965,3143,15.72,1035,8965
20000,8,18000,3143,15.72,2000,18000
40000,8,35943,3143,15.72,4057,35943
60000,8,53946,3143,15.72,6054,53946
80000,8,71957,3143,15.72,8043,71957
100000,8,89925,3143,15.72,10075,89925
2,9,2,1,0.01,0,2
3,9,3,1,0.01,0,3
100,9,88,50,0.25,12,88
200,9,176,100,0.5,24,176
2000,9,1790,1000,5.0,210,1790
10000,9,8957,8933,44.67,1043,8957
20000,9,17896,18933,94.66,2104,17896
40000,9,35808,38933,194.66,4192,35808
60000,9,53626,58933,294.66,6374,53626
80000,9,71559,78933,394.66,8441,71559
100000,9,89482,98933,494.66,10518,89482
2,10,2,1,0.01,0,2
3,10,3,1,0.01,0,3
100,10,88,50,0.25,12,88
200,10,182,100,0.5,18,182
2000,10,1791,1000,5.0,209,1791
10000,10,8949,1012,5.06,1051,8949
20000,10,17977,1012,5.06,2023,17977
40000,10,36009,1012,5.06,3991,36009
60000,10,54017,1012,5.06,5983,54017
80000,10,72030,1012,5.06,7970,72030
100000,10,90067,1012,5.06,9933,90067
2,11,2,1,0.01,0,2
3,11,3,1,0.01,0,3
100,11,89,50,0.25,11,89
200,11,172,100,0.5,28,172
2000,11,1790,1000,5.0,210,1790
10000,11,8908,6079,30.39,1092,8908
20000,11,17904,6079,30.39,2096,17904
40000,11,35899,6079,30.39,4101,35899
60000,11,53948,6079,30.39,6052,53948
80000,11,71959,6079,30.39,8041,71959
100000,11,89941,6079,30.39,10059,89941
2,12,2,1,0.01,0,2
3,12,2,1,0.01,1,2
100,12,91,50,0.25,9,91
200,12,179,100,0.5,21,179
2000,12,1791,1000,5.0,209,1791
10000,12,8937,8923,44.62,1063,8937
20000,12,17851,18923,94.61,2149,17851
40000,12,35801,38923,194.61,4199,35801
60000,12,53714,58923,294.61,6286,53714
80000,12,71614,78923,394.61,8386,71614
100000,12,89523,98923,494.61,10477,89523
2,13,1,1,0.01,1,1
3,13,1,1,0.01,2,1
100,13,91,50,0.25,9,91
200,13,179,100,0.5,21,179
2000,13,1779,1000,5.0,221,1779
10000,13,8900,9000,45.0,1100,8900
20000,13,17825,19000,95.0,2175,17825
40000,13,35790,39000,195.0,4210,35790
60000,13,53692,59000,295.0,6308,53692
80000,13,71587,79000,395.0,8413,71587
100000,13,89515,99000,495.0,10485,89515
2,14,2,1,0.01,0,2
3,14,3,1,0.01,0,3
100,14,88,50,0.25,12,88
200,14,177,100,0.5,23,177
2000,14,1806,1000,5.0,194,1806
10000,14,9019,1000,5.0,981,9019
20000,14,18009,1000,5.0,1991,18009
40000,14,35950,1000,5.0,4050,35950
60000,14,53943,1000,5.0,6057,53943
80000,14,71881,1000,5.0,8119,71881
100000,14,89928,1000,5.0,10072,89928
2,15,2,1,0.01,0,2
3,15,3,1,0.01,0,3
100,15,93,50,0.25,7,93
200,15,182,100,0.5,18,182
2000,15,1780,1000,5.0,220,1780
10000,15,8970,1048,5.24,1030,8970
20000,15,17969,1048,5.24,2031,17969
40000,15,36034,1048,5.24,3966,36034
60000,15,54111,1048,5.24,5889,54111
80000,15,72077,1048,5.24,7923,72077
100000,15,90064,1048,5.24,9936,90064
2,16,2,1,0.01,0,2
3,16,3,1,0.01,0,3
100,16,93,50,0.25,7,93
200,16,182,100,0.5,18,182
2000,16,1816,1000,5.0,184,1816
10000,16,9003,1381,6.9,997,9003
20000,16,18018,1381,6.9,1982,18018
40000,16,36027,1381,6.9,3973,36027
60000,16,54025,1381,6.9,5975,54025
80000,16,72105,1381,6.9,7895,72105
100000,16,90088,1381,6.9,9912,90088
2,17,1,1,0.01,1,1
3,17,1,1,0.01,2,1
100,17,86,50,0.25,14,86
200,17,177,100,0.5,23,177
2000,17,1782,1000,5.0,218,1782
10000,17,8988,1000,5.0,1012,8988
20000,17,17985,1000,5.0,2015,17985
40000,17,35921,1000,5.0,4079,35921
60000,17,53965,1000,5.0,6035,53965
80000,17,71936,1000,5.0,8064,71936
100000,17,89942,1000,5.0,10058,89942
2,18,2,1,0.01,0,2
3,18,3,1,0.01,0,3
100,18,89,50,0.25,11,89
200,18,178,100,0.5,22,178
2000,18,1823,1000,5.0,177,1823
10000,18,8998,8451,42.26,1002,8998
20000,18,17986,9979,49.9,2014,17986
40000,18,35925,11274,56.37,4075,35925
60000,18,53924,11592,57.96,6076,53924
80000,18,71953,11592,57.96,8047,71953
100000,18,89908,11592,57.96,10092,89908
2,19,1,1,0.01,1,1
3,19,2,1,0.01,1,2
100,19,91,50,0.25,9,91
200,19,184,100,0.5,16,184
2000,19,1800,1000,5.0,200,1800
10000,19,8994,1000,5.0,1006,8994
20000,19,18045,1000,5.0,1955,18045
40000,19,36079,1000,5.0,3921,36079
60000,19,54069,1000,5.0,5931,54069
80000,19,72020,1000,5.0,7980,72020
100000,19,89989,1000,5.0,10011,89989
2,20,2,1,0.01,0,2
3,20,3,1,0.01,0,3
100,20,89,50,0.25,11,89
200,20,182,100,0.5,18,182
2000,20,1806,1000,5.0,194,1806
10000,20,9090,1000,5.0,910,9090
20000,20,18115,1000,5.0,1885,18115
40000,20,36134,1000,5.0,3866,36134
60000,20,54086,1000,5.0,5914,54086
80000,20,72031,1000,5.0,7969,72031
100000,20,90074,1000,5.0,9926,90074
2,21,1,1,0.01,1,1
3,21,2,1,0.01,1,2
100,21,89,50,0.25,11,89
200,21,180,100,0.5,20,180
2000,21,1765,1000,5.0,235,1765
10000,21,8981,1000,5.0,1019,8981
20000,21,17991,1000,5.0,2009,17991
40000,21,36062,1000,5.0,3938,36062
60000,21,54044,1000,5.0,5956,54044
80000,21,72008,1000,5.0,7992,72008
100000,21,90010,1000,5.0,9990,90010
2,22,2,1,0.01,0,2
3,22,3,1,0.01,0,3
100,22,91,50,0.25,9,91
200,22,182,100,0.5,18,182
2000,22,1778,1000,5.0,222,1778
10000,22,8980,1000,5.0,1020,8980
20000,22,17978,1000,5.0,2022,17978
40000,22,35947,1000,5.0,4053,35947
60000,22,53935,1000,5.0,6065,53935
80000,22,71901,1000,5.0,8099,71901
100000,22,89868,1000,5.0,10132,89868
2,23,1,1,0.01,1,1
3,23,2,1,0.01,1,2
100,23,86,50,0.25,14,86
200,23,175,100,0.5,25,175
2000,23,1798,1000,5.0,202,1798
10000,23,9052,1000,5.0,948,9052
20000,23,18022,1000,5.0,1978,18022
40000,23,35964,1000,5.0,4036,35964
60000,23,53958,1000,5.0,6042,53958
80000,23,72047,1000,5.0,7953,72047
100000,23,90133,1000,5.0,9867,90133
2,24,2,1,0.01,0,2
3,24,3,1,0.01,0,3
100,24,89,50,0.25,11,89
200,24,185,100,0.5,15,185
2000,24,1806,1000,5.0,194,1806
10000,24,9014,1000,5.0,986,9014
20000,24,18033,1000,5.0,1967,18033
40000,24,36092,1000,5.0,3908,36092
60000,24,54103,1000,5.0,5897,54103
80000,24,72127,1000,5.0,7873,72127
100000,24,90090,1000,5.0,9910,90090
2,25,2,1,0.01,0,2
3,25,3,1,0.01,0,3
100,25,87,50,0.25,13,87
200,25,179,100,0.5,21,179
2000,25,1789,1000,5.0,211,1789
10000,25,8966,8837,44.19,1034,8966
20000,25,17941,18837,94.18,2059,17941
40000,25,35933,38837,194.18,4067,35933
60000,25,53858,58837,294.18,6142,53858
80000,25,71742,78837,394.18,8258,71742
100000,25,89643,98837,494.18,10357,89643
2,26,1,1,0.01,1,1
3,26,2,1,0.01,1,2
100,26,86,50,0.25,14,86
200,26,178,100,0.5,22,178
2000,26,1789,1000,5.0,211,1789
10000,26,9001,1031,5.15,999,9001
20000,26,18046,1031,5.15,1954,18046
40000,26,36040,1031,5.15,3960,36040
60000,26,54111,1031,5.15,5889,54111
80000,26,72042,1031,5.15,7958,72042
100000,26,90106,1031,5.15,9894,90106
2,27,2,1,0.01,0,2
3,27,3,1,0.01,0,3
100,27,92,50,0.25,8,92
200,27,183,100,0.5,17,183
2000,27,1794,1000,5.0,206,1794
10000,27,8976,1000,5.0,1024,8976
20000,27,18040,1000,5.0,1960,18040
40000,27,36085,1000,5.0,3915,36085
60000,27,54053,1000,5.0,5947,54053
80000,27,72033,1000,5.0,7967,72033
100000,27,89939,1000,5.0,10061,89939
2,28,2,1,0.01,0,2
3,28,3,1,0.01,0,3
100,28,91,50,0.25,9,91
200,28,180,100,0.5,20,180
2000,28,1786,1000,5.0,214,1786
10000,28,8987,1000,5.0,1013,8987
20000,28,17987,1000,5.0,2013,17987
40000,28,35988,1000,5.0,4012,35988
60000,28,53952,1000,5.0,6048,53952
80000,28,71975,1000,5.0,8025,71975
100000,28,90069,1000,5.0,9931,90069
2,29,2,1,0.01,0,2
3,29,3,1,0.01,0,3
100,29,92,50,0.25,8,92
200,29,187,100,0.5,13,187
2000,29,1794,1000,5.0,206,1794
10000,29,9000,1062,5.31,1000,9000
20000,29,18040,1062,5.31,1960,18040
40000,29,36012,1062,5.31,3988,36012
60000,29,54057,1062,5.31,5943,54057
80000,29,72018,1062,5.31,7982,72018
100000,29,90021,1062,5.31,9979,90021
2,30,1,1,0.01,1,1
3,30,2,1,0.01,1,2
100,30,88,50,0.25,12,88
200,30,181,100,0.5,19,181
2000,30,1788,1000,5.0,212,1788
10000,30,8937,9000,45.0,1063,8937
20000,30,17875,19000,95.0,2125,17875
40000,30,35831,39000,195.0,4169,35831
60000,30,53763,59000,295.0,6237,53763
80000,30,71608,79000,395.0,8392,71608
100000,30,89465,99000,495.0,10535,89465
2,31,2,1,0.01,0,2
3,31,3,1,0.01,0,3
100,31,92,50,0.25,8,92
200,31,186,100,0.5,14,186
2000,31,1817,1000,5.0,183,1817
10000,31,8972,4846,24.23,1028,8972
20000,31,17914,4846,24.23,2086,17914
40000,31,35881,4846,24.23,4119,35881
60000,31,53800,4846,24.23,6200,53800
80000,31,71826,4846,24.23,8174,71826
100000,31,89881,4846,24.23,10119,89881
2,32,2,1,0.01,0,2
3,32,3,1,0.01,0,3
100,32,90,50,0.25,10,90
200,32,182,100,0.5,18,182
2000,32,1825,1000,5.0,175,1825
10000,32,9049,1718,8.59,951,9049
20000,32,17998,2207,11.04,2002,17998
40000,32,36043,2207,11.04,3957,36043
60000,32,54089,2207,11.04,5911,54089
80000,32,72152,2207,11.04,7848,72152
100000,32,90110,2207,11.04,9890,90110
2,33,2,1,0.01,0,2
3,33,2,1,0.01,1,2
100,33,87,50,0.25,13,87
200,33,176,100,0.5,24,176
2000,33,1796,1000,5.0,204,1796
10000,33,9016,1000,5.0,984,9016
20000,33,17972,1000,5.0,2028,17972
40000,33,36007,1000,5.0,3993,36007
60000,33,54028,1000,5.0,5972,54028
80000,33,72081,1000,5.0,7919,72081
100000,33,90039,1000,5.0,9961,90039
2,34,2,1,0.01,0,2
3,34,3,1,0.01,0,3
100,34,88,50,0.25,12,88
200,34,179,100,0.5,21,179
2000,34,1772,1000,5.0,228,1772
10000,34,9014,1000,5.0,986,9014
20000,34,18047,1000,5.0,1953,18047
40000,34,36019,1000,5.0,3981,36019
60000,34,54018,1000,5.0,5982,54018
80000,34,72019,1000,5.0,7981,72019
100000,34,90034,1000,5.0,9966,90034
2,35,1,1,0.01,1,1
3,35,2,1,0.01,1,2
100,35,88,50,0.25,12,88
200,35,177,100,0.5,23,177
2000,35,1806,1000,5.0,194,1806
10000,35,8952,8855,44.28,1048,8952
20000,35,17892,18855,94.27,2108,17892
40000,35,35799,28433,142.16,4201,35799
60000,35,53768,28433,142.16,6232,53768
80000,35,71806,28433,142.16,8194,71806
100000,35,89845,28433,142.16,10155,89845
2,36,2,1,0.01,0,2
3,36,3,1,0.01,0,3
100,36,88,50,0.25,12,88
200,36,178,100,0.5,22,178
2000,36,1792,1000,5.0,208,1792
10000,36,9042,1000,5.0,958,9042
20000,36,18009,1000,5.0,1991,18009
40000,36,36003,1000,5.0,3997,36003
60000,36,53972,1000,5.0,6028,53972
80000,36,72017,1000,5.0,7983,72017
100000,36,89911,1000,5.0,10089,89911
2,37,1,1,0.01,1,1
3,37,2,1,0.01,1,2
100,37,86,50,0.25,14,86
200,37,176,100,0.5,24,176
2000,37,1788,1000,5.0,212,1788
10000,37,9019,1120,5.6,981,9019
20000,37,18019,1120,5.6,1981,18019
40000,37,36028,1120,5.6,3972,36028
60000,37,54050,1120,5.6,5950,54050
80000,37,72068,1120,5.6,7932,72068
100000,37,90121,1120,5.6,9879,90121
2,38,2,1,0.01,0,2
3,38,3,1,0.01,0,3
100,38,91,50,0.25,9,91
200,38,185,100,0.5,15,185
2000,38,1791,1000,5.0,209,1791
10000,38,9000,1000,5.0,1000,9000
20000,38,17965,1000,5.0,2035,17965
40000,38,36025,1000,5.0,3975,36025
60000,38,54014,1000,5.0,5986,54014
80000,38,72083,1000,5.0,7917,72083
100000,38,90077,1000,5.0,9923,90077
2,39,2,1,0.01,0,2
3,39,3,1,0.01,0,3
100,39,82,50,0.25,18,82
200,39,166,100,0.5,34,166
2000,39,1778,1000,5.0,222,1778
10000,39,8992,1000,5.0,1008,8992
20000,39,18001,1000,5.0,1999,18001
40000,39,36066,1000,5.0,3934,36066
60000,39,54028,1000,5.0,5972,54028
80000,39,72048,1000,5.0,7952,72048
100000,39,89978,1000,5.0,10022,89978
2,40,2,1,0.01,0,2
3,40,3,1,0.01,0,3
100,40,89,50,0.25,11,89
200,40,183,100,0.5,17,183
2000,40,1797,1000,5.0,203,1797
10000,40,9030,1000,5.0,970,9030
20000,40,18034,1000,5.0,1966,18034
40000,40,36099,1000,5.0,3901,36099
60000,40,54109,1000,5.0,5891,54109
80000,40,72174,1000,5.0,7826,72174
100000,40,90163,1000,5.0,9837,90163
2,41,2,1,0.01,0,2
3,41,3,1,0.01,0,3
100,41,92,50,0.25,8,92
200,41,185,100,0.5,15,185
2000,41,1817,1000,5.0,183,1817
10000,41,8981,8891,44.46,1019,8981
20000,41,17968,18891,94.45,2032,17968
40000,41,35897,38891,194.45,4103,35897
60000,41,53813,58891,294.45,6187,53813
80000,41,71751,78891,394.45,8249,71751
100000,41,89719,98891,494.45,10281,89719
2,42,2,1,0.01,0,2
3,42,3,1,0.01,0,3
100,42,91,50,0.25,9,91
200,42,181,100,0.5,19,181
2000,42,1804,1000,5.0,196,1804
10000,42,8999,1003,5.01,1001,8999
20000,42,17990,1218,6.09,2010,17990
40000,42,35963,1218,6.09,4037,35963
60000,42,53908,1218,6.09,6092,53908
80000,42,71849,1485,7.42,8151,71849
100000,42,89896,1485,7.42,10104,89896
2,43,2,1,0.01,0,2
3,43,2,1,0.01,1,2
100,43,94,50,0.25,6,94
200,43,184,100,0.5,16,184
2000,43,1826,1000,5.0,174,1826
10000,43,9021,1253,6.26,979,9021
20000,43,18035,1253,6.26,1965,18035
40000,43,36010,1253,6.26,3990,36010
60000,43,54071,1253,6.26,5929,54071
80000,43,72078,1253,6.26,7922,72078
100000,43,90018,1253,6.26,9982,90018
2,44,2,1,0.01,0,2
3,44,3,1,0.01,0,3
100,44,89,50,0.25,11,89
200,44,181,100,0.5,19,181
2000,44,1782,1000,5.0,218,1782
10000,44,8930,9000,45.0,1070,8930
20000,44,17870,19000,95.0,2130,17870
40000,44,35717,39000,195.0,4283,35717
60000,44,53573,59000,295.0,6427,53573
80000,44,71515,79000,395.0,8485,71515
100000,44,89444,99000,495.0,10556,89444
2,45,2,1,0.01,0,2
3,45,3,1,0.01,0,3
100,45,90,50,0.25,10,90
200,45,183,100,0.5,17,183
2000,45,1789,1000,5.0,211,1789
10000,45,8961,1000,5.0,1039,8961
20000,45,17987,1000,5.0,2013,17987
40000,45,35982,1000,5.0,4018,35982
60000,45,53952,1000,5.0,6048,53952
80000,45,71964,1000,5.0,8036,71964
100000,45,90019,1000,5.0,9981,90019
2,46,1,1,0.01,1,1
3,46,2,1,0.01,1,2
100,46,86,50,0.25,14,86
200,46,172,100,0.5,28,172
2000,46,1754,1000,5.0,246,1754
10000,46,8947,1002,5.01,1053,8947
20000,46,17919,1002,5.01,2081,17919
40000,46,35926,1002,5.01,4074,35926
60000,46,53948,1002,5.01,6052,53948
80000,46,71923,1002,5.01,8077,71923
100000,46,89940,1002,5.01,10060,89940
2,47,2,1,0.01,0,2
3,47,3,1,0.01,0,3
100,47,91,50,0.25,9,91
200,47,178,100,0.5,22,178
2000,47,1785,1000,5.0,215,1785
10000,47,8963,1000,5.0,1037,8963
20000,47,17946,1000,5.0,2054,17946
40000,47,35886,1000,5.0,4114,35886
60000,47,53913,1000,5.0,6087,53913
80000,47,71945,1000,5.0,8055,71945
100000,47,89869,1000,5.0,10131,89869
2,48,1,1,0.01,1,1
3,48,2,1,0.01,1,2
100,48,91,50,0.25,9,91
200,48,173,100,0.5,27,173
2000,48,1780,1000,5.0,220,1780
10000,48,9043,1000,5.0,957,9043
20000,48,18051,1000,5.0,1949,18051
40000,48,36028,1000,5.0,3972,36028
60000,48,54027,1000,5.0,5973,54027
80000,48,71962,1000,5.0,8038,71962
100000,48,89990,1000,5.0,10010,89990
2,49,2,1,0.01,0,2
3,49,3,1,0.01,0,3
100,49,89,50,0.25,11,89
200,49,176,100,0.5,24,176
2000,49,1791,1000,5.0,209,1791
10000,49,9002,8485,42.43,998,9002
20000,49,17917,18485,92.42,2083,17917
40000,49,35747,38485,192.42,4253,35747
60000,49,53689,58485,292.42,6311,53689
80000,49,71507,78485,392.42,8493,71507
100000,49,89419,98485,492.42,10581,89419
2,50,2,1,0.01,0,2
3,50,3,1,0.01,0,3
100,50,85,50,0.25,15,85
200,50,173,100,0.5,27,173
2000,50,1784,1000,5.0,216,1784
10000,50,8954,9000,45.0,1046,8954
20000,50,17920,19000,95.0,2080,17920
40000,50,35710,39000,195.0,4290,35710
60000,50,53603,59000,295.0,6397,53603
80000,50,71613,79000,395.0,8387,71613
100000,50,89479,99000,495.0,10521,89479
2,51,2,1,0.01,0,2
3,51,3,1,0.01,0,3
100,51,88,50,0.25,12,88
200,51,178,100,0.5,22,178
2000,51,1790,1000,5.0,210,1790
10000,51,8953,9000,45.0,1047,8953
20000,51,17977,19000,95.0,2023,17977
40000,51,35792,39000,195.0,4208,35792
60000,51,53742,59000,295.0,6258,53742
80000,51,71621,79000,395.0,8379,71621
100000,51,89517,99000,495.0,10483,89517
2,52,2,1,0.01,0,2
3,52,3,1,0.01,0,3
100,52,89,50,0.25,11,89
200,52,177,100,0.5,23,177
2000,52,1802,1000,5.0,198,1802
10000,52,8920,9000,45.0,1080,8920
20000,52,17855,19000,95.0,2145,17855
40000,52,35761,39000,195.0,4239,35761
60000,52,53682,59000,295.0,6318,53682
80000,52,71582,79000,395.0,8418,71582
100000,52,89458,99000,495.0,10542,89458
2,53,2,1,0.01,0,2
3,53,2,1,0.01,1,2
100,53,87,50,0.25,13,87
200,53,177,100,0.5,23,177
2000,53,1786,1000,5.0,214,1786
10000,53,9011,1000,5.0,989,9011
20000,53,18016,1000,5.0,1984,18016
40000,53,36053,1000,5.0,3947,36053
60000,53,54060,1000,5.0,5940,54060
80000,53,72040,1000,5.0,7960,72040
100000,53,90015,1000,5.0,9985,90015
2,54,2,1,0.01,0,2
3,54,3,1,0.01,0,3
100,54,92,50,0.25,8,92
200,54,182,100,0.5,18,182
2000,54,1794,1000,5.0,206,1794
10000,54,8982,9000,45.0,1018,8982
20000,54,17882,19000,95.0,2118,17882
40000,54,35824,39000,195.0,4176,35824
60000,54,53669,59000,295.0,6331,53669
80000,54,71596,79000,395.0,8404,71596
100000,54,89410,99000,495.0,10590,89410
2,55,2,1,0.01,0,2
3,55,3,1,0.01,0,3
100,55,91,50,0.25,9,91
200,55,180,100,0.5,20,180
2000,55,1807,1000,5.0,193,1807
10000,55,9011,1000,5.0,989,9011
20000,55,17979,1004,5.02,2021,17979
40000,55,35990,1004,5.02,4010,35990
60000,55,53948,1004,5.02,6052,53948
80000,55,71980,1004,5.02,8020,71980
100000,55,89904,1004,5.02,10096,89904
2,56,2,1,0.01,0,2
3,56,3,1,0.01,0,3
100,56,95,50,0.25,5,95
200,56,185,100,0.5,15,185
2000,56,1819,1000,5.0,181,1819
10000,56,9019,1361,6.8,981,9019
20000,56,17974,6513,32.56,2026,17974
40000,56,35936,10861,54.31,4064,35936
60000,56,53948,10861,54.31,6052,53948
80000,56,71988,10861,54.31,8012,71988
100000,56,90022,10861,54.31,9978,90022
2,57,2,1,0.01,0,2
3,57,3,1,0.01,0,3
100,57,92,50,0.25,8,92
200,57,182,100,0.5,18,182
2000,57,1794,1000,5.0,206,1794
10000,57,8972,1000,5.0,1028,8972
20000,57,17956,1000,5.0,2044,17956
40000,57,35931,1000,5.0,4069,35931
60000,57,53913,1000,5.0,6087,53913
80000,57,71905,1000,5.0,8095,71905
100000,57,89933,1000,5.0,10067,89933
2,58,2,1,0.01,0,2
3,58,3,1,0.01,0,3
100,58,91,50,0.25,9,91
200,58,178,100,0.5,22,178
2000,58,1799,1000,5.0,201,1799
10000,58,9022,1000,5.0,978,9022
20000,58,17998,1000,5.0,2002,17998
40000,58,36025,1000,5.0,3975,36025
60000,58,54020,1000,5.0,5980,54020
80000,58,72029,1000,5.0,7971,72029
100000,58,90034,1000,5.0,9966,90034
2,59,2,1,0.01,0,2
3,59,3,1,0.01,0,3
100,59,87,50,0.25,13,87
200,59,175,100,0.5,25,175
2000,59,1787,1000,5.0,213,1787
10000,59,8965,1000,5.0,1035,8965
20000,59,17942,1000,5.0,2058,17942
40000,59,35993,1000,5.0,4007,35993
60000,59,54032,1000,5.0,5968,54032
80000,59,72037,1000,5.0,7963,72037
100000,59,90055,1000,5.0,9945,90055
2,60,1,1,0.01,1,1
3,60,2,1,0.01,1,2
100,60,87,50,0.25,13,87
200,60,178,100,0.5,22,178
2000,60,1807,1000,5.0,193,1807
10000,60,8995,1000,5.0,1005,8995
20000,60,17983,1000,5.0,2017,17983
40000,60,35938,1000,5.0,4062,35938
60000,60,53878,1000,5.0,6122,53878
80000,60,71946,1000,5.0,8054,71946
100000,60,89949,1000,5.0,10051,89949
2,61,2,1,0.01,0,2
3,61,3,1,0.01,0,3
100,61,90,50,0.25,10,90
200,61,182,100,0.5,18,182
2000,61,1799,1000,5.0,201,1799
10000,61,8946,7690,38.45,1054,8946
20000,61,17875,17690,88.45,2125,17875
40000,61,35763,37690,188.45,4237,35763
60000,61,53649,57690,288.45,6351,53649
80000,61,71560,77690,388.45,8440,71560
100000,61,89571,97690,488.45,10429,89571
2,62,2,1,0.01,0,2
3,62,3,1,0.01,0,3
100,62,89,50,0.25,11,89
200,62,179,100,0.5,21,179
2000,62,1796,1000,5.0,204,1796
10000,62,9004,8841,44.21,996,9004
20000,62,17984,18841,94.2,2016,17984
40000,62,35950,38841,194.2,4050,35950
60000,62,53867,58841,294.2,6133,53867
80000,62,71771,78841,394.2,8229,71771
100000,62,89744,98841,494.2,10256,89744
2,63,1,1,0.01,1,1
3,63,2,1,0.01,1,2
100,63,87,50,0.25,13,87
200,63,167,100,0.5,33,167
2000,63,1806,1000,5.0,194,1806
10000,63,8984,6738,33.69,1016,8984
20000,63,17948,7653,38.27,2052,17948
40000,63,35939,7653,38.27,4061,35939
60000,63,54026,7653,38.27,5974,54026
80000,63,72031,7653,38.27,7969,72031
100000,63,90056,7653,38.27,9944,90056
2,64,2,1,0.01,0,2
3,64,3,1,0.01,0,3
100,64,92,50,0.25,8,92
200,64,181,100,0.5,19,181
2000,64,1819,1000,5.0,181,1819
10000,64,9002,1232,6.16,998,9002
20000,64,17970,1232,6.16,2030,17970
40000,64,35913,1232,6.16,4087,35913
60000,64,53932,1232,6.16,6068,53932
80000,64,71942,1232,6.16,8058,71942
100000,64,89879,1232,6.16,10121,89879
2,65,1,1,0.01,1,1
3,65,2,1,0.01,1,2
100,65,88,50,0.25,12,88
200,65,178,100,0.5,22,178
2000,65,1798,1000,5.0,202,1798
10000,65,9009,1000,5.0,991,9009
20000,65,18032,1000,5.0,1968,18032
40000,65,36058,1000,5.0,3942,36058
60000,65,54097,1000,5.0,5903,54097
80000,65,72082,1000,5.0,7918,72082
100000,65,90067,1000,5.0,9933,90067
2,66,2,1,0.01,0,2
3,66,3,1,0.01,0,3
100,66,86,50,0.25,14,86
200,66,173,100,0.5,27,173
2000,66,1784,1000,5.0,216,1784
10000,66,9004,1000,5.0,996,9004
20000,66,18001,1000,5.0,1999,18001
40000,66,35963,1000,5.0,4037,35963
60000,66,53965,1000,5.0,6035,53965
80000,66,71968,1000,5.0,8032,71968
100000,66,89971,1000,5.0,10029,89971
2,67,2,1,0.01,0,2
3,67,3,1,0.01,0,3
100,67,87,50,0.25,13,87
200,67,180,100,0.5,20,180
2000,67,1790,1000,5.0,210,1790
10000,67,8952,9000,45.0,1048,8952
20000,67,17901,19000,95.0,2099,17901
40000,67,35694,39000,195.0,4306,35694
60000,67,53573,59000,295.0,6427,53573
80000,67,71381,79000,395.0,8619,71381
100000,67,89274,99000,495.0,10726,89274
2,68,2,1,0.01,0,2
3,68,3,1,0.01,0,3
100,68,88,50,0.25,12,88
200,68,177,100,0.5,23,177
2000,68,1785,1000,5.0,215,1785
10000,68,8952,9000,45.0,1048,8952
20000,68,17894,19000,95.0,2106,17894
40000,68,35890,39000,195.0,4110,35890
60000,68,53834,59000,295.0,6166,53834
80000,68,71756,79000,395.0,8244,71756
100000,68,89573,99000,495.0,10427,89573
2,69,2,1,0.01,0,2
3,69,3,1,0.01,0,3
100,69,92,50,0.25,8,92
200,69,178,100,0.5,22,178
2000,69,1788,1000,5.0,212,1788
10000,69,8991,1123,5.61,1009,8991
20000,69,17981,1123,5.61,2019,17981
40000,69,36002,1123,5.61,3998,36002
60000,69,54078,1123,5.61,5922,54078
80000,69,72096,1123,5.61,7904,72096
100000,69,90101,1123,5.61,9899,90101
2,70,2,1,0.01,0,2
3,70,3,1,0.01,0,3
100,70,90,50,0.25,10,90
200,70,179,100,0.5,21,179
2000,70,1777,1000,5.0,223,1777
10000,70,8967,1000,5.0,1033,8967
20000,70,18012,1000,5.0,1988,18012
40000,70,36054,1000,5.0,3946,36054
60000,70,54071,1000,5.0,5929,54071
80000,70,72058,1000,5.0,7942,72058
100000,70,90118,1000,5.0,9882,90118
2,71,2,1,0.01,0,2
3,71,3,1,0.01,0,3
100,71,86,50,0.25,14,86
200,71,178,100,0.5,22,178
2000,71,1797,1000,5.0,203,1797
10000,71,8983,1000,5.0,1017,8983
20000,71,17956,1000,5.0,2044,17956
40000,71,35951,1000,5.0,4049,35951
60000,71,53928,1000,5.0,6072,53928
80000,71,72004,1000,5.0,7996,72004
100000,71,90024,1000,5.0,9976,90024
2,72,2,1,0.01,0,2
3,72,3,1,0.01,0,3
100,72,89,50,0.25,11,89
200,72,179,100,0.5,21,179
2000,72,1795,1000,5.0,205,1795
10000,72,8976,1265,6.32,1024,8976
20000,72,18037,1265,6.32,1963,18037
40000,72,36089,1265,6.32,3911,36089
60000,72,54109,1265,6.32,5891,54109
80000,72,72189,1265,6.32,7811,72189
100000,72,90107,1265,6.32,9893,90107
2,73,2,1,0.01,0,2
3,73,3,1,0.01,0,3
100,73,90,50,0.25,10,90
200,73,182,100,0.5,18,182
2000,73,1796,1000,5.0,204,1796
10000,73,8982,1000,5.0,1018,8982
20000,73,17926,1000,5.0,2074,17926
40000,73,36003,1000,5.0,3997,36003
60000,73,53987,1000,5.0,6013,53987
80000,73,72055,1000,5.0,7945,72055
100000,73,90127,1000,5.0,9873,90127
2,74,0,1,0.01,2,0
3,74,1,1,0.01,2,1
100,74,86,50,0.25,14,86
200,74,173,100,0.5,27,173
2000,74,1813,1000,5.0,187,1813
10000,74,9001,4201,21.01,999,9001
20000,74,18041,4201,21.01,1959,18041
40000,74,36026,4201,21.01,3974,36026
60000,74,54025,4201,21.01,5975,54025
80000,74,72099,4201,21.01,7901,72099
100000,74,90088,4201,21.01,9912,90088
2,75,2,1,0.01,0,2
3,75,3,1,0.01,0,3
100,75,88,50,0.25,12,88
200,75,182,100,0.5,18,182
2000,75,1824,1000,5.0,176,1824
10000,75,9023,1157,5.78,977,9023
20000,75,18012,1164,5.82,1988,18012
40000,75,35985,1175,5.87,4015,35985
60000,75,53964,1175,5.87,6036,53964
80000,75,71893,1175,5.87,8107,71893
100000,75,89829,1175,5.87,10171,89829
2,76,2,1,0.01,0,2
3,76,3,1,0.01,0,3
100,76,88,50,0.25,12,88
200,76,177,100,0.5,23,177
2000,76,1810,1000,5.0,190,1810
10000,76,8953,3788,18.94,1047,8953
20000,76,17966,3788,18.94,2034,17966
40000,76,35990,3788,18.94,4010,35990
60000,76,53948,3788,18.94,6052,53948
80000,76,72025,3788,18.94,7975,72025
100000,76,90021,3788,18.94,9979,90021
2,77,2,1,0.01,0,2
3,77,3,1,0.01,0,3
100,77,90,50,0.25,10,90
200,77,186,100,0.5,14,186
2000,77,1807,1000,5.0,193,1807
10000,77,9039,1000,5.0,961,9039
20000,77,18041,1000,5.0,1959,18041
40000,77,36042,1150,5.75,3958,36042
60000,77,54038,1150,5.75,5962,54038
80000,77,72087,1150,5.75,7913,72087
100000,77,90096,1150,5.75,9904,90096
2,78,2,1,0.01,0,2
3,78,3,1,0.01,0,3
100,78,93,50,0.25,7,93
200,78,180,100,0.5,20,180
2000,78,1799,1000,5.0,201,1799
10000,78,8987,1000,5.0,1013,8987
20000,78,17939,1000,5.0,2061,17939
40000,78,35901,1000,5.0,4099,35901
60000,78,53890,1000,5.0,6110,53890
80000,78,71835,1000,5.0,8165,71835
100000,78,89815,1000,5.0,10185,89815
2,79,1,1,0.01,1,1
3,79,2,1,0.01,1,2
100,79,89,50,0.25,11,89
200,79,177,100,0.5,23,177
2000,79,1806,1000,5.0,194,1806
10000,79,8979,3210,16.05,1021,8979
20000,79,17959,10670,53.35,2041,17959
40000,79,35815,30645,153.22,4185,35815
60000,79,53658,49356,246.78,6342,53658
80000,79,71621,59728,298.64,8379,71621
100000,79,89586,59728,298.64,10414,89586
2,80,2,1,0.01,0,2
3,80,3,1,0.01,0,3
100,80,92,50,0.25,8,92
200,80,183,100,0.5,17,183
2000,80,1788,1000,5.0,212,1788
10000,80,8990,1000,5.0,1010,8990
20000,80,18002,1000,5.0,1998,18002
40000,80,35975,1000,5.0,4025,35975
60000,80,54000,1000,5.0,6000,54000
80000,80,71974,1000,5.0,8026,71974
100000,80,89946,1000,5.0,10054,89946
2,81,2,1,0.01,0,2
3,81,3,1,0.01,0,3
100,81,91,50,0.25,9,91
200,81,184,100,0.5,16,184
2000,81,1780,1000,5.0,220,1780
10000,81,8943,1000,5.0,1057,8943
20000,81,17982,1000,5.0,2018,17982
40000,81,35983,1000,5.0,4017,35983
60000,81,53981,1000,5.0,6019,53981
80000,81,72022,1000,5.0,7978,72022
100000,81,90036,1000,5.0,9964,90036
2,82,2,1,0.01,0,2
3,82,3,1,0.01,0,3
100,82,87,50,0.25,13,87
200,82,184,100,0.5,16,184
2000,82,1807,1000,5.0,193,1807
10000,82,9042,1000,5.0,958,9042
20000,82,18069,1000,5.0,1931,18069
40000,82,36111,1000,5.0,3889,36111
60000,82,54142,1000,5.0,5858,54142
80000,82,72182,1000,5.0,7818,72182
100000,82,90186,1000,5.0,9814,90186
2,83,2,1,0.01,0,2
3,83,3,1,0.01,0,3
100,83,92,50,0.25,8,92
200,83,183,100,0.5,17,183
2000,83,1786,1000,5.0,214,1786
10000,83,8980,1021,5.1,1020,8980
20000,83,17962,1021,5.1,2038,17962
40000,83,36027,1021,5.1,3973,36027
60000,83,54069,1021,5.1,5931,54069
80000,83,72046,1021,5.1,7954,72046
100000,83,90051,1021,5.1,9949,90051
2,84,2,1,0.01,0,2
3,84,3,1,0.01,0,3
100,84,88,50,0.25,12,88
200,84,179,100,0.5,21,179
2000,84,1773,1000,5.0,227,1773
10000,84,8924,9000,45.0,1076,8924
20000,84,17857,19000,95.0,2143,17857
40000,84,35748,39000,195.0,4252,35748
60000,84,53669,59000,295.0,6331,53669
80000,84,71549,79000,395.0,8451,71549
100000,84,89502,99000,495.0,10498,89502
2,85,2,1,0.01,0,2
3,85,3,1,0.01,0,3
100,85,87,50,0.25,13,87
200,85,175,100,0.5,25,175
2000,85,1771,1000,5.0,229,1771
10000,85,8956,1000,5.0,1044,8956
20000,85,17971,1000,5.0,2029,17971
40000,85,35935,1000,5.0,4065,35935
60000,85,53941,1000,5.0,6059,53941
80000,85,72021,1000,5.0,7979,72021
100000,85,90061,1000,5.0,9939,90061
2,86,2,1,0.01,0,2
3,86,3,1,0.01,0,3
100,86,92,50,0.25,8,92
200,86,180,100,0.5,20,180
2000,86,1775,1000,5.0,225,1775
10000,86,8961,1000,5.0,1039,8961
20000,86,17967,1000,5.0,2033,17967
40000,86,36013,1000,5.0,3987,36013
60000,86,54027,1000,5.0,5973,54027
80000,86,72016,1000,5.0,7984,72016
100000,86,90012,1000,5.0,9988,90012
2,87,2,1,0.01,0,2
3,87,3,1,0.01,0,3
100,87,91,50,0.25,9,91
200,87,182,100,0.5,18,182
2000,87,1804,1000,5.0,196,1804
10000,87,9008,1274,6.37,992,9008
20000,87,18023,1274,6.37,1977,18023
40000,87,36005,1274,6.37,3995,36005
60000,87,54059,1274,6.37,5941,54059
80000,87,72058,1274,6.37,7942,72058
100000,87,90113,1274,6.37,9887,90113
2,88,1,1,0.01,1,1
3,88,2,1,0.01,1,2
100,88,91,50,0.25,9,91
200,88,177,100,0.5,23,177
2000,88,1790,1000,5.0,210,1790
10000,88,8958,1323,6.61,1042,8958
20000,88,17945,1323,6.61,2055,17945
40000,88,35984,1323,6.61,4016,35984
60000,88,54001,1323,6.61,5999,54001
80000,88,72029,1323,6.61,7971,72029
100000,88,89983,1323,6.61,10017,89983
2,89,2,1,0.01,0,2
3,89,3,1,0.01,0,3
100,89,90,50,0.25,10,90
200,89,176,100,0.5,24,176
2000,89,1785,1000,5.0,215,1785
10000,89,9041,1000,5.0,959,9041
20000,89,18062,1000,5.0,1938,18062
40000,89,36054,1000,5.0,3946,36054
60000,89,54025,1000,5.0,5975,54025
80000,89,71957,1000,5.0,8043,71957
100000,89,89997,1000,5.0,10003,89997
2,90,2,1,0.01,0,2
3,90,3,1,0.01,0,3
100,90,88,50,0.25,12,88
200,90,179,100,0.5,21,179
2000,90,1791,1000,5.0,209,1791
10000,90,9021,9000,45.0,979,9021
20000,90,17923,19000,95.0,2077,17923
40000,90,35825,39000,195.0,4175,35825
60000,90,53745,59000,295.0,6255,53745
80000,90,71661,79000,395.0,8339,71661
100000,90,89612,99000,495.0,10388,89612
2,91,2,1,0.01,0,2
3,91,3,1,0.01,0,3
100,91,91,50,0.25,9,91
200,91,179,100,0.5,21,179
2000,91,1800,1000,5.0,200,1800
10000,91,8936,6241,31.2,1064,8936
20000,91,17935,6241,31.2,2065,17935
40000,91,35878,6241,31.2,4122,35878
60000,91,53817,6241,31.2,6183,53817
80000,91,71785,6241,31.2,8215,71785
100000,91,89771,6241,31.2,10229,89771
2,92,2,1,0.01,0,2
3,92,3,1,0.01,0,3
100,92,93,50,0.25,7,93
200,92,183,100,0.5,17,183
2000,92,1779,1000,5.0,221,1779
10000,92,8944,1000,5.0,1056,8944
20000,92,17925,1000,5.0,2075,17925
40000,92,35895,1000,5.0,4105,35895
60000,92,53890,1000,5.0,6110,53890
80000,92,71881,1000,5.0,8119,71881
100000,92,89843,1000,5.0,10157,89843
2,93,2,1,0.01,0,2
3,93,3,1,0.01,0,3
100,93,93,50,0.25,7,93
200,93,182,100,0.5,18,182
2000,93,1802,1000,5.0,198,1802
10000,93,9030,1000,5.0,970,9030
20000,93,18006,1000,5.0,1994,18006
40000,93,35880,1000,5.0,4120,35880
60000,93,53862,1000,5.0,6138,53862
80000,93,71899,1000,5.0,8101,71899
100000,93,89914,1000,5.0,10086,89914
2,94,2,1,0.01,0,2
3,94,3,1,0.01,0,3
100,94,94,50,0.25,6,94
200,94,183,100,0.5,17,183
2000,94,1770,1000,5.0,230,1770
10000,94,8956,1000,5.0,1044,8956
20000,94,18009,1000,5.0,1991,18009
40000,94,35993,1000,5.0,4007,35993
60000,94,54001,1000,5.0,5999,54001
80000,94,71970,1000,5.0,8030,71970
100000,94,89974,1000,5.0,10026,89974
2,95,2,1,0.01,0,2
3,95,3,1,0.01,0,3
100,95,86,50,0.25,14,86
200,95,177,100,0.5,23,177
2000,95,1766,1000,5.0,234,1766
10000,95,8918,9000,45.0,1082,8918
20000,95,17811,19000,95.0,2189,17811
40000,95,35670,39000,195.0,4330,35670
60000,95,53512,59000,295.0,6488,53512
80000,95,71391,79000,395.0,8609,71391
100000,95,89250,99000,495.0,10750,89250
2,96,2,1,0.01,0,2
3,96,3,1,0.01,0,3
100,96,87,50,0.25,13,87
200,96,180,100,0.5,20,180
2000,96,1792,1000,5.0,208,1792
10000,96,8912,8805,44.03,1088,8912
20000,96,17855,11422,57.11,2145,17855
40000,96,35847,11422,57.11,4153,35847
60000,96,53885,11422,57.11,6115,53885
80000,96,71891,11422,57.11,8109,71891
100000,96,89871,11422,57.11,10129,89871
2,97,2,1,0.01,0,2
3,97,3,1,0.01,0,3
100,97,95,50,0.25,5,95
200,97,183,100,0.5,17,183
2000,97,1807,1000,5.0,193,1807
10000,97,9010,4750,23.75,990,9010
20000,97,18057,4750,23.75,1943,18057
40000,97,36035,4750,23.75,3965,36035
60000,97,54012,4750,23.75,5988,54012
80000,97,72038,4750,23.75,7962,72038
100000,97,90120,4750,23.75,9880,90120
2,98,2,1,0.01,0,2
3,98,3,1,0.01,0,3
100,98,93,50,0.25,7,93
200,98,185,100,0.5,15,185
2000,98,1801,1000,5.0,199,1801
10000,98,8992,1348,6.74,1008,8992
20000,98,17933,1348,6.74,2067,17933
40000,98,35914,1348,6.74,4086,35914
60000,98,53962,1348,6.74,6038,53962
80000,98,71980,1348,6.74,8020,71980
100000,98,89934,1348,6.74,10066,89934
2,99,2,1,0.01,0,2
3,99,3,1,0.01,0,3
100,99,93,50,0.25,7,93
200,99,186,100,0.5,14,186
2000,99,1800,1000,5.0,200,1800
10000,99,8997,8801,44.01,1003,8997
20000,99,17974,18801,94.0,2026,17974
40000,99,35955,38801,194.0,4045,35955
60000,99,53866,58801,294.0,6134,53866
80000,99,71700,78801,394.0,8300,71700
100000,99,89601,98801,494.0,10399,89601
2,100,1,1,0.01,1,1
3,100,1,1,0.01,2,1
100,100,90,50,0.25,10,90
200,100,183,100,0.5,17,183
2000,100,1818,1000,5.0,182,1818
10000,100,9004,2439,12.2,996,9004
20000,100,18033,2439,12.2,1967,18033
40000,100,36081,2439,12.2,3919,36081
60000,100,53996,2439,12.2,6004,53996
80000,100,72029,2439,12.2,7971,72029
100000,100,90044,2439,12.2,9956,90044
