Timestep,Iteration,Total Reward,Suboptimal Arms Count,Total Regret,Zeros Count,Ones Count
2,1,1,1,0.01,1,1
3,1,2,1,0.01,1,2
100,1,52,50,0.25,48,52
200,1,109,100,0.5,91,109
2000,1,999,1000,5.0,1001,999
10000,1,4982,9000,45.0,5018,4982
20000,1,9965,19000,95.0,10035,9965
40000,1,19834,39000,195.0,20166,19834
60000,1,29664,59000,295.0,30336,29664
80000,1,39510,79000,395.0,40490,39510
100000,1,49366,99000,495.0,50634,49366
2,2,1,1,0.01,1,1
3,2,1,1,0.01,2,1
100,2,42,50,0.25,58,42
200,2,88,100,0.5,112,88
2000,2,980,1000,5.0,1020,980
10000,2,5053,1000,5.0,4947,5053
20000,2,10039,1000,5.0,9961,10039
40000,2,20053,1000,5.0,19947,20053
60000,2,30072,1000,5.0,29928,30072
80000,2,40083,1000,5.0,39917,40083
100000,2,50204,1000,5.0,49796,50204
2,3,1,1,0.01,1,1
3,3,2,1,0.01,1,2
100,3,54,50,0.25,46,54
200,3,100,100,0.5,100,100
2000,3,1020,1000,5.0,980,1020
10000,3,5035,1254,6.27,4965,5035
20000,3,10030,1254,6.27,9970,10030
40000,3,20065,1254,6.27,19935,20065
60000,3,30110,1254,6.27,29890,30110
80000,3,40089,1254,6.27,39911,40089
100000,3,50030,1254,6.27,49970,50030
2,4,1,1,0.01,1,1
3,4,1,1,0.01,2,1
100,4,50,50,0.25,50,50
200,4,97,100,0.5,103,97
2000,4,1009,1000,5.0,991,1009
10000,4,4964,1333,6.66,5036,4964
20000,4,10029,1333,6.66,9971,10029
40000,4,19987,1333,6.66,20013,19987
60000,4,29986,1333,6.66,30014,29986
80000,4,39959,1333,6.66,40041,39959
100000,4,49971,1333,6.66,50029,49971
2,5,0,1,0.01,2,0
3,5,1,1,0.01,2,1
100,5,54,50,0.25,46,54
200,5,106,100,0.5,94,106
2000,5,1017,1000,5.0,983,1017
10000,5,5040,8904,44.52,4960,5040
20000,5,9988,18895,94.47,10012,9988
40000,5,19926,38892,194.46,20074,19926
60000,5,29787,58611,293.05,30213,29787
80000,5,39595,78598,392.99,40405,39595
100000,5,49523,98598,492.99,50477,49523
2,6,0,1,0.01,2,0
3,6,1,1,0.01,2,1
100,6,54,50,0.25,46,54
200,6,105,100,0.5,95,105
2000,6,979,1000,5.0,1021,979
10000,6,4967,1580,7.9,5033,4967
20000,6,9961,1580,7.9,10039,9961
40000,6,19957,1580,7.9,20043,19957
60000,6,30050,1580,7.9,29950,30050
80000,6,39959,1580,7.9,40041,39959
100000,6,49939,1580,7.9,50061,49939
2,7,2,1,0.01,0,2
3,7,3,1,0.01,0,3
100,7,50,50,0.25,50,50
200,7,99,100,0.5,101,99
2000,7,1007,1000,5.0,993,1007
10000,7,5011,1000,5.0,4989,5011
20000,7,9968,1000,5.0,10032,9968
40000,7,19978,1000,5.0,20022,19978
60000,7,29929,1000,5.0,30071,29929
80000,7,40007,1000,5.0,39993,40007
100000,7,50111,1000,5.0,49889,50111
2,8,1,1,0.01,1,1
3,8,2,1,0.01,1,2
100,8,52,50,0.25,48,52
200,8,102,100,0.5,98,102
2000,8,1016,1000,5.0,984,1016
10000,8,4979,7753,38.77,5021,4979
20000,8,9922,16975,84.87,10078,9922
40000,8,19702,36975,184.87,20298,19702
60000,8,29554,56975,284.87,30446,29554
80000,8,39479,76975,384.87,40521,39479
100000,8,49378,96975,484.87,50622,49378
2,9,2,1,0.01,0,2
3,9,2,1,0.01,1,2
100,9,61,50,0.25,39,61
200,9,105,100,0.5,95,105
2000,9,1021,1000,5.0,979,1021
10000,9,4965,6258,31.29,5035,4965
20000,9,9917,8806,44.03,10083,9917
40000,9,19891,8806,44.03,20109,19891
60000,9,29966,8806,44.03,30034,29966
80000,9,39948,8806,44.03,40052,39948
100000,9,49995,8806,44.03,50005,49995
2,10,2,1,0.01,0,2
3,10,3,1,0.01,0,3
100,10,53,50,0.25,47,53
200,10,110,100,0.5,90,110
2000,10,1039,1000,5.0,961,1039
10000,10,5031,2896,14.48,4969,5031
20000,10,10046,2896,14.48,9954,10046
40000,10,19864,3207,16.04,20136,19864
60000,10,29897,3225,16.13,30103,29897
80000,10,39889,3225,16.13,40111,39889
100000,10,49916,3225,16.13,50084,49916
2,11,0,1,0.01,2,0
3,11,1,1,0.01,2,1
100,11,46,50,0.25,54,46
200,11,93,100,0.5,107,93
2000,11,990,1000,5.0,1010,990
10000,11,5068,1000,5.0,4932,5068
20000,11,10075,1000,5.0,9925,10075
40000,11,19976,1000,5.0,20024,19976
60000,11,29934,1000,5.0,30066,29934
80000,11,39834,1000,5.0,40166,39834
100000,11,49856,1000,5.0,50144,49856
2,12,0,1,0.01,2,0
3,12,0,1,0.01,3,0
100,12,40,50,0.25,60,40
200,12,84,100,0.5,116,84
2000,12,985,1000,5.0,1015,985
10000,12,4923,1000,5.0,5077,4923
20000,12,9912,1000,5.0,10088,9912
40000,12,20039,1000,5.0,19961,20039
60000,12,30041,1000,5.0,29959,30041
80000,12,40143,1000,5.0,39857,40143
100000,12,50193,1000,5.0,49807,50193
2,13,1,1,0.01,1,1
3,13,2,1,0.01,1,2
100,13,51,50,0.25,49,51
200,13,107,100,0.5,93,107
2000,13,1020,1000,5.0,980,1020
10000,13,4965,1393,6.96,5035,4965
20000,13,10061,1393,6.96,9939,10061
40000,13,20081,1393,6.96,19919,20081
60000,13,30109,1393,6.96,29891,30109
80000,13,39998,1393,6.96,40002,39998
100000,13,49966,1393,6.96,50034,49966
2,14,0,1,0.01,2,0
3,14,0,1,0.01,3,0
100,14,46,50,0.25,54,46
200,14,101,100,0.5,99,101
2000,14,973,1000,5.0,1027,973
10000,14,4900,9000,45.0,5100,4900
20000,14,9900,19000,95.0,10100,9900
40000,14,19839,39000,195.0,20161,19839
60000,14,29793,59000,295.0,30207,29793
80000,14,39690,79000,395.0,40310,39690
100000,14,49529,99000,495.0,50471,49529
2,15,0,1,0.01,2,0
3,15,0,1,0.01,3,0
100,15,57,50,0.25,43,57
200,15,108,100,0.5,92,108
2000,15,997,1000,5.0,1003,997
10000,15,5021,1000,5.0,4979,5021
20000,15,9982,1000,5.0,10018,9982
40000,15,19999,1000,5.0,20001,19999
60000,15,29985,1000,5.0,30015,29985
80000,15,39915,1000,5.0,40085,39915
100000,15,50044,1000,5.0,49956,50044
2,16,0,1,0.01,2,0
3,16,0,1,0.01,3,0
100,16,49,50,0.25,51,49
200,16,96,100,0.5,104,96
2000,16,976,1000,5.0,1024,976
10000,16,4972,1000,5.0,5028,4972
20000,16,9999,1000,5.0,10001,9999
40000,16,19903,1000,5.0,20097,19903
60000,16,29821,1000,5.0,30179,29821
80000,16,39827,1000,5.0,40173,39827
100000,16,49824,1000,5.0,50176,49824
2,17,0,1,0.01,2,0
3,17,0,1,0.01,3,0
100,17,47,50,0.25,53,47
200,17,100,100,0.5,100,100
2000,17,995,1000,5.0,1005,995
10000,17,4921,1003,5.01,5079,4921
20000,17,9918,1003,5.01,10082,9918
40000,17,19792,1003,5.01,20208,19792
60000,17,29707,1003,5.01,30293,29707
80000,17,39846,1003,5.01,40154,39846
100000,17,49821,1003,5.01,50179,49821
2,18,2,1,0.01,0,2
3,18,2,1,0.01,1,2
100,18,45,50,0.25,55,45
200,18,97,100,0.5,103,97
2000,18,983,1000,5.0,1017,983
10000,18,4959,1000,5.0,5041,4959
20000,18,10035,1000,5.0,9965,10035
40000,18,19996,1000,5.0,20004,19996
60000,18,29955,1000,5.0,30045,29955
80000,18,40027,1000,5.0,39973,40027
100000,18,49960,1000,5.0,50040,49960
2,19,0,1,0.01,2,0
3,19,1,1,0.01,2,1
100,19,46,50,0.25,54,46
200,19,96,100,0.5,104,96
2000,19,965,1000,5.0,1035,965
10000,19,4996,1000,5.0,5004,4996
20000,19,10091,1000,5.0,9909,10091
40000,19,20089,1000,5.0,19911,20089
60000,19,29991,1000,5.0,30009,29991
80000,19,40035,1000,5.0,39965,40035
100000,19,50171,1000,5.0,49829,50171
2,20,0,1,0.01,2,0
3,20,0,1,0.01,3,0
100,20,55,50,0.25,45,55
200,20,101,100,0.5,99,101
2000,20,982,1000,5.0,1018,982
10000,20,4962,8972,44.86,5038,4962
20000,20,9923,18972,94.86,10077,9923
40000,20,19969,38972,194.86,20031,19969
60000,20,29955,58972,294.86,30045,29955
80000,20,39738,78972,394.86,40262,39738
100000,20,49686,98972,494.86,50314,49686
2,21,1,1,0.01,1,1
3,21,1,1,0.01,2,1
100,21,49,50,0.25,51,49
200,21,99,100,0.5,101,99
2000,21,979,1000,5.0,1021,979
10000,21,4994,9000,45.0,5006,4994
20000,21,9922,19000,95.0,10078,9922
40000,21,19840,39000,195.0,20160,19840
60000,21,29707,59000,295.0,30293,29707
80000,21,39537,79000,395.0,40463,39537
100000,21,49397,99000,495.0,50603,49397
2,22,0,1,0.01,2,0
3,22,1,1,0.01,2,1
100,22,43,50,0.25,57,43
200,22,94,100,0.5,106,94
2000,22,983,1000,5.0,1017,983
10000,22,4945,9000,45.0,5055,4945
20000,22,9902,19000,95.0,10098,9902
40000,22,19736,39000,195.0,20264,19736
60000,22,29732,59000,295.0,30268,29732
80000,22,39625,79000,395.0,40375,39625
100000,22,49581,99000,495.0,50419,49581
2,23,2,1,0.01,0,2
3,23,3,1,0.01,0,3
100,23,49,50,0.25,51,49
200,23,99,100,0.5,101,99
2000,23,1032,1000,5.0,968,1032
10000,23,5073,1000,5.0,4927,5073
20000,23,10075,1381,6.9,9925,10075
40000,23,20025,1919,9.6,19975,20025
60000,23,30224,1922,9.61,29776,30224
80000,23,40240,1922,9.61,39760,40240
100000,23,50214,1922,9.61,49786,50214
2,24,1,1,0.01,1,1
3,24,2,1,0.01,1,2
100,24,45,50,0.25,55,45
200,24,89,100,0.5,111,89
2000,24,1015,1000,5.0,985,1015
10000,24,4930,1264,6.32,5070,4930
20000,24,9881,10950,54.75,10119,9881
40000,24,19786,30950,154.75,20214,19786
60000,24,29689,50950,254.75,30311,29689
80000,24,39731,70950,354.75,40269,39731
100000,24,49694,90950,454.75,50306,49694
2,25,2,1,0.01,0,2
3,25,3,1,0.01,0,3
100,25,43,50,0.25,57,43
200,25,96,100,0.5,104,96
2000,25,995,1000,5.0,1005,995
10000,25,4984,1000,5.0,5016,4984
20000,25,9946,1000,5.0,10054,9946
40000,25,19910,1000,5.0,20090,19910
60000,25,29955,1000,5.0,30045,29955
80000,25,39830,1000,5.0,40170,39830
100000,25,49794,1000,5.0,50206,49794
2,26,2,1,0.01,0,2
3,26,2,1,0.01,1,2
100,26,49,50,0.25,51,49
200,26,94,100,0.5,106,94
2000,26,1012,1000,5.0,988,1012
10000,26,5033,1271,6.35,4967,5033
20000,26,10110,1271,6.35,9890,10110
40000,26,20263,1271,6.35,19737,20263
60000,26,30255,1271,6.35,29745,30255
80000,26,40305,1271,6.35,39695,40305
100000,26,50323,1271,6.35,49677,50323
2,27,1,1,0.01,1,1
3,27,2,1,0.01,1,2
100,27,53,50,0.25,47,53
200,27,96,100,0.5,104,96
2000,27,926,1000,5.0,1074,926
10000,27,4961,1000,5.0,5039,4961
20000,27,9973,1000,5.0,10027,9973
40000,27,19840,1000,5.0,20160,19840
60000,27,29821,1000,5.0,30179,29821
80000,27,39825,1000,5.0,40175,39825
100000,27,49799,1000,5.0,50201,49799
2,28,1,1,0.01,1,1
3,28,2,1,0.01,1,2
100,28,50,50,0.25,50,50
200,28,95,100,0.5,105,95
2000,28,998,1000,5.0,1002,998
10000,28,4945,1515,7.57,5055,4945
20000,28,10012,1515,7.57,9988,10012
40000,28,20024,1515,7.57,19976,20024
60000,28,30084,1515,7.57,29916,30084
80000,28,40080,1515,7.57,39920,40080
100000,28,50032,1515,7.57,49968,50032
2,29,1,1,0.01,1,1
3,29,1,1,0.01,2,1
100,29,51,50,0.25,49,51
200,29,98,100,0.5,102,98
2000,29,993,1000,5.0,1007,993
10000,29,4982,1000,5.0,5018,4982
20000,29,10019,1000,5.0,9981,10019
40000,29,19949,1000,5.0,20051,19949
60000,29,29866,1000,5.0,30134,29866
80000,29,39925,1000,5.0,40075,39925
100000,29,50004,1000,5.0,49996,50004
2,30,1,1,0.01,1,1
3,30,1,1,0.01,2,1
100,30,49,50,0.25,51,49
200,30,95,100,0.5,105,95
2000,30,1016,1000,5.0,984,1016
10000,30,5046,1098,5.49,4954,5046
20000,30,10064,1098,5.49,9936,10064
40000,30,20110,1098,5.49,19890,20110
60000,30,30179,1098,5.49,29821,30179
80000,30,40220,1098,5.49,39780,40220
100000,30,50215,1098,5.49,49785,50215
2,31,1,1,0.01,1,1
3,31,2,1,0.01,1,2
100,31,56,50,0.25,44,56
200,31,104,100,0.5,96,104
2000,31,1008,1000,5.0,992,1008
10000,31,5060,1003,5.01,4940,5060
20000,31,10015,1003,5.01,9985,10015
40000,31,20111,1003,5.01,19889,20111
60000,31,30118,1003,5.01,29882,30118
80000,31,40107,1003,5.01,39893,40107
100000,31,50091,1003,5.01,49909,50091
2,32,2,1,0.01,0,2
3,32,2,1,0.01,1,2
100,32,50,50,0.25,50,50
200,32,97,100,0.5,103,97
2000,32,987,1000,5.0,1013,987
10000,32,5007,9000,45.0,4993,5007
20000,32,10007,19000,95.0,9993,10007
40000,32,19946,39000,195.0,20054,19946
60000,32,29777,59000,295.0,30223,29777
80000,32,39729,79000,395.0,40271,39729
100000,32,49730,99000,495.0,50270,49730
2,33,1,1,0.01,1,1
3,33,1,1,0.01,2,1
100,33,53,50,0.25,47,53
200,33,99,100,0.5,101,99
2000,33,1003,1000,5.0,997,1003
10000,33,5031,1000,5.0,4969,5031
20000,33,10052,1000,5.0,9948,10052
40000,33,20016,1000,5.0,19984,20016
60000,33,29982,1000,5.0,30018,29982
80000,33,39907,1000,5.0,40093,39907
100000,33,50072,1000,5.0,49928,50072
2,34,2,1,0.01,0,2
3,34,3,1,0.01,0,3
100,34,54,50,0.25,46,54
200,34,102,100,0.5,98,102
2000,34,1003,1000,5.0,997,1003
10000,34,4978,8494,42.47,5022,4978
20000,34,9979,18494,92.47,10021,9979
40000,34,19946,38494,192.47,20054,19946
60000,34,29698,58494,292.47,30302,29698
80000,34,39486,78494,392.47,40514,39486
100000,34,49497,98494,492.47,50503,49497
2,35,1,1,0.01,1,1
3,35,1,1,0.01,2,1
100,35,50,50,0.25,50,50
200,35,101,100,0.5,99,101
2000,35,990,1000,5.0,1010,990
10000,35,4987,8143,40.72,5013,4987
20000,35,9882,18143,90.71,10118,9882
40000,35,19841,38143,190.71,20159,19841
60000,35,29816,58143,290.71,30184,29816
80000,35,39723,78143,390.71,40277,39723
100000,35,49671,98143,490.71,50329,49671
2,36,1,1,0.01,1,1
3,36,1,1,0.01,2,1
100,36,41,50,0.25,59,41
200,36,93,100,0.5,107,93
2000,36,983,1000,5.0,1017,983
10000,36,4944,9000,45.0,5056,4944
20000,36,9887,19000,95.0,10113,9887
40000,36,19687,39000,195.0,20313,19687
60000,36,29495,59000,295.0,30505,29495
80000,36,39443,79000,395.0,40557,39443
100000,36,49381,99000,495.0,50619,49381
2,37,1,1,0.01,1,1
3,37,1,1,0.01,2,1
100,37,45,50,0.25,55,45
200,37,90,100,0.5,110,90
2000,37,1002,1000,5.0,998,1002
10000,37,5017,1000,5.0,4983,5017
20000,37,10090,1000,5.0,9910,10090
40000,37,20093,1000,5.0,19907,20093
60000,37,30083,1000,5.0,29917,30083
80000,37,40109,1000,5.0,39891,40109
100000,37,49992,1000,5.0,50008,49992
2,38,1,1,0.01,1,1
3,38,2,1,0.01,1,2
100,38,48,50,0.25,52,48
200,38,92,100,0.5,108,92
2000,38,975,1000,5.0,1025,975
10000,38,4888,1000,5.0,5112,4888
20000,38,9959,1000,5.0,10041,9959
40000,38,20040,1000,5.0,19960,20040
60000,38,30091,1000,5.0,29909,30091
80000,38,40108,1000,5.0,39892,40108
100000,38,50036,1000,5.0,49964,50036
2,39,1,1,0.01,1,1
3,39,1,1,0.01,2,1
100,39,62,50,0.25,38,62
200,39,111,100,0.5,89,111
2000,39,989,1000,5.0,1011,989
10000,39,5013,1043,5.21,4987,5013
20000,39,10008,1043,5.21,9992,10008
40000,39,20039,1043,5.21,19961,20039
60000,39,30074,1043,5.21,29926,30074
80000,39,40012,1043,5.21,39988,40012
100000,39,50049,1043,5.21,49951,50049
2,40,1,1,0.01,1,1
3,40,1,1,0.01,2,1
100,40,44,50,0.25,56,44
200,40,93,100,0.5,107,93
2000,40,979,1000,5.0,1021,979
10000,40,5005,1000,5.0,4995,5005
20000,40,10038,1000,5.0,9962,10038
40000,40,20078,1000,5.0,19922,20078
60000,40,30104,1000,5.0,29896,30104
80000,40,40113,1000,5.0,39887,40113
100000,40,50049,1000,5.0,49951,50049
2,41,1,1,0.01,1,1
3,41,2,1,0.01,1,2
100,41,51,50,0.25,49,51
200,41,95,100,0.5,105,95
2000,41,988,1000,5.0,1012,988
10000,41,4897,9000,45.0,5103,4897
20000,41,9867,11949,59.75,10133,9867
40000,41,19845,11949,59.75,20155,19845
60000,41,29810,11949,59.75,30190,29810
80000,41,39819,11949,59.75,40181,39819
100000,41,49804,11949,59.75,50196,49804
2,42,0,1,0.01,2,0
3,42,1,1,0.01,2,1
100,42,55,50,0.25,45,55
200,42,110,100,0.5,90,110
2000,42,1009,1000,5.0,991,1009
10000,42,4925,2312,11.56,5075,4925
20000,42,9906,2312,11.56,10094,9906
40000,42,19890,2312,11.56,20110,19890
60000,42,29833,2312,11.56,30167,29833
80000,42,39922,2312,11.56,40078,39922
100000,42,49903,2312,11.56,50097,49903
2,43,0,1,0.01,2,0
3,43,0,1,0.01,3,0
100,43,45,50,0.25,55,45
200,43,96,100,0.5,104,96
2000,43,984,1000,5.0,1016,984
10000,43,4936,9000,45.0,5064,4936
20000,43,9867,19000,95.0,10133,9867
40000,43,19698,39000,195.0,20302,19698
60000,43,29635,59000,295.0,30365,29635
80000,43,39597,79000,395.0,40403,39597
100000,43,49429,99000,495.0,50571,49429
2,44,2,1,0.01,0,2
3,44,3,1,0.01,0,3
100,44,43,50,0.25,57,43
200,44,102,100,0.5,98,102
2000,44,971,1000,5.0,1029,971
10000,44,4911,1285,6.42,5089,4911
20000,44,10036,1285,6.42,9964,10036
40000,44,20143,1285,6.42,19857,20143
60000,44,30104,1285,6.42,29896,30104
80000,44,40068,1285,6.42,39932,40068
100000,44,50107,1285,6.42,49893,50107
2,45,1,1,0.01,1,1
3,45,1,1,0.01,2,1
100,45,47,50,0.25,53,47
200,45,97,100,0.5,103,97
2000,45,983,1000,5.0,1017,983
10000,45,4897,9000,45.0,5103,4897
20000,45,9807,19000,95.0,10193,9807
40000,45,19804,39000,195.0,20196,19804
60000,45,29721,59000,295.0,30279,29721
80000,45,39756,79000,395.0,40244,39756
100000,45,49648,99000,495.0,50352,49648
2,46,2,1,0.01,0,2
3,46,3,1,0.01,0,3
100,46,46,50,0.25,54,46
200,46,93,100,0.5,107,93
2000,46,975,1000,5.0,1025,975
10000,46,4985,9000,45.0,5015,4985
20000,46,9874,19000,95.0,10126,9874
40000,46,19823,39000,195.0,20177,19823
60000,46,29780,59000,295.0,30220,29780
80000,46,39781,79000,395.0,40219,39781
100000,46,49635,99000,495.0,50365,49635
2,47,1,1,0.01,1,1
3,47,1,1,0.01,2,1
100,47,46,50,0.25,54,46
200,47,92,100,0.5,108,92
2000,47,994,1000,5.0,1006,994
10000,47,4982,1000,5.0,5018,4982
20000,47,10011,1000,5.0,9989,10011
40000,47,20030,1000,5.0,19970,20030
60000,47,29959,1000,5.0,30041,29959
80000,47,39921,1000,5.0,40079,39921
100000,47,50081,1000,5.0,49919,50081
2,48,0,1,0.01,2,0
3,48,1,1,0.01,2,1
100,48,48,50,0.25,52,48
200,48,102,100,0.5,98,102
2000,48,1054,1000,5.0,946,1054
10000,48,5055,8662,43.31,4945,5055
20000,48,9999,18535,92.67,10001,9999
40000,48,19965,24599,122.99,20035,19965
60000,48,29938,24599,122.99,30062,29938
80000,48,39821,25280,126.4,40179,39821
100000,48,49766,25280,126.4,50234,49766
2,49,0,1,0.01,2,0
3,49,0,1,0.01,3,0
100,49,45,50,0.25,55,45
200,49,101,100,0.5,99,101
2000,49,1023,1000,5.0,977,1023
10000,49,5132,1207,6.03,4868,5132
20000,49,10066,1207,6.03,9934,10066
40000,49,20007,1216,6.08,19993,20007
60000,49,30113,1242,6.21,29887,30113
80000,49,40115,1242,6.21,39885,40115
100000,49,50114,1242,6.21,49886,50114
2,50,2,1,0.01,0,2
3,50,2,1,0.01,1,2
100,50,44,50,0.25,56,44
200,50,89,100,0.5,111,89
2000,50,1020,1000,5.0,980,1020
10000,50,5035,1795,8.98,4965,5035
20000,50,9997,1795,8.98,10003,9997
40000,50,19966,1795,8.98,20034,19966
60000,50,30076,1795,8.98,29924,30076
80000,50,40027,1795,8.98,39973,40027
100000,50,50022,1795,8.98,49978,50022
2,51,1,1,0.01,1,1
3,51,2,1,0.01,1,2
100,51,50,50,0.25,50,50
200,51,96,100,0.5,104,96
2000,51,949,1000,5.0,1051,949
10000,51,4878,9000,45.0,5122,4878
20000,51,9809,19000,95.0,10191,9809
40000,51,19622,39000,195.0,20378,19622
60000,51,29451,59000,295.0,30549,29451
80000,51,39260,79000,395.0,40740,39260
100000,51,49131,99000,495.0,50869,49131
2,52,2,1,0.01,0,2
3,52,3,1,0.01,0,3
100,52,56,50,0.25,44,56
200,52,110,100,0.5,90,110
2000,52,998,1000,5.0,1002,998
10000,52,4947,1000,5.0,5053,4947
20000,52,9990,1000,5.0,10010,9990
40000,52,19971,1000,5.0,20029,19971
60000,52,30097,1000,5.0,29903,30097
80000,52,40046,1000,5.0,39954,40046
100000,52,50092,1000,5.0,49908,50092
2,53,1,1,0.01,1,1
3,53,1,1,0.01,2,1
100,53,55,50,0.25,45,55
200,53,101,100,0.5,99,101
2000,53,986,1000,5.0,1014,986
10000,53,5003,1000,5.0,4997,5003
20000,53,9930,1000,5.0,10070,9930
40000,53,19879,1000,5.0,20121,19879
60000,53,29890,1000,5.0,30110,29890
80000,53,39912,1000,5.0,40088,39912
100000,53,49864,1000,5.0,50136,49864
2,54,1,1,0.01,1,1
3,54,2,1,0.01,1,2
100,54,47,50,0.25,53,47
200,54,98,100,0.5,102,98
2000,54,988,1000,5.0,1012,988
10000,54,4935,1000,5.0,5065,4935
20000,54,9940,1000,5.0,10060,9940
40000,54,19982,1000,5.0,20018,19982
60000,54,29971,1000,5.0,30029,29971
80000,54,39900,1000,5.0,40100,39900
100000,54,49863,1000,5.0,50137,49863
2,55,1,1,0.01,1,1
3,55,1,1,0.01,2,1
100,55,49,50,0.25,51,49
200,55,97,100,0.5,103,97
2000,55,1017,1000,5.0,983,1017
10000,55,5054,9000,45.0,4946,5054
20000,55,9960,18999,94.99,10040,9960
40000,55,19919,38999,194.99,20081,19919
60000,55,29756,58999,294.99,30244,29756
80000,55,39620,74521,372.6,40380,39620
100000,55,49583,94521,472.6,50417,49583
2,56,2,1,0.01,0,2
3,56,2,1,0.01,1,2
100,56,53,50,0.25,47,53
200,56,99,100,0.5,101,99
2000,56,947,1000,5.0,1053,947
10000,56,4867,9000,45.0,5133,4867
20000,56,9841,19000,95.0,10159,9841
40000,56,19747,39000,195.0,20253,19747
60000,56,29696,59000,295.0,30304,29696
80000,56,39680,79000,395.0,40320,39680
100000,56,49536,99000,495.0,50464,49536
2,57,1,1,0.01,1,1
3,57,1,1,0.01,2,1
100,57,51,50,0.25,49,51
200,57,103,100,0.5,97,103
2000,57,985,1000,5.0,1015,985
10000,57,4891,8663,43.32,5109,4891
20000,57,9773,18663,93.31,10227,9773
40000,57,19621,38663,193.31,20379,19621
60000,57,29444,58663,293.31,30556,29444
80000,57,39356,78663,393.31,40644,39356
100000,57,49272,98663,493.31,50728,49272
2,58,0,1,0.01,2,0
3,58,0,1,0.01,3,0
100,58,56,50,0.25,44,56
200,58,104,100,0.5,96,104
2000,58,1003,1000,5.0,997,1003
10000,58,5008,1031,5.15,4992,5008
20000,58,10057,1031,5.15,9943,10057
40000,58,19967,1031,5.15,20033,19967
60000,58,29959,1031,5.15,30041,29959
80000,58,40130,1031,5.15,39870,40130
100000,58,50158,1031,5.15,49842,50158
2,59,0,1,0.01,2,0
3,59,1,1,0.01,2,1
100,59,45,50,0.25,55,45
200,59,101,100,0.5,99,101
2000,59,1004,1000,5.0,996,1004
10000,59,5026,1000,5.0,4974,5026
20000,59,10005,1000,5.0,9995,10005
40000,59,20033,1000,5.0,19967,20033
60000,59,29957,1000,5.0,30043,29957
80000,59,39909,1000,5.0,40091,39909
100000,59,49875,1000,5.0,50125,49875
2,60,1,1,0.01,1,1
3,60,1,1,0.01,2,1
100,60,54,50,0.25,46,54
200,60,108,100,0.5,92,108
2000,60,996,1000,5.0,1004,996
10000,60,4940,8549,42.75,5060,4940
20000,60,9933,18549,92.74,10067,9933
40000,60,19710,38549,192.74,20290,19710
60000,60,29719,58549,292.74,30281,29719
80000,60,39585,78549,392.74,40415,39585
100000,60,49628,98549,492.74,50372,49628
2,61,2,1,0.01,0,2
3,61,3,1,0.01,0,3
100,61,46,50,0.25,54,46
200,61,95,100,0.5,105,95
2000,61,983,1000,5.0,1017,983
10000,61,4939,1107,5.53,5061,4939
20000,61,9904,1107,5.53,10096,9904
40000,61,19871,1107,5.53,20129,19871
60000,61,29914,1107,5.53,30086,29914
80000,61,39807,1107,5.53,40193,39807
100000,61,49763,1107,5.53,50237,49763
2,62,1,1,0.01,1,1
3,62,2,1,0.01,1,2
100,62,52,50,0.25,48,52
200,62,96,100,0.5,104,96
2000,62,964,1000,5.0,1036,964
10000,62,4972,9000,45.0,5028,4972
20000,62,10006,19000,95.0,9994,10006
40000,62,19832,39000,195.0,20168,19832
60000,62,29747,59000,295.0,30253,29747
80000,62,39643,79000,395.0,40357,39643
100000,62,49487,99000,495.0,50513,49487
2,63,0,1,0.01,2,0
3,63,1,1,0.01,2,1
100,63,48,50,0.25,52,48
200,63,99,100,0.5,101,99
2000,63,990,1000,5.0,1010,990
10000,63,4978,6338,31.69,5022,4978
20000,63,9991,16338,81.69,10009,9991
40000,63,19829,36338,181.69,20171,19829
60000,63,29785,56338,281.69,30215,29785
80000,63,39689,76338,381.69,40311,39689
100000,63,49631,96338,481.69,50369,49631
2,64,1,1,0.01,1,1
3,64,1,1,0.01,2,1
100,64,52,50,0.25,48,52
200,64,100,100,0.5,100,100
2000,64,1020,1000,5.0,980,1020
10000,64,4985,7192,35.96,5015,4985
20000,64,9993,7192,35.96,10007,9993
40000,64,20018,7192,35.96,19982,20018
60000,64,29937,7192,35.96,30063,29937
80000,64,39965,7192,35.96,40035,39965
100000,64,49924,7192,35.96,50076,49924
2,65,1,1,0.01,1,1
3,65,1,1,0.01,2,1
100,65,52,50,0.25,48,52
200,65,104,100,0.5,96,104
2000,65,1015,1000,5.0,985,1015
10000,65,4910,3080,15.4,5090,4910
20000,65,9910,3080,15.4,10090,9910
40000,65,19803,3080,15.4,20197,19803
60000,65,29750,3080,15.4,30250,29750
80000,65,39706,3080,15.4,40294,39706
100000,65,49821,3080,15.4,50179,49821
2,66,1,1,0.01,1,1
3,66,1,1,0.01,2,1
100,66,48,50,0.25,52,48
200,66,95,100,0.5,105,95
2000,66,994,1000,5.0,1006,994
10000,66,4973,1000,5.0,5027,4973
20000,66,10024,1000,5.0,9976,10024
40000,66,20065,1000,5.0,19935,20065
60000,66,30237,1000,5.0,29763,30237
80000,66,40239,1000,5.0,39761,40239
100000,66,50230,1000,5.0,49770,50230
2,67,1,1,0.01,1,1
3,67,1,1,0.01,2,1
100,67,48,50,0.25,52,48
200,67,104,100,0.5,96,104
2000,67,988,1000,5.0,1012,988
10000,67,4980,9000,45.0,5020,4980
20000,67,9896,19000,95.0,10104,9896
40000,67,19707,39000,195.0,20293,19707
60000,67,29582,59000,295.0,30418,29582
80000,67,39473,79000,395.0,40527,39473
100000,67,49366,99000,495.0,50634,49366
2,68,1,1,0.01,1,1
3,68,1,1,0.01,2,1
100,68,50,50,0.25,50,50
200,68,105,100,0.5,95,105
2000,68,980,1000,5.0,1020,980
10000,68,4923,3634,18.17,5077,4923
20000,68,9981,3634,18.17,10019,9981
40000,68,19945,3634,18.17,20055,19945
60000,68,29959,3634,18.17,30041,29959
80000,68,40027,3634,18.17,39973,40027
100000,68,49996,3634,18.17,50004,49996
2,69,1,1,0.01,1,1
3,69,1,1,0.01,2,1
100,69,51,50,0.25,49,51
200,69,103,100,0.5,97,103
2000,69,987,1000,5.0,1013,987
10000,69,5017,1000,5.0,4983,5017
20000,69,10025,1000,5.0,9975,10025
40000,69,20004,1000,5.0,19996,20004
60000,69,30023,1000,5.0,29977,30023
80000,69,39922,1000,5.0,40078,39922
100000,69,49882,1000,5.0,50118,49882
2,70,1,1,0.01,1,1
3,70,2,1,0.01,1,2
100,70,51,50,0.25,49,51
200,70,98,100,0.5,102,98
2000,70,1055,1000,5.0,945,1055
10000,70,5021,1003,5.01,4979,5021
20000,70,10107,1003,5.01,9893,10107
40000,70,20103,1003,5.01,19897,20103
60000,70,30057,1005,5.02,29943,30057
80000,70,40196,1005,5.02,39804,40196
100000,70,50171,1005,5.02,49829,50171
2,71,2,1,0.01,0,2
3,71,3,1,0.01,0,3
100,71,42,50,0.25,58,42
200,71,92,100,0.5,108,92
2000,71,988,1000,5.0,1012,988
10000,71,5001,1000,5.0,4999,5001
20000,71,9938,1000,5.0,10062,9938
40000,71,19874,1000,5.0,20126,19874
60000,71,29813,1000,5.0,30187,29813
80000,71,39723,1000,5.0,40277,39723
100000,71,49794,1000,5.0,50206,49794
2,72,0,1,0.01,2,0
3,72,1,1,0.01,2,1
100,72,51,50,0.25,49,51
200,72,97,100,0.5,103,97
2000,72,967,1000,5.0,1033,967
10000,72,4925,1000,5.0,5075,4925
20000,72,9993,1000,5.0,10007,9993
40000,72,20091,1000,5.0,19909,20091
60000,72,30160,1000,5.0,29840,30160
80000,72,40149,1000,5.0,39851,40149
100000,72,50129,1000,5.0,49871,50129
2,73,2,1,0.01,0,2
3,73,3,1,0.01,0,3
100,73,53,50,0.25,47,53
200,73,103,100,0.5,97,103
2000,73,1004,1000,5.0,996,1004
10000,73,5031,1000,5.0,4969,5031
20000,73,10031,1000,5.0,9969,10031
40000,73,20042,1000,5.0,19958,20042
60000,73,30087,1000,5.0,29913,30087
80000,73,40140,1000,5.0,39860,40140
100000,73,50028,1000,5.0,49972,50028
2,74,0,1,0.01,2,0
3,74,0,1,0.01,3,0
100,74,54,50,0.25,46,54
200,74,103,100,0.5,97,103
2000,74,1004,1000,5.0,996,1004
10000,74,4901,8438,42.19,5099,4901
20000,74,9845,18438,92.19,10155,9845
40000,74,19708,38438,192.19,20292,19708
60000,74,29641,58438,292.19,30359,29641
80000,74,39544,78438,392.19,40456,39544
100000,74,49462,98438,492.19,50538,49462
2,75,2,1,0.01,0,2
3,75,3,1,0.01,0,3
100,75,51,50,0.25,49,51
200,75,100,100,0.5,100,100
2000,75,977,1000,5.0,1023,977
10000,75,4959,9000,45.0,5041,4959
20000,75,9876,19000,95.0,10124,9876
40000,75,19708,39000,195.0,20292,19708
60000,75,29526,59000,295.0,30474,29526
80000,75,39384,79000,395.0,40616,39384
100000,75,49242,99000,495.0,50758,49242
2,76,1,1,0.01,1,1
3,76,1,1,0.01,2,1
100,76,55,50,0.25,45,55
200,76,98,100,0.5,102,98
2000,76,1021,1000,5.0,979,1021
10000,76,4967,6331,31.65,5033,4967
20000,76,9919,10063,50.32,10081,9919
40000,76,19740,29645,148.22,20260,19740
60000,76,29562,49326,246.63,30438,29562
80000,76,39518,69326,346.63,40482,39518
100000,76,49309,89326,446.63,50691,49309
2,77,2,1,0.01,0,2
3,77,3,1,0.01,0,3
100,77,47,50,0.25,53,47
200,77,95,100,0.5,105,95
2000,77,947,1000,5.0,1053,947
10000,77,4879,9000,45.0,5121,4879
20000,77,9878,19000,95.0,10122,9878
40000,77,19715,39000,195.0,20285,19715
60000,77,29601,59000,295.0,30399,29601
80000,77,39499,79000,395.0,40501,39499
100000,77,49345,99000,495.0,50655,49345
2,78,0,1,0.01,2,0
3,78,0,1,0.01,3,0
100,78,50,50,0.25,50,50
200,78,105,100,0.5,95,105
2000,78,978,1000,5.0,1022,978
10000,78,4961,1000,5.0,5039,4961
20000,78,9984,1000,5.0,10016,9984
40000,78,19988,1000,5.0,20012,19988
60000,78,30098,1000,5.0,29902,30098
80000,78,40099,1000,5.0,39901,40099
100000,78,50076,1000,5.0,49924,50076
2,79,2,1,0.01,0,2
3,79,2,1,0.01,1,2
100,79,52,50,0.25,48,52
200,79,109,100,0.5,91,109
2000,79,1001,1000,5.0,999,1001
10000,79,4996,1000,5.0,5004,4996
20000,79,10006,1000,5.0,9994,10006
40000,79,20013,1000,5.0,19987,20013
60000,79,30046,1000,5.0,29954,30046
80000,79,40067,1000,5.0,39933,40067
100000,79,50138,1000,5.0,49862,50138
2,80,0,1,0.01,2,0
3,80,0,1,0.01,3,0
100,80,49,50,0.25,51,49
200,80,95,100,0.5,105,95
2000,80,982,1000,5.0,1018,982
10000,80,4981,1000,5.0,5019,4981
20000,80,9989,1000,5.0,10011,9989
40000,80,19915,1000,5.0,20085,19915
60000,80,29925,1000,5.0,30075,29925
80000,80,39932,1000,5.0,40068,39932
100000,80,49868,1000,5.0,50132,49868
2,81,1,1,0.01,1,1
3,81,2,1,0.01,1,2
100,81,55,50,0.25,45,55
200,81,107,100,0.5,93,107
2000,81,1017,1000,5.0,983,1017
10000,81,4938,2442,12.21,5062,4938
20000,81,9874,12442,62.21,10126,9874
40000,81,19863,32442,162.21,20137,19863
60000,81,29596,52442,262.21,30404,29596
80000,81,39453,72442,362.21,40547,39453
100000,81,49350,92442,462.21,50650,49350
2,82,1,1,0.01,1,1
3,82,2,1,0.01,1,2
100,82,52,50,0.25,48,52
200,82,94,100,0.5,106,94
2000,82,974,1000,5.0,1026,974
10000,82,5031,1043,5.21,4969,5031
20000,82,10075,1043,5.21,9925,10075
40000,82,20063,1043,5.21,19937,20063
60000,82,30016,1043,5.21,29984,30016
80000,82,40020,1043,5.21,39980,40020
100000,82,50008,1043,5.21,49992,50008
2,83,1,1,0.01,1,1
3,83,2,1,0.01,1,2
100,83,44,50,0.25,56,44
200,83,93,100,0.5,107,93
2000,83,999,1000,5.0,1001,999
10000,83,4916,8679,43.4,5084,4916
20000,83,9828,18679,93.39,10172,9828
40000,83,19604,38679,193.39,20396,19604
60000,83,29460,58679,293.39,30540,29460
80000,83,39563,78679,393.39,40437,39563
100000,83,49389,98679,493.39,50611,49389
2,84,1,1,0.01,1,1
3,84,1,1,0.01,2,1
100,84,51,50,0.25,49,51
200,84,101,100,0.5,99,101
2000,84,994,1000,5.0,1006,994
10000,84,4927,1000,5.0,5073,4927
20000,84,9901,1000,5.0,10099,9901
40000,84,19861,1000,5.0,20139,19861
60000,84,29834,1000,5.0,30166,29834
80000,84,39845,1000,5.0,40155,39845
100000,84,49776,1000,5.0,50224,49776
2,85,0,1,0.01,2,0
3,85,1,1,0.01,2,1
100,85,49,50,0.25,51,49
200,85,101,100,0.5,99,101
2000,85,1012,1000,5.0,988,1012
10000,85,5044,1051,5.25,4956,5044
20000,85,9991,1069,5.34,10009,9991
40000,85,20080,1069,5.34,19920,20080
60000,85,30003,1069,5.34,29997,30003
80000,85,39955,1069,5.34,40045,39955
100000,85,49911,1069,5.34,50089,49911
2,86,0,1,0.01,2,0
3,86,0,1,0.01,3,0
100,86,51,50,0.25,49,51
200,86,98,100,0.5,102,98
2000,86,1024,1000,5.0,976,1024
10000,86,4950,7843,39.22,5050,4950
20000,86,9899,17843,89.21,10101,9899
40000,86,19824,37843,189.21,20176,19824
60000,86,29624,57843,289.21,30376,29624
80000,86,39589,77843,389.21,40411,39589
100000,86,49533,97843,489.21,50467,49533
2,87,1,1,0.01,1,1
3,87,2,1,0.01,1,2
100,87,47,50,0.25,53,47
200,87,100,100,0.5,100,100
2000,87,954,1000,5.0,1046,954
10000,87,5006,9000,45.0,4994,5006
20000,87,9965,19000,95.0,10035,9965
40000,87,19856,39000,195.0,20144,19856
60000,87,29733,59000,295.0,30267,29733
80000,87,39661,79000,395.0,40339,39661
100000,87,49713,99000,495.0,50287,49713
2,88,1,1,0.01,1,1
3,88,2,1,0.01,1,2
100,88,54,50,0.25,46,54
200,88,114,100,0.5,86,114
2000,88,983,1000,5.0,1017,983
10000,88,4898,8998,44.99,5102,4898
20000,88,9887,18996,94.98,10113,9887
40000,88,19857,38996,194.98,20143,19857
60000,88,29808,58996,294.98,30192,29808
80000,88,39670,78996,394.98,40330,39670
100000,88,49489,98996,494.98,50511,49489
2,89,1,1,0.01,1,1
3,89,2,1,0.01,1,2
100,89,49,50,0.25,51,49
200,89,97,100,0.5,103,97
2000,89,995,1000,5.0,1005,995
10000,89,5017,4219,21.1,4983,5017
20000,89,10026,4219,21.1,9974,10026
40000,89,19965,4219,21.1,20035,19965
60000,89,29891,4219,21.1,30109,29891
80000,89,39892,4219,21.1,40108,39892
100000,89,49777,4219,21.1,50223,49777
2,90,1,1,0.01,1,1
3,90,2,1,0.01,1,2
100,90,51,50,0.25,49,51
200,90,103,100,0.5,97,103
2000,90,1036,1000,5.0,964,1036
10000,90,4964,8385,41.93,5036,4964
20000,90,9832,17914,89.57,10168,9832
40000,90,19685,37911,189.55,20315,19685
60000,90,29773,57911,289.55,30227,29773
80000,90,39730,77911,389.55,40270,39730
100000,90,49683,97911,489.55,50317,49683
2,91,2,1,0.01,0,2
3,91,3,1,0.01,0,3
100,91,52,50,0.25,48,52
200,91,95,100,0.5,105,95
2000,91,1008,1000,5.0,992,1008
10000,91,5083,1000,5.0,4917,5083
20000,91,9990,1000,5.0,10010,9990
40000,91,19900,1000,5.0,20100,19900
60000,91,29915,1000,5.0,30085,29915
80000,91,39819,1000,5.0,40181,39819
100000,91,49855,1000,5.0,50145,49855
2,92,0,1,0.01,2,0
3,92,1,1,0.01,2,1
100,92,48,50,0.25,52,48
200,92,106,100,0.5,94,106
2000,92,1010,1000,5.0,990,1010
10000,92,4882,8883,44.42,5118,4882
20000,92,9788,18883,94.41,10212,9788
40000,92,19679,38883,194.41,20321,19679
60000,92,29581,58883,294.41,30419,29581
80000,92,39535,78883,394.41,40465,39535
100000,92,49427,98883,494.41,50573,49427
2,93,2,1,0.01,0,2
3,93,2,1,0.01,1,2
100,93,47,50,0.25,53,47
200,93,100,100,0.5,100,100
2000,93,981,1000,5.0,1019,981
10000,93,5026,1000,5.0,4974,5026
20000,93,10023,1000,5.0,9977,10023
40000,93,20094,1000,5.0,19906,20094
60000,93,30068,1000,5.0,29932,30068
80000,93,40000,1000,5.0,40000,40000
100000,93,49957,1000,5.0,50043,49957
2,94,0,1,0.01,2,0
3,94,1,1,0.01,2,1
100,94,46,50,0.25,54,46
200,94,98,100,0.5,102,98
2000,94,956,1000,5.0,1044,956
10000,94,4962,1000,5.0,5038,4962
20000,94,9988,1000,5.0,10012,9988
40000,94,20072,1000,5.0,19928,20072
60000,94,30135,1000,5.0,29865,30135
80000,94,40121,1000,5.0,39879,40121
100000,94,50048,1000,5.0,49952,50048
2,95,0,1,0.01,2,0
3,95,0,1,0.01,3,0
100,95,45,50,0.25,55,45
200,95,94,100,0.5,106,94
2000,95,983,1000,5.0,1017,983
10000,95,4963,1000,5.0,5037,4963
20000,95,10004,1000,5.0,9996,10004
40000,95,19924,1000,5.0,20076,19924
60000,95,29859,1000,5.0,30141,29859
80000,95,39963,1000,5.0,40037,39963
100000,95,50093,1000,5.0,49907,50093
2,96,1,1,0.01,1,1
3,96,2,1,0.01,1,2
100,96,56,50,0.25,44,56
200,96,107,100,0.5,93,107
2000,96,1005,1000,5.0,995,1005
10000,96,5000,1000,5.0,5000,5000
20000,96,10044,1000,5.0,9956,10044
40000,96,20242,1000,5.0,19758,20242
60000,96,30351,1000,5.0,29649,30351
80000,96,40495,1000,5.0,39505,40495
100000,96,50530,1000,5.0,49470,50530
2,97,1,1,0.01,1,1
3,97,1,1,0.01,2,1
100,97,49,50,0.25,51,49
200,97,92,100,0.5,108,92
2000,97,1016,1000,5.0,984,1016
10000,97,5039,1000,5.0,4961,5039
20000,97,10086,1154,5.77,9914,10086
40000,97,20102,1160,5.8,19898,20102
60000,97,30080,1163,5.81,29920,30080
80000,97,40050,1163,5.81,39950,40050
100000,97,50093,1163,5.81,49907,50093
2,98,1,1,0.01,1,1
3,98,2,1,0.01,1,2
100,98,49,50,0.25,51,49
200,98,92,100,0.5,108,92
2000,98,1007,1000,5.0,993,1007
10000,98,4946,9000,45.0,5054,4946
20000,98,9874,19000,95.0,10126,9874
40000,98,19779,39000,195.0,20221,19779
60000,98,29681,59000,295.0,30319,29681
80000,98,39619,79000,395.0,40381,39619
100000,98,49543,99000,495.0,50457,49543
2,99,1,1,0.01,1,1
3,99,1,1,0.01,2,1
100,99,53,50,0.25,47,53
200,99,95,100,0.5,105,95
2000,99,984,1000,5.0,1016,984
10000,99,4992,1000,5.0,5008,4992
20000,99,9977,1000,5.0,10023,9977
40000,99,19915,1000,5.0,20085,19915
60000,99,29930,1000,5.0,30070,29930
80000,99,40054,1000,5.0,39946,40054
100000,99,50169,1000,5.0,49831,50169
2,100,1,1,0.01,1,1
3,100,2,1,0.01,1,2
100,100,55,50,0.25,45,55
200,100,104,100,0.5,96,104
2000,100,993,1000,5.0,1007,993
10000,100,4986,1000,5.0,5014,4986
20000,100,9986,1000,5.0,10014,9986
40000,100,19969,1000,5.0,20031,19969
60000,100,29950,1000,5.0,30050,29950
80000,100,39887,1000,5.0,40113,39887
100000,100,50075,1000,5.0,49925,50075
