Timestep,Iteration,Total Reward,Suboptimal Arms Count,Total Regret,Zeros Count,Ones Count
2,1,2,1,0.1,0,2
3,1,3,2,0.2,0,3
100,1,77,50,5.0,23,77
200,1,166,100,10.0,34,166
2000,1,1693,1000,100.0,307,1693
10000,1,8894,1000,100.0,1106,8894
20000,1,17910,1000,100.0,2090,17910
40000,1,35936,1000,100.0,4064,35936
60000,1,53949,1000,100.0,6051,53949
80000,1,71923,1000,100.0,8077,71923
100000,1,89875,1000,100.0,10125,89875
2,2,1,1,0.1,1,1
3,2,2,2,0.2,1,2
100,2,80,50,5.0,20,80
200,2,168,100,10.0,32,168
2000,2,1724,1000,100.0,276,1724
10000,2,8962,1000,100.0,1038,8962
20000,2,17977,1000,100.0,2023,17977
40000,2,35884,1000,100.0,4116,35884
60000,2,53800,1000,100.0,6200,53800
80000,2,71719,1000,100.0,8281,71719
100000,2,89719,1000,100.0,10281,89719
2,3,2,1,0.1,0,2
3,3,3,2,0.2,0,3
100,3,90,50,5.0,10,90
200,3,170,100,10.0,30,170
2000,3,1701,1000,100.0,299,1701
10000,3,8917,1000,100.0,1083,8917
20000,3,17887,1000,100.0,2113,17887
40000,3,35909,1000,100.0,4091,35909
60000,3,53933,1000,100.0,6067,53933
80000,3,71914,1000,100.0,8086,71914
100000,3,89921,1000,100.0,10079,89921
2,4,2,1,0.1,0,2
3,4,3,2,0.2,0,3
100,4,81,50,5.0,19,81
200,4,170,100,10.0,30,170
2000,4,1701,1000,100.0,299,1701
10000,4,8879,1000,100.0,1121,8879
20000,4,17835,1000,100.0,2165,17835
40000,4,35784,1000,100.0,4216,35784
60000,4,53746,1000,100.0,6254,53746
80000,4,71770,1000,100.0,8230,71770
100000,4,89761,1000,100.0,10239,89761
2,5,1,1,0.1,1,1
3,5,2,2,0.2,1,2
100,5,84,50,5.0,16,84
200,5,169,100,10.0,31,169
2000,5,1687,1000,100.0,313,1687
10000,5,8889,1000,100.0,1111,8889
20000,5,17914,1000,100.0,2086,17914
40000,5,35884,1000,100.0,4116,35884
60000,5,53867,1000,100.0,6133,53867
80000,5,71917,1000,100.0,8083,71917
100000,5,89906,1000,100.0,10094,89906
2,6,2,1,0.1,0,2
3,6,3,2,0.2,0,3
100,6,85,50,5.0,15,85
200,6,169,100,10.0,31,169
2000,6,1710,1000,100.0,290,1710
10000,6,8902,1000,100.0,1098,8902
20000,6,17899,1000,100.0,2101,17899
40000,6,35895,1000,100.0,4105,35895
60000,6,53904,1000,100.0,6096,53904
80000,6,71881,1000,100.0,8119,71881
100000,6,89900,1000,100.0,10100,89900
2,7,1,1,0.1,1,1
3,7,2,2,0.2,1,2
100,7,80,50,5.0,20,80
200,7,172,100,10.0,28,172
2000,7,1687,1000,100.0,313,1687
10000,7,8912,1000,100.0,1088,8912
20000,7,17900,1000,100.0,2100,17900
40000,7,35926,1000,100.0,4074,35926
60000,7,53904,1000,100.0,6096,53904
80000,7,71923,1000,100.0,8077,71923
100000,7,89921,1000,100.0,10079,89921
2,8,1,1,0.1,1,1
3,8,2,2,0.2,1,2
100,8,88,50,5.0,12,88
200,8,172,100,10.0,28,172
2000,8,1717,1000,100.0,283,1717
10000,8,8901,1000,100.0,1099,8901
20000,8,17918,1000,100.0,2082,17918
40000,8,35876,1000,100.0,4124,35876
60000,8,53915,1000,100.0,6085,53915
80000,8,71972,1000,100.0,8028,71972
100000,8,89991,1000,100.0,10009,89991
2,9,2,1,0.1,0,2
3,9,3,2,0.2,0,3
100,9,85,50,5.0,15,85
200,9,167,100,10.0,33,167
2000,9,1719,1000,100.0,281,1719
10000,9,8923,1000,100.0,1077,8923
20000,9,17892,1000,100.0,2108,17892
40000,9,35843,1000,100.0,4157,35843
60000,9,53866,1000,100.0,6134,53866
80000,9,71858,1000,100.0,8142,71858
100000,9,89826,1000,100.0,10174,89826
2,10,1,1,0.1,1,1
3,10,2,2,0.2,1,2
100,10,86,50,5.0,14,86
200,10,169,100,10.0,31,169
2000,10,1685,1000,100.0,315,1685
10000,10,8911,1000,100.0,1089,8911
20000,10,17929,1000,100.0,2071,17929
40000,10,35920,1000,100.0,4080,35920
60000,10,53954,1000,100.0,6046,53954
80000,10,71945,1000,100.0,8055,71945
100000,10,89948,1000,100.0,10052,89948
2,11,1,1,0.1,1,1
3,11,2,2,0.2,1,2
100,11,83,50,5.0,17,83
200,11,176,100,10.0,24,176
2000,11,1703,1000,100.0,297,1703
10000,11,8895,1000,100.0,1105,8895
20000,11,17858,1000,100.0,2142,17858
40000,11,35883,1000,100.0,4117,35883
60000,11,53850,1000,100.0,6150,53850
80000,11,71866,1000,100.0,8134,71866
100000,11,89886,1000,100.0,10114,89886
2,12,2,1,0.1,0,2
3,12,3,2,0.2,0,3
100,12,83,50,5.0,17,83
200,12,166,100,10.0,34,166
2000,12,1708,1000,100.0,292,1708
10000,12,8923,1000,100.0,1077,8923
20000,12,17926,1000,100.0,2074,17926
40000,12,35981,1000,100.0,4019,35981
60000,12,53990,1000,100.0,6010,53990
80000,12,72020,1000,100.0,7980,72020
100000,12,90037,1000,100.0,9963,90037
2,13,2,1,0.1,0,2
3,13,3,2,0.2,0,3
100,13,82,50,5.0,18,82
200,13,167,100,10.0,33,167
2000,13,1722,1000,100.0,278,1722
10000,13,8937,1000,100.0,1063,8937
20000,13,17964,1000,100.0,2036,17964
40000,13,35920,1000,100.0,4080,35920
60000,13,53995,1000,100.0,6005,53995
80000,13,71998,1000,100.0,8002,71998
100000,13,89996,1000,100.0,10004,89996
2,14,0,1,0.1,2,0
3,14,1,2,0.2,2,1
100,14,84,50,5.0,16,84
200,14,168,100,10.0,32,168
2000,14,1678,1000,100.0,322,1678
10000,14,8886,1000,100.0,1114,8886
20000,14,17887,1000,100.0,2113,17887
40000,14,35772,1000,100.0,4228,35772
60000,14,53723,1000,100.0,6277,53723
80000,14,71763,1000,100.0,8237,71763
100000,14,89770,1000,100.0,10230,89770
2,15,2,1,0.1,0,2
3,15,3,2,0.2,0,3
100,15,93,50,5.0,7,93
200,15,182,100,10.0,18,182
2000,15,1747,1000,100.0,253,1747
10000,15,8943,1000,100.0,1057,8943
20000,15,17926,1000,100.0,2074,17926
40000,15,35930,1000,100.0,4070,35930
60000,15,53968,1000,100.0,6032,53968
80000,15,71996,1000,100.0,8004,71996
100000,15,89988,1000,100.0,10012,89988
2,16,2,1,0.1,0,2
3,16,3,2,0.2,0,3
100,16,88,50,5.0,12,88
200,16,168,100,10.0,32,168
2000,16,1682,1000,100.0,318,1682
10000,16,8900,1000,100.0,1100,8900
20000,16,17892,1000,100.0,2108,17892
40000,16,35855,1000,100.0,4145,35855
60000,16,53839,1000,100.0,6161,53839
80000,16,71866,1000,100.0,8134,71866
100000,16,89892,1000,100.0,10108,89892
2,17,2,1,0.1,0,2
3,17,3,2,0.2,0,3
100,17,84,50,5.0,16,84
200,17,169,100,10.0,31,169
2000,17,1722,1000,100.0,278,1722
10000,17,8940,1000,100.0,1060,8940
20000,17,17968,1000,100.0,2032,17968
40000,17,35950,1000,100.0,4050,35950
60000,17,53952,1000,100.0,6048,53952
80000,17,71930,1000,100.0,8070,71930
100000,17,89886,1000,100.0,10114,89886
2,18,2,1,0.1,0,2
3,18,3,2,0.2,0,3
100,18,85,50,5.0,15,85
200,18,169,100,10.0,31,169
2000,18,1709,1000,100.0,291,1709
10000,18,8890,1000,100.0,1110,8890
20000,18,17899,1000,100.0,2101,17899
40000,18,35908,1000,100.0,4092,35908
60000,18,53902,1000,100.0,6098,53902
80000,18,71852,1000,100.0,8148,71852
100000,18,89885,1000,100.0,10115,89885
2,19,1,1,0.1,1,1
3,19,2,2,0.2,1,2
100,19,84,50,5.0,16,84
200,19,176,100,10.0,24,176
2000,19,1708,1000,100.0,292,1708
10000,19,8888,1000,100.0,1112,8888
20000,19,17866,1000,100.0,2134,17866
40000,19,35890,1000,100.0,4110,35890
60000,19,53878,1000,100.0,6122,53878
80000,19,71876,1000,100.0,8124,71876
100000,19,89911,1000,100.0,10089,89911
2,20,2,1,0.1,0,2
3,20,2,2,0.2,1,2
100,20,88,50,5.0,12,88
200,20,170,100,10.0,30,170
2000,20,1695,1000,100.0,305,1695
10000,20,8893,1000,100.0,1107,8893
20000,20,17877,1000,100.0,2123,17877
40000,20,35867,1000,100.0,4133,35867
60000,20,53883,1000,100.0,6117,53883
80000,20,71907,1000,100.0,8093,71907
100000,20,89888,1000,100.0,10112,89888
2,21,2,1,0.1,0,2
3,21,3,2,0.2,0,3
100,21,83,50,5.0,17,83
200,21,167,100,10.0,33,167
2000,21,1711,1000,100.0,289,1711
10000,21,8965,1000,100.0,1035,8965
20000,21,17964,1000,100.0,2036,17964
40000,21,36006,1000,100.0,3994,36006
60000,21,53967,1000,100.0,6033,53967
80000,21,72000,1000,100.0,8000,72000
100000,21,89936,1000,100.0,10064,89936
2,22,2,1,0.1,0,2
3,22,3,2,0.2,0,3
100,22,91,50,5.0,9,91
200,22,174,100,10.0,26,174
2000,22,1705,1000,100.0,295,1705
10000,22,8932,1000,100.0,1068,8932
20000,22,17951,1000,100.0,2049,17951
40000,22,35964,1000,100.0,4036,35964
60000,22,54010,1000,100.0,5990,54010
80000,22,72078,1000,100.0,7922,72078
100000,22,90101,1000,100.0,9899,90101
2,23,2,1,0.1,0,2
3,23,2,2,0.2,1,2
100,23,82,50,5.0,18,82
200,23,171,100,10.0,29,171
2000,23,1699,1000,100.0,301,1699
10000,23,8883,1000,100.0,1117,8883
20000,23,17893,1000,100.0,2107,17893
40000,23,35935,1000,100.0,4065,35935
60000,23,53992,1000,100.0,6008,53992
80000,23,71986,1000,100.0,8014,71986
100000,23,89981,1000,100.0,10019,89981
2,24,2,1,0.1,0,2
3,24,3,2,0.2,0,3
100,24,89,50,5.0,11,89
200,24,166,100,10.0,34,166
2000,24,1710,1000,100.0,290,1710
10000,24,8885,1000,100.0,1115,8885
20000,24,17828,1000,100.0,2172,17828
40000,24,35856,1000,100.0,4144,35856
60000,24,53822,1000,100.0,6178,53822
80000,24,71940,1000,100.0,8060,71940
100000,24,89921,1000,100.0,10079,89921
2,25,2,1,0.1,0,2
3,25,3,2,0.2,0,3
100,25,86,50,5.0,14,86
200,25,171,100,10.0,29,171
2000,25,1683,1000,100.0,317,1683
10000,25,8866,1000,100.0,1134,8866
20000,25,17868,1000,100.0,2132,17868
40000,25,35885,1000,100.0,4115,35885
60000,25,53925,1000,100.0,6075,53925
80000,25,71913,1000,100.0,8087,71913
100000,25,89937,1000,100.0,10063,89937
2,26,2,1,0.1,0,2
3,26,3,2,0.2,0,3
100,26,87,50,5.0,13,87
200,26,173,100,10.0,27,173
2000,26,1701,1000,100.0,299,1701
10000,26,8894,1000,100.0,1106,8894
20000,26,17875,1000,100.0,2125,17875
40000,26,35846,1000,100.0,4154,35846
60000,26,53827,1000,100.0,6173,53827
80000,26,71831,1000,100.0,8169,71831
100000,26,89788,1000,100.0,10212,89788
2,27,2,1,0.1,0,2
3,27,3,2,0.2,0,3
100,27,81,50,5.0,19,81
200,27,163,100,10.0,37,163
2000,27,1659,1000,100.0,341,1659
10000,27,8850,1000,100.0,1150,8850
20000,27,17842,1000,100.0,2158,17842
40000,27,35898,1000,100.0,4102,35898
60000,27,53951,1000,100.0,6049,53951
80000,27,71957,1000,100.0,8043,71957
100000,27,89927,1000,100.0,10073,89927
2,28,2,1,0.1,0,2
3,28,3,2,0.2,0,3
100,28,80,50,5.0,20,80
200,28,170,100,10.0,30,170
2000,28,1726,1000,100.0,274,1726
10000,28,8927,1000,100.0,1073,8927
20000,28,17930,1000,100.0,2070,17930
40000,28,36012,1000,100.0,3988,36012
60000,28,53991,1000,100.0,6009,53991
80000,28,71988,1000,100.0,8012,71988
100000,28,90018,1000,100.0,9982,90018
2,29,2,1,0.1,0,2
3,29,3,2,0.2,0,3
100,29,86,50,5.0,14,86
200,29,174,100,10.0,26,174
2000,29,1693,1000,100.0,307,1693
10000,29,8912,1000,100.0,1088,8912
20000,29,17916,1000,100.0,2084,17916
40000,29,35932,1000,100.0,4068,35932
60000,29,53956,1000,100.0,6044,53956
80000,29,71949,1000,100.0,8051,71949
100000,29,89907,1000,100.0,10093,89907
2,30,2,1,0.1,0,2
3,30,3,2,0.2,0,3
100,30,88,50,5.0,12,88
200,30,177,100,10.0,23,177
2000,30,1692,1000,100.0,308,1692
10000,30,8902,1000,100.0,1098,8902
20000,30,17907,1000,100.0,2093,17907
40000,30,35956,1000,100.0,4044,35956
60000,30,53963,1000,100.0,6037,53963
80000,30,71912,1000,100.0,8088,71912
100000,30,89844,1000,100.0,10156,89844
2,31,2,1,0.1,0,2
3,31,3,2,0.2,0,3
100,31,78,50,5.0,22,78
200,31,167,100,10.0,33,167
2000,31,1701,1000,100.0,299,1701
10000,31,8843,1000,100.0,1157,8843
20000,31,17903,1000,100.0,2097,17903
40000,31,35888,1000,100.0,4112,35888
60000,31,53872,1000,100.0,6128,53872
80000,31,71827,1000,100.0,8173,71827
100000,31,89845,1000,100.0,10155,89845
2,32,1,1,0.1,1,1
3,32,1,2,0.2,2,1
100,32,83,50,5.0,17,83
200,32,168,100,10.0,32,168
2000,32,1699,1000,100.0,301,1699
10000,32,8846,1000,100.0,1154,8846
20000,32,17819,1000,100.0,2181,17819
40000,32,35783,1000,100.0,4217,35783
60000,32,53720,1000,100.0,6280,53720
80000,32,71747,1000,100.0,8253,71747
100000,32,89749,1000,100.0,10251,89749
2,33,2,1,0.1,0,2
3,33,3,2,0.2,0,3
100,33,77,50,5.0,23,77
200,33,163,100,10.0,37,163
2000,33,1693,1000,100.0,307,1693
10000,33,8935,1000,100.0,1065,8935
20000,33,17902,1000,100.0,2098,17902
40000,33,35883,1000,100.0,4117,35883
60000,33,53916,1000,100.0,6084,53916
80000,33,71920,1000,100.0,8080,71920
100000,33,89840,1000,100.0,10160,89840
2,34,2,1,0.1,0,2
3,34,3,2,0.2,0,3
100,34,85,50,5.0,15,85
200,34,171,100,10.0,29,171
2000,34,1692,1000,100.0,308,1692
10000,34,8911,1000,100.0,1089,8911
20000,34,17947,1000,100.0,2053,17947
40000,34,35995,1000,100.0,4005,35995
60000,34,53992,1000,100.0,6008,53992
80000,34,72044,1000,100.0,7956,72044
100000,34,90082,1000,100.0,9918,90082
2,35,2,1,0.1,0,2
3,35,2,2,0.2,1,2
100,35,79,50,5.0,21,79
200,35,164,100,10.0,36,164
2000,35,1681,1000,100.0,319,1681
10000,35,8892,1000,100.0,1108,8892
20000,35,17880,1000,100.0,2120,17880
40000,35,35782,1000,100.0,4218,35782
60000,35,53751,1000,100.0,6249,53751
80000,35,71714,1000,100.0,8286,71714
100000,35,89679,1000,100.0,10321,89679
2,36,1,1,0.1,1,1
3,36,2,2,0.2,1,2
100,36,80,50,5.0,20,80
200,36,160,100,10.0,40,160
2000,36,1690,1000,100.0,310,1690
10000,36,8915,1000,100.0,1085,8915
20000,36,17945,1000,100.0,2055,17945
40000,36,35954,1000,100.0,4046,35954
60000,36,53967,1000,100.0,6033,53967
80000,36,72015,1000,100.0,7985,72015
100000,36,89981,1000,100.0,10019,89981
2,37,2,1,0.1,0,2
3,37,3,2,0.2,0,3
100,37,87,50,5.0,13,87
200,37,166,100,10.0,34,166
2000,37,1703,1000,100.0,297,1703
10000,37,8888,1000,100.0,1112,8888
20000,37,17849,1000,100.0,2151,17849
40000,37,35870,1000,100.0,4130,35870
60000,37,53949,1000,100.0,6051,53949
80000,37,71943,1000,100.0,8057,71943
100000,37,89896,1000,100.0,10104,89896
2,38,1,1,0.1,1,1
3,38,2,2,0.2,1,2
100,38,86,50,5.0,14,86
200,38,170,100,10.0,30,170
2000,38,1706,1000,100.0,294,1706
10000,38,8893,1000,100.0,1107,8893
20000,38,17912,1000,100.0,2088,17912
40000,38,35993,1000,100.0,4007,35993
60000,38,54031,1000,100.0,5969,54031
80000,38,72071,1000,100.0,7929,72071
100000,38,90096,1000,100.0,9904,90096
2,39,2,1,0.1,0,2
3,39,3,2,0.2,0,3
100,39,86,50,5.0,14,86
200,39,170,100,10.0,30,170
2000,39,1691,1000,100.0,309,1691
10000,39,8893,1000,100.0,1107,8893
20000,39,17940,1000,100.0,2060,17940
40000,39,35951,1000,100.0,4049,35951
60000,39,53993,1000,100.0,6007,53993
80000,39,72060,1000,100.0,7940,72060
100000,39,89996,1000,100.0,10004,89996
2,40,2,1,0.1,0,2
3,40,3,2,0.2,0,3
100,40,86,50,5.0,14,86
200,40,173,100,10.0,27,173
2000,40,1702,1000,100.0,298,1702
10000,40,8923,1000,100.0,1077,8923
20000,40,17937,1000,100.0,2063,17937
40000,40,35980,1000,100.0,4020,35980
60000,40,53937,1000,100.0,6063,53937
80000,40,71889,1000,100.0,8111,71889
100000,40,89821,1000,100.0,10179,89821
2,41,2,1,0.1,0,2
3,41,3,2,0.2,0,3
100,41,85,50,5.0,15,85
200,41,169,100,10.0,31,169
2000,41,1725,1000,100.0,275,1725
10000,41,8934,1000,100.0,1066,8934
20000,41,17947,1000,100.0,2053,17947
40000,41,36032,1000,100.0,3968,36032
60000,41,54044,1000,100.0,5956,54044
80000,41,72080,1000,100.0,7920,72080
100000,41,90070,1000,100.0,9930,90070
2,42,2,1,0.1,0,2
3,42,3,2,0.2,0,3
100,42,89,50,5.0,11,89
200,42,175,100,10.0,25,175
2000,42,1697,1000,100.0,303,1697
10000,42,8890,1000,100.0,1110,8890
20000,42,17897,1000,100.0,2103,17897
40000,42,35888,1000,100.0,4112,35888
60000,42,53872,1000,100.0,6128,53872
80000,42,71866,1000,100.0,8134,71866
100000,42,89798,1000,100.0,10202,89798
2,43,1,1,0.1,1,1
3,43,2,2,0.2,1,2
100,43,86,50,5.0,14,86
200,43,167,100,10.0,33,167
2000,43,1706,1000,100.0,294,1706
10000,43,8902,1000,100.0,1098,8902
20000,43,17968,1000,100.0,2032,17968
40000,43,35900,1000,100.0,4100,35900
60000,43,53829,1000,100.0,6171,53829
80000,43,71844,1000,100.0,8156,71844
100000,43,89870,1000,100.0,10130,89870
2,44,1,1,0.1,1,1
3,44,1,2,0.2,2,1
100,44,83,50,5.0,17,83
200,44,168,100,10.0,32,168
2000,44,1683,1000,100.0,317,1683
10000,44,8925,1000,100.0,1075,8925
20000,44,17907,1000,100.0,2093,17907
40000,44,35875,1000,100.0,4125,35875
60000,44,53802,1000,100.0,6198,53802
80000,44,71787,1000,100.0,8213,71787
100000,44,89788,1000,100.0,10212,89788
2,45,1,1,0.1,1,1
3,45,2,2,0.2,1,2
100,45,85,50,5.0,15,85
200,45,175,100,10.0,25,175
2000,45,1706,1000,100.0,294,1706
10000,45,8922,1000,100.0,1078,8922
20000,45,17945,1000,100.0,2055,17945
40000,45,35939,1000,100.0,4061,35939
60000,45,53896,1000,100.0,6104,53896
80000,45,71869,1000,100.0,8131,71869
100000,45,89920,1000,100.0,10080,89920
2,46,1,1,0.1,1,1
3,46,2,2,0.2,1,2
100,46,84,50,5.0,16,84
200,46,169,100,10.0,31,169
2000,46,1706,1000,100.0,294,1706
10000,46,8933,1000,100.0,1067,8933
20000,46,17928,1000,100.0,2072,17928
40000,46,35951,1000,100.0,4049,35951
60000,46,53984,1000,100.0,6016,53984
80000,46,72007,1000,100.0,7993,72007
100000,46,89965,1000,100.0,10035,89965
2,47,1,1,0.1,1,1
3,47,1,2,0.2,2,1
100,47,81,50,5.0,19,81
200,47,167,100,10.0,33,167
2000,47,1702,1000,100.0,298,1702
10000,47,8910,1000,100.0,1090,8910
20000,47,17921,1000,100.0,2079,17921
40000,47,35982,1000,100.0,4018,35982
60000,47,53947,1000,100.0,6053,53947
80000,47,71936,1000,100.0,8064,71936
100000,47,89995,1000,100.0,10005,89995
2,48,2,1,0.1,0,2
3,48,3,2,0.2,0,3
100,48,87,50,5.0,13,87
200,48,174,100,10.0,26,174
2000,48,1688,1000,100.0,312,1688
10000,48,8925,1000,100.0,1075,8925
20000,48,17935,1000,100.0,2065,17935
40000,48,35962,1000,100.0,4038,35962
60000,48,53890,1000,100.0,6110,53890
80000,48,71881,1000,100.0,8119,71881
100000,48,89910,1000,100.0,10090,89910
2,49,2,1,0.1,0,2
3,49,3,2,0.2,0,3
100,49,90,50,5.0,10,90
200,49,176,100,10.0,24,176
2000,49,1696,1000,100.0,304,1696
10000,49,8875,1000,100.0,1125,8875
20000,49,17882,1000,100.0,2118,17882
40000,49,35866,1000,100.0,4134,35866
60000,49,53874,1000,100.0,6126,53874
80000,49,71859,1000,100.0,8141,71859
100000,49,89919,1000,100.0,10081,89919
2,50,2,1,0.1,0,2
3,50,2,2,0.2,1,2
100,50,91,50,5.0,9,91
200,50,170,100,10.0,30,170
2000,50,1700,1000,100.0,300,1700
10000,50,8927,1000,100.0,1073,8927
20000,50,17949,1000,100.0,2051,17949
40000,50,35943,1000,100.0,4057,35943
60000,50,53961,1000,100.0,6039,53961
80000,50,71976,1000,100.0,8024,71976
100000,50,90038,1000,100.0,9962,90038
2,51,1,1,0.1,1,1
3,51,2,2,0.2,1,2
100,51,81,50,5.0,19,81
200,51,162,100,10.0,38,162
2000,51,1708,1000,100.0,292,1708
10000,51,8881,1000,100.0,1119,8881
20000,51,17910,1000,100.0,2090,17910
40000,51,35921,1000,100.0,4079,35921
60000,51,53901,1000,100.0,6099,53901
80000,51,71846,1000,100.0,8154,71846
100000,51,90012,1000,100.0,9988,90012
2,52,2,1,0.1,0,2
3,52,3,2,0.2,0,3
100,52,83,50,5.0,17,83
200,52,165,100,10.0,35,165
2000,52,1723,1000,100.0,277,1723
10000,52,8908,1000,100.0,1092,8908
20000,52,17908,1000,100.0,2092,17908
40000,52,35874,1000,100.0,4126,35874
60000,52,53930,1000,100.0,6070,53930
80000,52,71950,1000,100.0,8050,71950
100000,52,89962,1000,100.0,10038,89962
2,53,1,1,0.1,1,1
3,53,2,2,0.2,1,2
100,53,88,50,5.0,12,88
200,53,169,100,10.0,31,169
2000,53,1691,1000,100.0,309,1691
10000,53,8877,1000,100.0,1123,8877
20000,53,17881,1000,100.0,2119,17881
40000,53,35888,1000,100.0,4112,35888
60000,53,53819,1000,100.0,6181,53819
80000,53,71856,1000,100.0,8144,71856
100000,53,89855,1000,100.0,10145,89855
2,54,2,1,0.1,0,2
3,54,3,2,0.2,0,3
100,54,90,50,5.0,10,90
200,54,177,100,10.0,23,177
2000,54,1705,1000,100.0,295,1705
10000,54,8887,1000,100.0,1113,8887
20000,54,17905,1000,100.0,2095,17905
40000,54,35884,1000,100.0,4116,35884
60000,54,53850,1000,100.0,6150,53850
80000,54,71852,1000,100.0,8148,71852
100000,54,89860,1000,100.0,10140,89860
2,55,2,1,0.1,0,2
3,55,3,2,0.2,0,3
100,55,89,50,5.0,11,89
200,55,177,100,10.0,23,177
2000,55,1691,1000,100.0,309,1691
10000,55,8889,1000,100.0,1111,8889
20000,55,17910,1000,100.0,2090,17910
40000,55,35964,1000,100.0,4036,35964
60000,55,53917,1000,100.0,6083,53917
80000,55,71921,1000,100.0,8079,71921
100000,55,89859,1000,100.0,10141,89859
2,56,2,1,0.1,0,2
3,56,3,2,0.2,0,3
100,56,80,50,5.0,20,80
200,56,166,100,10.0,34,166
2000,56,1701,1000,100.0,299,1701
10000,56,8928,1000,100.0,1072,8928
20000,56,17917,1000,100.0,2083,17917
40000,56,35898,1000,100.0,4102,35898
60000,56,53915,1000,100.0,6085,53915
80000,56,71909,1000,100.0,8091,71909
100000,56,89888,1000,100.0,10112,89888
2,57,2,1,0.1,0,2
3,57,2,2,0.2,1,2
100,57,82,50,5.0,18,82
200,57,168,100,10.0,32,168
2000,57,1675,1000,100.0,325,1675
10000,57,8863,1000,100.0,1137,8863
20000,57,17896,1000,100.0,2104,17896
40000,57,35917,1000,100.0,4083,35917
60000,57,53871,1000,100.0,6129,53871
80000,57,71862,1000,100.0,8138,71862
100000,57,89813,1000,100.0,10187,89813
2,58,1,1,0.1,1,1
3,58,2,2,0.2,1,2
100,58,82,50,5.0,18,82
200,58,167,100,10.0,33,167
2000,58,1695,1000,100.0,305,1695
10000,58,8890,1000,100.0,1110,8890
20000,58,17868,1000,100.0,2132,17868
40000,58,35810,1000,100.0,4190,35810
60000,58,53840,1000,100.0,6160,53840
80000,58,71869,1000,100.0,8131,71869
100000,58,89901,1000,100.0,10099,89901
2,59,1,1,0.1,1,1
3,59,2,2,0.2,1,2
100,59,86,50,5.0,14,86
200,59,166,100,10.0,34,166
2000,59,1688,1000,100.0,312,1688
10000,59,8922,1000,100.0,1078,8922
20000,59,17896,1000,100.0,2104,17896
40000,59,35896,1000,100.0,4104,35896
60000,59,53915,1000,100.0,6085,53915
80000,59,71955,1000,100.0,8045,71955
100000,59,89952,1000,100.0,10048,89952
2,60,1,1,0.1,1,1
3,60,2,2,0.2,1,2
100,60,86,50,5.0,14,86
200,60,170,100,10.0,30,170
2000,60,1724,1000,100.0,276,1724
10000,60,8911,1000,100.0,1089,8911
20000,60,17911,1000,100.0,2089,17911
40000,60,35943,1000,100.0,4057,35943
60000,60,53866,1000,100.0,6134,53866
80000,60,71780,1000,100.0,8220,71780
100000,60,89832,1000,100.0,10168,89832
2,61,2,1,0.1,0,2
3,61,3,2,0.2,0,3
100,61,82,50,5.0,18,82
200,61,166,100,10.0,34,166
2000,61,1699,1000,100.0,301,1699
10000,61,8890,1000,100.0,1110,8890
20000,61,17904,1000,100.0,2096,17904
40000,61,35917,1000,100.0,4083,35917
60000,61,53933,1000,100.0,6067,53933
80000,61,71937,1000,100.0,8063,71937
100000,61,89914,1000,100.0,10086,89914
2,62,2,1,0.1,0,2
3,62,3,2,0.2,0,3
100,62,89,50,5.0,11,89
200,62,173,100,10.0,27,173
2000,62,1709,1000,100.0,291,1709
10000,62,8948,1000,100.0,1052,8948
20000,62,17950,1000,100.0,2050,17950
40000,62,35937,1000,100.0,4063,35937
60000,62,53976,1000,100.0,6024,53976
80000,62,71992,1000,100.0,8008,71992
100000,62,89987,1000,100.0,10013,89987
2,63,2,1,0.1,0,2
3,63,3,2,0.2,0,3
100,63,83,50,5.0,17,83
200,63,169,100,10.0,31,169
2000,63,1718,1000,100.0,282,1718
10000,63,8957,1000,100.0,1043,8957
20000,63,17976,1000,100.0,2024,17976
40000,63,35996,1000,100.0,4004,35996
60000,63,53956,1000,100.0,6044,53956
80000,63,71931,1000,100.0,8069,71931
100000,63,89879,1000,100.0,10121,89879
2,64,2,1,0.1,0,2
3,64,3,2,0.2,0,3
100,64,87,50,5.0,13,87
200,64,174,100,10.0,26,174
2000,64,1694,1000,100.0,306,1694
10000,64,8906,1000,100.0,1094,8906
20000,64,17880,1000,100.0,2120,17880
40000,64,35903,1000,100.0,4097,35903
60000,64,53861,1000,100.0,6139,53861
80000,64,71949,1000,100.0,8051,71949
100000,64,89895,1000,100.0,10105,89895
2,65,2,1,0.1,0,2
3,65,3,2,0.2,0,3
100,65,86,50,5.0,14,86
200,65,170,100,10.0,30,170
2000,65,1716,1000,100.0,284,1716
10000,65,8952,1000,100.0,1048,8952
20000,65,17924,1000,100.0,2076,17924
40000,65,35955,1000,100.0,4045,35955
60000,65,54033,1000,100.0,5967,54033
80000,65,72001,1000,100.0,7999,72001
100000,65,89989,1000,100.0,10011,89989
2,66,2,1,0.1,0,2
3,66,2,2,0.2,1,2
100,66,85,50,5.0,15,85
200,66,167,100,10.0,33,167
2000,66,1716,1000,100.0,284,1716
10000,66,8921,1000,100.0,1079,8921
20000,66,17922,1000,100.0,2078,17922
40000,66,35987,1000,100.0,4013,35987
60000,66,53967,1000,100.0,6033,53967
80000,66,71973,1000,100.0,8027,71973
100000,66,90059,1000,100.0,9941,90059
2,67,1,1,0.1,1,1
3,67,2,2,0.2,1,2
100,67,87,50,5.0,13,87
200,67,170,100,10.0,30,170
2000,67,1706,1000,100.0,294,1706
10000,67,8895,1000,100.0,1105,8895
20000,67,17907,1000,100.0,2093,17907
40000,67,35907,1000,100.0,4093,35907
60000,67,53903,1000,100.0,6097,53903
80000,67,71869,1000,100.0,8131,71869
100000,67,89818,1000,100.0,10182,89818
2,68,2,1,0.1,0,2
3,68,3,2,0.2,0,3
100,68,90,50,5.0,10,90
200,68,178,100,10.0,22,178
2000,68,1708,1000,100.0,292,1708
10000,68,8919,1000,100.0,1081,8919
20000,68,17899,1000,100.0,2101,17899
40000,68,35849,1000,100.0,4151,35849
60000,68,53808,1000,100.0,6192,53808
80000,68,71768,1000,100.0,8232,71768
100000,68,89791,1000,100.0,10209,89791
2,69,2,1,0.1,0,2
3,69,3,2,0.2,0,3
100,69,84,50,5.0,16,84
200,69,165,100,10.0,35,165
2000,69,1698,1000,100.0,302,1698
10000,69,8940,1000,100.0,1060,8940
20000,69,17960,1000,100.0,2040,17960
40000,69,35943,1000,100.0,4057,35943
60000,69,53966,1000,100.0,6034,53966
80000,69,71950,1000,100.0,8050,71950
100000,69,89886,1000,100.0,10114,89886
2,70,1,1,0.1,1,1
3,70,2,2,0.2,1,2
100,70,89,50,5.0,11,89
200,70,174,100,10.0,26,174
2000,70,1713,1000,100.0,287,1713
10000,70,8925,1000,100.0,1075,8925
20000,70,17908,1000,100.0,2092,17908
40000,70,35907,1000,100.0,4093,35907
60000,70,53885,1000,100.0,6115,53885
80000,70,71896,1000,100.0,8104,71896
100000,70,89902,1000,100.0,10098,89902
2,71,2,1,0.1,0,2
3,71,3,2,0.2,0,3
100,71,78,50,5.0,22,78
200,71,167,100,10.0,33,167
2000,71,1693,1000,100.0,307,1693
10000,71,8906,1000,100.0,1094,8906
20000,71,17923,1000,100.0,2077,17923
40000,71,36008,1000,100.0,3992,36008
60000,71,54008,1000,100.0,5992,54008
80000,71,72041,1000,100.0,7959,72041
100000,71,89990,1000,100.0,10010,89990
2,72,0,1,0.1,2,0
3,72,1,2,0.2,2,1
100,72,86,50,5.0,14,86
200,72,169,100,10.0,31,169
2000,72,1712,1000,100.0,288,1712
10000,72,8913,1000,100.0,1087,8913
20000,72,17873,1000,100.0,2127,17873
40000,72,35818,1000,100.0,4182,35818
60000,72,53834,1000,100.0,6166,53834
80000,72,71892,1000,100.0,8108,71892
100000,72,89874,1000,100.0,10126,89874
2,73,2,1,0.1,0,2
3,73,3,2,0.2,0,3
100,73,83,50,5.0,17,83
200,73,167,100,10.0,33,167
2000,73,1707,1000,100.0,293,1707
10000,73,8912,1000,100.0,1088,8912
20000,73,17946,1000,100.0,2054,17946
40000,73,36004,1000,100.0,3996,36004
60000,73,54041,1000,100.0,5959,54041
80000,73,72010,1000,100.0,7990,72010
100000,73,89961,1000,100.0,10039,89961
2,74,2,1,0.1,0,2
3,74,2,2,0.2,1,2
100,74,87,50,5.0,13,87
200,74,172,100,10.0,28,172
2000,74,1694,1000,100.0,306,1694
10000,74,8875,1000,100.0,1125,8875
20000,74,17830,1000,100.0,2170,17830
40000,74,35844,1000,100.0,4156,35844
60000,74,53834,1000,100.0,6166,53834
80000,74,71875,1000,100.0,8125,71875
100000,74,89813,1000,100.0,10187,89813
2,75,2,1,0.1,0,2
3,75,3,2,0.2,0,3
100,75,83,50,5.0,17,83
200,75,170,100,10.0,30,170
2000,75,1705,1000,100.0,295,1705
10000,75,8919,1000,100.0,1081,8919
20000,75,17927,1000,100.0,2073,17927
40000,75,36016,1000,100.0,3984,36016
60000,75,54005,1000,100.0,5995,54005
80000,75,71964,1000,100.0,8036,71964
100000,75,90016,1000,100.0,9984,90016
2,76,2,1,0.1,0,2
3,76,3,2,0.2,0,3
100,76,89,50,5.0,11,89
200,76,176,100,10.0,24,176
2000,76,1697,1000,100.0,303,1697
10000,76,8915,1000,100.0,1085,8915
20000,76,17866,1000,100.0,2134,17866
40000,76,35847,1000,100.0,4153,35847
60000,76,53858,1000,100.0,6142,53858
80000,76,71841,1000,100.0,8159,71841
100000,76,89830,1000,100.0,10170,89830
2,77,2,1,0.1,0,2
3,77,3,2,0.2,0,3
100,77,84,50,5.0,16,84
200,77,169,100,10.0,31,169
2000,77,1692,1000,100.0,308,1692
10000,77,8893,1000,100.0,1107,8893
20000,77,17839,1000,100.0,2161,17839
40000,77,35789,1000,100.0,4211,35789
60000,77,53683,1000,100.0,6317,53683
80000,77,71674,1000,100.0,8326,71674
100000,77,89745,1000,100.0,10255,89745
2,78,2,1,0.1,0,2
3,78,3,2,0.2,0,3
100,78,95,50,5.0,5,95
200,78,181,100,10.0,19,181
2000,78,1749,1000,100.0,251,1749
10000,78,8930,1000,100.0,1070,8930
20000,78,17965,1000,100.0,2035,17965
40000,78,35963,1000,100.0,4037,35963
60000,78,53959,1000,100.0,6041,53959
80000,78,72001,1000,100.0,7999,72001
100000,78,89991,1000,100.0,10009,89991
2,79,1,1,0.1,1,1
3,79,1,2,0.2,2,1
100,79,83,50,5.0,17,83
200,79,172,100,10.0,28,172
2000,79,1680,1000,100.0,320,1680
10000,79,8858,1000,100.0,1142,8858
20000,79,17872,1000,100.0,2128,17872
40000,79,35870,1000,100.0,4130,35870
60000,79,53954,1000,100.0,6046,53954
80000,79,71933,1000,100.0,8067,71933
100000,79,89899,1000,100.0,10101,89899
2,80,2,1,0.1,0,2
3,80,2,2,0.2,1,2
100,80,90,50,5.0,10,90
200,80,174,100,10.0,26,174
2000,80,1706,1000,100.0,294,1706
10000,80,8882,1000,100.0,1118,8882
20000,80,17851,1000,100.0,2149,17851
40000,80,35883,1000,100.0,4117,35883
60000,80,53815,1000,100.0,6185,53815
80000,80,71795,1000,100.0,8205,71795
100000,80,89787,1000,100.0,10213,89787
2,81,2,1,0.1,0,2
3,81,3,2,0.2,0,3
100,81,83,50,5.0,17,83
200,81,160,100,10.0,40,160
2000,81,1683,1000,100.0,317,1683
10000,81,8862,1000,100.0,1138,8862
20000,81,17859,1000,100.0,2141,17859
40000,81,35887,1000,100.0,4113,35887
60000,81,53854,1000,100.0,6146,53854
80000,81,71806,1000,100.0,8194,71806
100000,81,89748,1000,100.0,10252,89748
2,82,2,1,0.1,0,2
3,82,2,2,0.2,1,2
100,82,86,50,5.0,14,86
200,82,168,100,10.0,32,168
2000,82,1687,1000,100.0,313,1687
10000,82,8868,1000,100.0,1132,8868
20000,82,17843,1000,100.0,2157,17843
40000,82,35889,1000,100.0,4111,35889
60000,82,53909,1000,100.0,6091,53909
80000,82,71920,1000,100.0,8080,71920
100000,82,89867,1000,100.0,10133,89867
2,83,1,1,0.1,1,1
3,83,2,2,0.2,1,2
100,83,88,50,5.0,12,88
200,83,175,100,10.0,25,175
2000,83,1705,1000,100.0,295,1705
10000,83,8934,1000,100.0,1066,8934
20000,83,17925,1000,100.0,2075,17925
40000,83,35899,1000,100.0,4101,35899
60000,83,53873,1000,100.0,6127,53873
80000,83,71919,1000,100.0,8081,71919
100000,83,89940,1000,100.0,10060,89940
2,84,1,1,0.1,1,1
3,84,2,2,0.2,1,2
100,84,81,50,5.0,19,81
200,84,168,100,10.0,32,168
2000,84,1678,1000,100.0,322,1678
10000,84,8874,1000,100.0,1126,8874
20000,84,17870,1000,100.0,2130,17870
40000,84,35933,1000,100.0,4067,35933
60000,84,53920,1000,100.0,6080,53920
80000,84,71984,1000,100.0,8016,71984
100000,84,89985,1000,100.0,10015,89985
2,85,2,1,0.1,0,2
3,85,3,2,0.2,0,3
100,85,85,50,5.0,15,85
200,85,172,100,10.0,28,172
2000,85,1690,1000,100.0,310,1690
10000,85,8918,1000,100.0,1082,8918
20000,85,17910,1000,100.0,2090,17910
40000,85,35949,1000,100.0,4051,35949
60000,85,53929,1000,100.0,6071,53929
80000,85,71963,1000,100.0,8037,71963
100000,85,89947,1000,100.0,10053,89947
2,86,0,1,0.1,2,0
3,86,1,2,0.2,2,1
100,86,85,50,5.0,15,85
200,86,166,100,10.0,34,166
2000,86,1699,1000,100.0,301,1699
10000,86,8847,1000,100.0,1153,8847
20000,86,17802,1000,100.0,2198,17802
40000,86,35782,1000,100.0,4218,35782
60000,86,53673,1000,100.0,6327,53673
80000,86,71670,1000,100.0,8330,71670
100000,86,89736,1000,100.0,10264,89736
2,87,2,1,0.1,0,2
3,87,3,2,0.2,0,3
100,87,79,50,5.0,21,79
200,87,165,100,10.0,35,165
2000,87,1680,1000,100.0,320,1680
10000,87,8890,1000,100.0,1110,8890
20000,87,17910,1000,100.0,2090,17910
40000,87,35894,1000,100.0,4106,35894
60000,87,53962,1000,100.0,6038,53962
80000,87,71992,1000,100.0,8008,71992
100000,87,89998,1000,100.0,10002,89998
2,88,0,1,0.1,2,0
3,88,0,2,0.2,3,0
100,88,86,50,5.0,14,86
200,88,172,100,10.0,28,172
2000,88,1709,1000,100.0,291,1709
10000,88,8907,1000,100.0,1093,8907
20000,88,17871,1000,100.0,2129,17871
40000,88,35865,1000,100.0,4135,35865
60000,88,53874,1000,100.0,6126,53874
80000,88,71871,1000,100.0,8129,71871
100000,88,89930,1000,100.0,10070,89930
2,89,2,1,0.1,0,2
3,89,3,2,0.2,0,3
100,89,89,50,5.0,11,89
200,89,179,100,10.0,21,179
2000,89,1702,1000,100.0,298,1702
10000,89,8904,1000,100.0,1096,8904
20000,89,17904,1000,100.0,2096,17904
40000,89,35874,1000,100.0,4126,35874
60000,89,53863,1000,100.0,6137,53863
80000,89,71959,1000,100.0,8041,71959
100000,89,90011,1000,100.0,9989,90011
2,90,1,1,0.1,1,1
3,90,2,2,0.2,1,2
100,90,86,50,5.0,14,86
200,90,172,100,10.0,28,172
2000,90,1681,1000,100.0,319,1681
10000,90,8854,1000,100.0,1146,8854
20000,90,17856,1000,100.0,2144,17856
40000,90,35874,1000,100.0,4126,35874
60000,90,53887,1000,100.0,6113,53887
80000,90,71864,1000,100.0,8136,71864
100000,90,89920,1000,100.0,10080,89920
2,91,2,1,0.1,0,2
3,91,3,2,0.2,0,3
100,91,78,50,5.0,22,78
200,91,163,100,10.0,37,163
2000,91,1681,1000,100.0,319,1681
10000,91,8905,1000,100.0,1095,8905
20000,91,17908,1000,100.0,2092,17908
40000,91,35934,1000,100.0,4066,35934
60000,91,53943,1000,100.0,6057,53943
80000,91,71961,1000,100.0,8039,71961
100000,91,89944,1000,100.0,10056,89944
2,92,2,1,0.1,0,2
3,92,3,2,0.2,0,3
100,92,91,50,5.0,9,91
200,92,170,100,10.0,30,170
2000,92,1699,1000,100.0,301,1699
10000,92,8909,1000,100.0,1091,8909
20000,92,17975,1000,100.0,2025,17975
40000,92,35981,1000,100.0,4019,35981
60000,92,54042,1000,100.0,5958,54042
80000,92,72075,1000,100.0,7925,72075
100000,92,90098,1000,100.0,9902,90098
2,93,2,1,0.1,0,2
3,93,3,2,0.2,0,3
100,93,87,50,5.0,13,87
200,93,171,100,10.0,29,171
2000,93,1697,1000,100.0,303,1697
10000,93,8859,1000,100.0,1141,8859
20000,93,17840,1000,100.0,2160,17840
40000,93,35844,1000,100.0,4156,35844
60000,93,53934,1000,100.0,6066,53934
80000,93,71902,1000,100.0,8098,71902
100000,93,89900,1000,100.0,10100,89900
2,94,2,1,0.1,0,2
3,94,3,2,0.2,0,3
100,94,85,50,5.0,15,85
200,94,163,100,10.0,37,163
2000,94,1710,1000,100.0,290,1710
10000,94,8885,1000,100.0,1115,8885
20000,94,17902,1000,100.0,2098,17902
40000,94,35886,1000,100.0,4114,35886
60000,94,53906,1000,100.0,6094,53906
80000,94,71938,1000,100.0,8062,71938
100000,94,89963,1000,100.0,10037,89963
2,95,2,1,0.1,0,2
3,95,2,2,0.2,1,2
100,95,92,50,5.0,8,92
200,95,180,100,10.0,20,180
2000,95,1672,1000,100.0,328,1672
10000,95,8883,1000,100.0,1117,8883
20000,95,17921,1000,100.0,2079,17921
40000,95,35878,1000,100.0,4122,35878
60000,95,53911,1000,100.0,6089,53911
80000,95,71923,1000,100.0,8077,71923
100000,95,89860,1000,100.0,10140,89860
2,96,2,1,0.1,0,2
3,96,3,2,0.2,0,3
100,96,85,50,5.0,15,85
200,96,172,100,10.0,28,172
2000,96,1699,1000,100.0,301,1699
10000,96,8853,1000,100.0,1147,8853
20000,96,17863,1000,100.0,2137,17863
40000,96,35944,1000,100.0,4056,35944
60000,96,53971,1000,100.0,6029,53971
80000,96,72023,1000,100.0,7977,72023
100000,96,89996,1000,100.0,10004,89996
2,97,2,1,0.1,0,2
3,97,3,2,0.2,0,3
100,97,86,50,5.0,14,86
200,97,172,100,10.0,28,172
2000,97,1686,1000,100.0,314,1686
10000,97,8867,1000,100.0,1133,8867
20000,97,17847,1000,100.0,2153,17847
40000,97,35863,1000,100.0,4137,35863
60000,97,53795,1000,100.0,6205,53795
80000,97,71823,1000,100.0,8177,71823
100000,97,89835,1000,100.0,10165,89835
2,98,2,1,0.1,0,2
3,98,2,2,0.2,1,2
100,98,88,50,5.0,12,88
200,98,177,100,10.0,23,177
2000,98,1735,1000,100.0,265,1735
10000,98,8943,1000,100.0,1057,8943
20000,98,17952,1000,100.0,2048,17952
40000,98,35954,1000,100.0,4046,35954
60000,98,54014,1000,100.0,5986,54014
80000,98,72029,1000,100.0,7971,72029
100000,98,89914,1000,100.0,10086,89914
2,99,2,1,0.1,0,2
3,99,3,2,0.2,0,3
100,99,89,50,5.0,11,89
200,99,176,100,10.0,24,176
2000,99,1723,1000,100.0,277,1723
10000,99,8989,1000,100.0,1011,8989
20000,99,17962,1000,100.0,2038,17962
40000,99,35916,1000,100.0,4084,35916
60000,99,53888,1000,100.0,6112,53888
80000,99,71962,1000,100.0,8038,71962
100000,99,89933,1000,100.0,10067,89933
2,100,2,1,0.1,0,2
3,100,3,2,0.2,0,3
100,100,84,50,5.0,16,84
200,100,169,100,10.0,31,169
2000,100,1692,1000,100.0,308,1692
10000,100,8887,1000,100.0,1113,8887
20000,100,17894,1000,100.0,2106,17894
40000,100,35964,1000,100.0,4036,35964
60000,100,53917,1000,100.0,6083,53917
80000,100,71937,1000,100.0,8063,71937
100000,100,89890,1000,100.0,10110,89890
