Timestep,Iteration,Total Reward,Suboptimal Arms Count,Total Regret,Zeros Count,Ones Count
2,1,2,1,0.01,0,2
3,1,3,2,0.01,0,3
100,1,89,50,0.25,11,89
200,1,183,100,0.5,17,183
2000,1,1817,1000,5.0,183,1817
10000,1,9013,1000,5.0,987,9013
20000,1,18010,1000,5.0,1990,18010
40000,1,35980,1000,5.0,4020,35980
60000,1,53926,1000,5.0,6074,53926
80000,1,71962,1000,5.0,8038,71962
100000,1,89913,1000,5.0,10087,89913
2,2,2,1,0.01,0,2
3,2,2,2,0.01,1,2
100,2,92,50,0.25,8,92
200,2,186,100,0.5,14,186
2000,2,1804,1000,5.0,196,1804
10000,2,9030,1000,5.0,970,9030
20000,2,18027,1000,5.0,1973,18027
40000,2,36108,1000,5.0,3892,36108
60000,2,54111,1000,5.0,5889,54111
80000,2,72023,1000,5.0,7977,72023
100000,2,90019,1000,5.0,9981,90019
2,3,2,1,0.01,0,2
3,3,3,2,0.01,0,3
100,3,89,50,0.25,11,89
200,3,176,100,0.5,24,176
2000,3,1783,1000,5.0,217,1783
10000,3,8962,9000,45.0,1038,8962
20000,3,17903,19000,95.0,2097,17903
40000,3,35822,39000,195.0,4178,35822
60000,3,53688,59000,295.0,6312,53688
80000,3,71574,79000,395.0,8426,71574
100000,3,89473,99000,495.0,10527,89473
2,4,2,1,0.01,0,2
3,4,3,2,0.01,0,3
100,4,94,50,0.25,6,94
200,4,185,100,0.5,15,185
2000,4,1780,1000,5.0,220,1780
10000,4,8948,1000,5.0,1052,8948
20000,4,17967,1000,5.0,2033,17967
40000,4,36001,1000,5.0,3999,36001
60000,4,53964,1000,5.0,6036,53964
80000,4,71922,1000,5.0,8078,71922
100000,4,89948,1000,5.0,10052,89948
2,5,2,1,0.01,0,2
3,5,3,2,0.01,0,3
100,5,89,50,0.25,11,89
200,5,170,100,0.5,30,170
2000,5,1787,1000,5.0,213,1787
10000,5,8940,8941,44.71,1060,8940
20000,5,17905,18941,94.7,2095,17905
40000,5,35832,38941,194.7,4168,35832
60000,5,53731,58941,294.7,6269,53731
80000,5,71662,78941,394.7,8338,71662
100000,5,89524,98941,494.7,10476,89524
2,6,1,1,0.01,1,1
3,6,1,2,0.01,2,1
100,6,89,50,0.25,11,89
200,6,178,100,0.5,22,178
2000,6,1813,1000,5.0,187,1813
10000,6,8987,2967,14.84,1013,8987
20000,6,17981,2967,14.84,2019,17981
40000,6,35957,2967,14.84,4043,35957
60000,6,53970,2967,14.84,6030,53970
80000,6,71993,2967,14.84,8007,71993
100000,6,89930,2967,14.84,10070,89930
2,7,2,1,0.01,0,2
3,7,3,2,0.01,0,3
100,7,95,50,0.25,5,95
200,7,187,100,0.5,13,187
2000,7,1801,1000,5.0,199,1801
10000,7,9091,1000,5.0,909,9091
20000,7,18095,1000,5.0,1905,18095
40000,7,36069,1000,5.0,3931,36069
60000,7,54034,1000,5.0,5966,54034
80000,7,72041,1000,5.0,7959,72041
100000,7,90051,1000,5.0,9949,90051
2,8,2,1,0.01,0,2
3,8,3,2,0.01,0,3
100,8,94,50,0.25,6,94
200,8,186,100,0.5,14,186
2000,8,1812,1000,5.0,188,1812
10000,8,8986,8091,40.46,1014,8986
20000,8,17892,17835,89.17,2108,17892
40000,8,35746,37826,189.13,4254,35746
60000,8,53636,57826,289.13,6364,53636
80000,8,71548,77826,389.13,8452,71548
100000,8,89475,97826,489.13,10525,89475
2,9,1,1,0.01,1,1
3,9,2,2,0.01,1,2
100,9,90,50,0.25,10,90
200,9,178,100,0.5,22,178
2000,9,1778,1000,5.0,222,1778
10000,9,8949,9000,45.0,1051,8949
20000,9,17855,19000,95.0,2145,17855
40000,9,35843,39000,195.0,4157,35843
60000,9,53670,59000,295.0,6330,53670
80000,9,71593,79000,395.0,8407,71593
100000,9,89513,99000,495.0,10487,89513
2,10,2,1,0.01,0,2
3,10,3,2,0.01,0,3
100,10,96,50,0.25,4,96
200,10,186,100,0.5,14,186
2000,10,1802,1000,5.0,198,1802
10000,10,9010,1000,5.0,990,9010
20000,10,17994,1000,5.0,2006,17994
40000,10,35983,1000,5.0,4017,35983
60000,10,54019,1000,5.0,5981,54019
80000,10,72018,1000,5.0,7982,72018
100000,10,90008,1000,5.0,9992,90008
2,11,2,1,0.01,0,2
3,11,3,2,0.01,0,3
100,11,94,50,0.25,6,94
200,11,188,100,0.5,12,188
2000,11,1805,1000,5.0,195,1805
10000,11,9043,1045,5.22,957,9043
20000,11,18012,1045,5.22,1988,18012
40000,11,36110,1045,5.22,3890,36110
60000,11,54081,1045,5.22,5919,54081
80000,11,72095,1045,5.22,7905,72095
100000,11,90145,1045,5.22,9855,90145
2,12,2,1,0.01,0,2
3,12,3,2,0.01,0,3
100,12,94,50,0.25,6,94
200,12,184,100,0.5,16,184
2000,12,1805,1000,5.0,195,1805
10000,12,8953,2309,11.55,1047,8953
20000,12,17893,4559,22.79,2107,17893
40000,12,35852,4559,22.79,4148,35852
60000,12,53850,4559,22.79,6150,53850
80000,12,71896,4559,22.79,8104,71896
100000,12,89891,4559,22.79,10109,89891
2,13,2,1,0.01,0,2
3,13,2,2,0.01,1,2
100,13,89,50,0.25,11,89
200,13,182,100,0.5,18,182
2000,13,1780,1000,5.0,220,1780
10000,13,8996,1000,5.0,1004,8996
20000,13,18045,1000,5.0,1955,18045
40000,13,36114,1000,5.0,3886,36114
60000,13,54157,1000,5.0,5843,54157
80000,13,72110,1000,5.0,7890,72110
100000,13,90109,1000,5.0,9891,90109
2,14,2,1,0.01,0,2
3,14,2,2,0.01,1,2
100,14,85,50,0.25,15,85
200,14,181,100,0.5,19,181
2000,14,1811,1000,5.0,189,1811
10000,14,9000,1000,5.0,1000,9000
20000,14,17980,1000,5.0,2020,17980
40000,14,35987,1000,5.0,4013,35987
60000,14,53986,1000,5.0,6014,53986
80000,14,71974,1000,5.0,8026,71974
100000,14,90068,1000,5.0,9932,90068
2,15,2,1,0.01,0,2
3,15,3,2,0.01,0,3
100,15,90,50,0.25,10,90
200,15,180,100,0.5,20,180
2000,15,1783,1000,5.0,217,1783
10000,15,8997,1000,5.0,1003,8997
20000,15,18016,1000,5.0,1984,18016
40000,15,36002,1000,5.0,3998,36002
60000,15,53995,1000,5.0,6005,53995
80000,15,72017,1000,5.0,7983,72017
100000,15,90080,1000,5.0,9920,90080
2,16,2,1,0.01,0,2
3,16,3,2,0.01,0,3
100,16,92,50,0.25,8,92
200,16,181,100,0.5,19,181
2000,16,1765,1000,5.0,235,1765
10000,16,8933,1000,5.0,1067,8933
20000,16,17910,1000,5.0,2090,17910
40000,16,35875,1000,5.0,4125,35875
60000,16,53884,1000,5.0,6116,53884
80000,16,71869,1000,5.0,8131,71869
100000,16,89818,1000,5.0,10182,89818
2,17,2,1,0.01,0,2
3,17,3,2,0.01,0,3
100,17,87,50,0.25,13,87
200,17,171,100,0.5,29,171
2000,17,1800,1000,5.0,200,1800
10000,17,8993,1208,6.04,1007,8993
20000,17,17964,1208,6.04,2036,17964
40000,17,36000,1208,6.04,4000,36000
60000,17,53986,1208,6.04,6014,53986
80000,17,71989,1208,6.04,8011,71989
100000,17,89997,1208,6.04,10003,89997
2,18,1,1,0.01,1,1
3,18,2,2,0.01,1,2
100,18,89,50,0.25,11,89
200,18,179,100,0.5,21,179
2000,18,1794,1000,5.0,206,1794
10000,18,8971,1611,8.05,1029,8971
20000,18,17927,1611,8.05,2073,17927
40000,18,35972,1611,8.05,4028,35972
60000,18,53924,1611,8.05,6076,53924
80000,18,71829,1611,8.05,8171,71829
100000,18,89754,1611,8.05,10246,89754
2,19,1,1,0.01,1,1
3,19,2,2,0.01,1,2
100,19,87,50,0.25,13,87
200,19,170,100,0.5,30,170
2000,19,1769,1000,5.0,231,1769
10000,19,8932,9000,45.0,1068,8932
20000,19,17887,19000,95.0,2113,17887
40000,19,35729,39000,195.0,4271,35729
60000,19,53673,59000,295.0,6327,53673
80000,19,71559,79000,395.0,8441,71559
100000,19,89459,99000,495.0,10541,89459
2,20,2,1,0.01,0,2
3,20,3,2,0.01,0,3
100,20,91,50,0.25,9,91
200,20,179,100,0.5,21,179
2000,20,1787,1000,5.0,213,1787
10000,20,9019,1000,5.0,981,9019
20000,20,17992,1000,5.0,2008,17992
40000,20,36056,1000,5.0,3944,36056
60000,20,54138,1000,5.0,5862,54138
80000,20,72137,1000,5.0,7863,72137
100000,20,90120,1000,5.0,9880,90120
2,21,2,1,0.01,0,2
3,21,2,2,0.01,1,2
100,21,94,50,0.25,6,94
200,21,182,100,0.5,18,182
2000,21,1801,1000,5.0,199,1801
10000,21,9006,1000,5.0,994,9006
20000,21,17994,1000,5.0,2006,17994
40000,21,36029,1000,5.0,3971,36029
60000,21,54046,1000,5.0,5954,54046
80000,21,72099,1000,5.0,7901,72099
100000,21,90091,1000,5.0,9909,90091
2,22,2,1,0.01,0,2
3,22,3,2,0.01,0,3
100,22,93,50,0.25,7,93
200,22,189,100,0.5,11,189
2000,22,1790,1000,5.0,210,1790
10000,22,8980,9000,45.0,1020,8980
20000,22,17920,19000,95.0,2080,17920
40000,22,35717,39000,195.0,4283,35717
60000,22,53619,59000,295.0,6381,53619
80000,22,71471,79000,395.0,8529,71471
100000,22,89338,99000,495.0,10662,89338
2,23,1,1,0.01,1,1
3,23,2,2,0.01,1,2
100,23,93,50,0.25,7,93
200,23,183,100,0.5,17,183
2000,23,1795,1000,5.0,205,1795
10000,23,8948,1737,8.68,1052,8948
20000,23,17947,1737,8.68,2053,17947
40000,23,35884,1737,8.68,4116,35884
60000,23,53827,1737,8.68,6173,53827
80000,23,71870,1737,8.68,8130,71870
100000,23,89947,1737,8.68,10053,89947
2,24,2,1,0.01,0,2
3,24,3,2,0.01,0,3
100,24,89,50,0.25,11,89
200,24,178,100,0.5,22,178
2000,24,1793,1000,5.0,207,1793
10000,24,9016,1000,5.0,984,9016
20000,24,18046,1000,5.0,1954,18046
40000,24,35980,1000,5.0,4020,35980
60000,24,53935,1000,5.0,6065,53935
80000,24,71924,1000,5.0,8076,71924
100000,24,89901,1000,5.0,10099,89901
2,25,1,1,0.01,1,1
3,25,2,2,0.01,1,2
100,25,88,50,0.25,12,88
200,25,179,100,0.5,21,179
2000,25,1804,1000,5.0,196,1804
10000,25,8965,1000,5.0,1035,8965
20000,25,17935,1000,5.0,2065,17935
40000,25,35964,1000,5.0,4036,35964
60000,25,54000,1000,5.0,6000,54000
80000,25,71967,1000,5.0,8033,71967
100000,25,89859,1000,5.0,10141,89859
2,26,1,1,0.01,1,1
3,26,2,2,0.01,1,2
100,26,91,50,0.25,9,91
200,26,181,100,0.5,19,181
2000,26,1774,1000,5.0,226,1774
10000,26,8993,1065,5.32,1007,8993
20000,26,18023,1065,5.32,1977,18023
40000,26,36003,1065,5.32,3997,36003
60000,26,54002,1065,5.32,5998,54002
80000,26,71977,1065,5.32,8023,71977
100000,26,89941,1065,5.32,10059,89941
2,27,1,1,0.01,1,1
3,27,2,2,0.01,1,2
100,27,87,50,0.25,13,87
200,27,178,100,0.5,22,178
2000,27,1791,1000,5.0,209,1791
10000,27,9007,1000,5.0,993,9007
20000,27,17963,1000,5.0,2037,17963
40000,27,35964,1000,5.0,4036,35964
60000,27,53875,1000,5.0,6125,53875
80000,27,71906,1000,5.0,8094,71906
100000,27,89938,1000,5.0,10062,89938
2,28,2,1,0.01,0,2
3,28,3,2,0.01,0,3
100,28,87,50,0.25,13,87
200,28,177,100,0.5,23,177
2000,28,1776,1000,5.0,224,1776
10000,28,8956,8984,44.92,1044,8956
20000,28,17911,18984,94.92,2089,17911
40000,28,35794,38984,194.92,4206,35794
60000,28,53737,58984,294.92,6263,53737
80000,28,71672,78984,394.92,8328,71672
100000,28,89552,98984,494.92,10448,89552
2,29,2,1,0.01,0,2
3,29,3,2,0.01,0,3
100,29,82,50,0.25,18,82
200,29,165,100,0.5,35,165
2000,29,1775,1000,5.0,225,1775
10000,29,8918,8690,43.45,1082,8918
20000,29,17902,18690,93.45,2098,17902
40000,29,35717,38690,193.45,4283,35717
60000,29,53558,58690,293.45,6442,53558
80000,29,71465,78690,393.45,8535,71465
100000,29,89260,98690,493.45,10740,89260
2,30,2,1,0.01,0,2
3,30,3,2,0.01,0,3
100,30,91,50,0.25,9,91
200,30,179,100,0.5,21,179
2000,30,1772,1000,5.0,228,1772
10000,30,8954,1000,5.0,1046,8954
20000,30,17980,1000,5.0,2020,17980
40000,30,35947,1000,5.0,4053,35947
60000,30,53946,1000,5.0,6054,53946
80000,30,71978,1000,5.0,8022,71978
100000,30,89943,1000,5.0,10057,89943
2,31,2,1,0.01,0,2
3,31,3,2,0.01,0,3
100,31,92,50,0.25,8,92
200,31,187,100,0.5,13,187
2000,31,1801,1000,5.0,199,1801
10000,31,8984,1007,5.03,1016,8984
20000,31,17946,1007,5.03,2054,17946
40000,31,36032,1007,5.03,3968,36032
60000,31,54020,1007,5.03,5980,54020
80000,31,72045,1007,5.03,7955,72045
100000,31,90032,1007,5.03,9968,90032
2,32,1,1,0.01,1,1
3,32,2,2,0.01,1,2
100,32,89,50,0.25,11,89
200,32,176,100,0.5,24,176
2000,32,1781,1000,5.0,219,1781
10000,32,8899,5783,28.91,1101,8899
20000,32,17931,5783,28.91,2069,17931
40000,32,35932,5783,28.91,4068,35932
60000,32,53934,5783,28.91,6066,53934
80000,32,71937,5783,28.91,8063,71937
100000,32,89966,5783,28.91,10034,89966
2,33,2,1,0.01,0,2
3,33,3,2,0.01,0,3
100,33,84,50,0.25,16,84
200,33,177,100,0.5,23,177
2000,33,1787,1000,5.0,213,1787
10000,33,9035,1000,5.0,965,9035
20000,33,18051,1000,5.0,1949,18051
40000,33,35988,1000,5.0,4012,35988
60000,33,53940,1000,5.0,6060,53940
80000,33,71901,1000,5.0,8099,71901
100000,33,89881,1000,5.0,10119,89881
2,34,2,1,0.01,0,2
3,34,3,2,0.01,0,3
100,34,88,50,0.25,12,88
200,34,175,100,0.5,25,175
2000,34,1777,1000,5.0,223,1777
10000,34,8974,1000,5.0,1026,8974
20000,34,17998,1000,5.0,2002,17998
40000,34,35927,1000,5.0,4073,35927
60000,34,53969,1000,5.0,6031,53969
80000,34,71962,1000,5.0,8038,71962
100000,34,89964,1000,5.0,10036,89964
2,35,2,1,0.01,0,2
3,35,3,2,0.01,0,3
100,35,93,50,0.25,7,93
200,35,185,100,0.5,15,185
2000,35,1804,1000,5.0,196,1804
10000,35,8988,7515,37.58,1012,8988
20000,35,17942,17515,87.57,2058,17942
40000,35,35831,37515,187.57,4169,35831
60000,35,53740,57515,287.57,6260,53740
80000,35,71629,77515,387.57,8371,71629
100000,35,89463,97515,487.57,10537,89463
2,36,1,1,0.01,1,1
3,36,2,2,0.01,1,2
100,36,90,50,0.25,10,90
200,36,179,100,0.5,21,179
2000,36,1815,1000,5.0,185,1815
10000,36,8973,4338,21.69,1027,8973
20000,36,17970,4338,21.69,2030,17970
40000,36,36012,4338,21.69,3988,36012
60000,36,53971,4338,21.69,6029,53971
80000,36,71975,4338,21.69,8025,71975
100000,36,89987,4338,21.69,10013,89987
2,37,2,1,0.01,0,2
3,37,3,2,0.01,0,3
100,37,86,50,0.25,14,86
200,37,173,100,0.5,27,173
2000,37,1788,1000,5.0,212,1788
10000,37,8974,1000,5.0,1026,8974
20000,37,17902,1000,5.0,2098,17902
40000,37,35947,1000,5.0,4053,35947
60000,37,53930,1000,5.0,6070,53930
80000,37,71902,1000,5.0,8098,71902
100000,37,89873,1000,5.0,10127,89873
2,38,2,1,0.01,0,2
3,38,3,2,0.01,0,3
100,38,88,50,0.25,12,88
200,38,179,100,0.5,21,179
2000,38,1786,1000,5.0,214,1786
10000,38,8974,1000,5.0,1026,8974
20000,38,17920,1000,5.0,2080,17920
40000,38,35950,1000,5.0,4050,35950
60000,38,53925,1000,5.0,6075,53925
80000,38,71968,1000,5.0,8032,71968
100000,38,89984,1000,5.0,10016,89984
2,39,1,1,0.01,1,1
3,39,2,2,0.01,1,2
100,39,93,50,0.25,7,93
200,39,186,100,0.5,14,186
2000,39,1790,1000,5.0,210,1790
10000,39,8974,1000,5.0,1026,8974
20000,39,17968,1000,5.0,2032,17968
40000,39,35976,1000,5.0,4024,35976
60000,39,54015,1000,5.0,5985,54015
80000,39,71992,1000,5.0,8008,71992
100000,39,89972,1000,5.0,10028,89972
2,40,2,1,0.01,0,2
3,40,3,2,0.01,0,3
100,40,88,50,0.25,12,88
200,40,178,100,0.5,22,178
2000,40,1785,1000,5.0,215,1785
10000,40,9001,8934,44.67,999,9001
20000,40,17942,18934,94.67,2058,17942
40000,40,35747,38934,194.67,4253,35747
60000,40,53723,58934,294.67,6277,53723
80000,40,71654,78934,394.67,8346,71654
100000,40,89553,98934,494.67,10447,89553
2,41,1,1,0.01,1,1
3,41,2,2,0.01,1,2
100,41,92,50,0.25,8,92
200,41,179,100,0.5,21,179
2000,41,1782,1000,5.0,218,1782
10000,41,8955,1000,5.0,1045,8955
20000,41,17967,1000,5.0,2033,17967
40000,41,35925,1000,5.0,4075,35925
60000,41,53902,1000,5.0,6098,53902
80000,41,71883,1000,5.0,8117,71883
100000,41,89881,1000,5.0,10119,89881
2,42,1,1,0.01,1,1
3,42,2,2,0.01,1,2
100,42,92,50,0.25,8,92
200,42,182,100,0.5,18,182
2000,42,1790,1000,5.0,210,1790
10000,42,8972,3057,15.29,1028,8972
20000,42,17968,3057,15.29,2032,17968
40000,42,35941,3057,15.29,4059,35941
60000,42,54002,3057,15.29,5998,54002
80000,42,72013,3057,15.29,7987,72013
100000,42,89995,3057,15.29,10005,89995
2,43,2,1,0.01,0,2
3,43,3,2,0.01,0,3
100,43,88,50,0.25,12,88
200,43,179,100,0.5,21,179
2000,43,1809,1000,5.0,191,1809
10000,43,8993,1000,5.0,1007,8993
20000,43,18021,1000,5.0,1979,18021
40000,43,36081,1000,5.0,3919,36081
60000,43,54077,1000,5.0,5923,54077
80000,43,72097,1000,5.0,7903,72097
100000,43,90176,1000,5.0,9824,90176
2,44,2,1,0.01,0,2
3,44,3,2,0.01,0,3
100,44,87,50,0.25,13,87
200,44,177,100,0.5,23,177
2000,44,1811,1000,5.0,189,1811
10000,44,8976,8980,44.9,1024,8976
20000,44,17907,18919,94.59,2093,17907
40000,44,35821,38919,194.59,4179,35821
60000,44,53702,58919,294.59,6298,53702
80000,44,71621,78919,394.59,8379,71621
100000,44,89503,98919,494.59,10497,89503
2,45,2,1,0.01,0,2
3,45,3,2,0.01,0,3
100,45,89,50,0.25,11,89
200,45,177,100,0.5,23,177
2000,45,1802,1000,5.0,198,1802
10000,45,8921,6356,31.78,1079,8921
20000,45,17878,16356,81.78,2122,17878
40000,45,35774,36356,181.78,4226,35774
60000,45,53598,56356,281.78,6402,53598
80000,45,71538,76356,381.78,8462,71538
100000,45,89410,96356,481.78,10590,89410
2,46,2,1,0.01,0,2
3,46,3,2,0.01,0,3
100,46,90,50,0.25,10,90
200,46,184,100,0.5,16,184
2000,46,1801,1000,5.0,199,1801
10000,46,8929,8783,43.92,1071,8929
20000,46,17857,18783,93.91,2143,17857
40000,46,35789,38783,193.91,4211,35789
60000,46,53788,58783,293.91,6212,53788
80000,46,71707,78783,393.91,8293,71707
100000,46,89527,98783,493.91,10473,89527
2,47,2,1,0.01,0,2
3,47,3,2,0.01,0,3
100,47,96,50,0.25,4,96
200,47,179,100,0.5,21,179
2000,47,1791,1000,5.0,209,1791
10000,47,8971,8301,41.51,1029,8971
20000,47,17971,18301,91.5,2029,17971
40000,47,35905,38301,191.5,4095,35905
60000,47,53836,58301,291.5,6164,53836
80000,47,71697,78301,391.5,8303,71697
100000,47,89575,98301,491.5,10425,89575
2,48,2,1,0.01,0,2
3,48,3,2,0.01,0,3
100,48,93,50,0.25,7,93
200,48,183,100,0.5,17,183
2000,48,1797,1000,5.0,203,1797
10000,48,8990,1752,8.76,1010,8990
20000,48,17998,1752,8.76,2002,17998
40000,48,36026,1752,8.76,3974,36026
60000,48,54004,1752,8.76,5996,54004
80000,48,72030,1752,8.76,7970,72030
100000,48,90045,1752,8.76,9955,90045
2,49,2,1,0.01,0,2
3,49,3,2,0.01,0,3
100,49,90,50,0.25,10,90
200,49,182,100,0.5,18,182
2000,49,1796,1000,5.0,204,1796
10000,49,8974,7778,38.89,1026,8974
20000,49,17936,17778,88.89,2064,17936
40000,49,35828,37778,188.89,4172,35828
60000,49,53714,56391,281.95,6286,53714
80000,49,71659,76391,381.95,8341,71659
100000,49,89408,94738,473.69,10592,89408
2,50,2,1,0.01,0,2
3,50,3,2,0.01,0,3
100,50,88,50,0.25,12,88
200,50,179,100,0.5,21,179
2000,50,1792,1000,5.0,208,1792
10000,50,9003,1000,5.0,997,9003
20000,50,17993,1000,5.0,2007,17993
40000,50,35999,1000,5.0,4001,35999
60000,50,53925,1000,5.0,6075,53925
80000,50,71918,1000,5.0,8082,71918
100000,50,89893,1000,5.0,10107,89893
2,51,2,1,0.01,0,2
3,51,3,2,0.01,0,3
100,51,90,50,0.25,10,90
200,51,176,100,0.5,24,176
2000,51,1797,1000,5.0,203,1797
10000,51,8960,9000,45.0,1040,8960
20000,51,17906,19000,95.0,2094,17906
40000,51,35806,39000,195.0,4194,35806
60000,51,53646,59000,295.0,6354,53646
80000,51,71503,79000,395.0,8497,71503
100000,51,89373,99000,495.0,10627,89373
2,52,2,1,0.01,0,2
3,52,3,2,0.01,0,3
100,52,89,50,0.25,11,89
200,52,177,100,0.5,23,177
2000,52,1793,1000,5.0,207,1793
10000,52,8970,9000,45.0,1030,8970
20000,52,17907,19000,95.0,2093,17907
40000,52,35828,39000,195.0,4172,35828
60000,52,53737,59000,295.0,6263,53737
80000,52,71618,79000,395.0,8382,71618
100000,52,89531,99000,495.0,10469,89531
2,53,2,1,0.01,0,2
3,53,2,2,0.01,1,2
100,53,93,50,0.25,7,93
200,53,185,100,0.5,15,185
2000,53,1803,1000,5.0,197,1803
10000,53,8971,7684,38.42,1029,8971
20000,53,17918,17593,87.96,2082,17918
40000,53,35854,37543,187.71,4146,35854
60000,53,53701,57541,287.7,6299,53701
80000,53,71629,77540,387.7,8371,71629
100000,53,89514,97540,487.7,10486,89514
2,54,2,1,0.01,0,2
3,54,3,2,0.01,0,3
100,54,86,50,0.25,14,86
200,54,169,100,0.5,31,169
2000,54,1805,1000,5.0,195,1805
10000,54,8926,8088,40.44,1074,8926
20000,54,17894,18088,90.44,2106,17894
40000,54,35821,38088,190.44,4179,35821
60000,54,53767,58088,290.44,6233,53767
80000,54,71724,78088,390.44,8276,71724
100000,54,89648,98088,490.44,10352,89648
2,55,2,1,0.01,0,2
3,55,3,2,0.01,0,3
100,55,93,50,0.25,7,93
200,55,186,100,0.5,14,186
2000,55,1812,1000,5.0,188,1812
10000,55,8982,9000,45.0,1018,8982
20000,55,17964,19000,95.0,2036,17964
40000,55,35827,39000,195.0,4173,35827
60000,55,53666,59000,295.0,6334,53666
80000,55,71538,79000,395.0,8462,71538
100000,55,89486,99000,495.0,10514,89486
2,56,2,1,0.01,0,2
3,56,3,2,0.01,0,3
100,56,92,50,0.25,8,92
200,56,187,100,0.5,13,187
2000,56,1809,1000,5.0,191,1809
10000,56,9011,1000,5.0,989,9011
20000,56,17981,1000,5.0,2019,17981
40000,56,35965,1000,5.0,4035,35965
60000,56,54020,1000,5.0,5980,54020
80000,56,71930,1000,5.0,8070,71930
100000,56,89949,1000,5.0,10051,89949
2,57,2,1,0.01,0,2
3,57,3,2,0.01,0,3
100,57,94,50,0.25,6,94
200,57,183,100,0.5,17,183
2000,57,1809,1000,5.0,191,1809
10000,57,8976,5877,29.38,1024,8976
20000,57,17961,5877,29.38,2039,17961
40000,57,35987,5877,29.38,4013,35987
60000,57,53952,5877,29.38,6048,53952
80000,57,71946,5877,29.38,8054,71946
100000,57,89906,5877,29.38,10094,89906
2,58,1,1,0.01,1,1
3,58,2,2,0.01,1,2
100,58,88,50,0.25,12,88
200,58,179,100,0.5,21,179
2000,58,1788,1000,5.0,212,1788
10000,58,8973,1000,5.0,1027,8973
20000,58,17979,1000,5.0,2021,17979
40000,58,35911,1000,5.0,4089,35911
60000,58,53947,1000,5.0,6053,53947
80000,58,71877,1000,5.0,8123,71877
100000,58,89853,1000,5.0,10147,89853
2,59,1,1,0.01,1,1
3,59,2,2,0.01,1,2
100,59,92,50,0.25,8,92
200,59,175,100,0.5,25,175
2000,59,1795,1000,5.0,205,1795
10000,59,8939,9000,45.0,1061,8939
20000,59,17897,19000,95.0,2103,17897
40000,59,35760,39000,195.0,4240,35760
60000,59,53648,59000,295.0,6352,53648
80000,59,71572,79000,395.0,8428,71572
100000,59,89495,99000,495.0,10505,89495
2,60,2,1,0.01,0,2
3,60,3,2,0.01,0,3
100,60,86,50,0.25,14,86
200,60,180,100,0.5,20,180
2000,60,1780,1000,5.0,220,1780
10000,60,8979,9000,45.0,1021,8979
20000,60,17949,19000,95.0,2051,17949
40000,60,35919,39000,195.0,4081,35919
60000,60,53804,59000,295.0,6196,53804
80000,60,71791,79000,395.0,8209,71791
100000,60,89627,99000,495.0,10373,89627
2,61,2,1,0.01,0,2
3,61,3,2,0.01,0,3
100,61,90,50,0.25,10,90
200,61,185,100,0.5,15,185
2000,61,1792,1000,5.0,208,1792
10000,61,8964,9000,45.0,1036,8964
20000,61,17895,19000,95.0,2105,17895
40000,61,35791,39000,195.0,4209,35791
60000,61,53630,59000,295.0,6370,53630
80000,61,71465,79000,395.0,8535,71465
100000,61,89395,99000,495.0,10605,89395
2,62,1,1,0.01,1,1
3,62,1,2,0.01,2,1
100,62,91,50,0.25,9,91
200,62,178,100,0.5,22,178
2000,62,1801,1000,5.0,199,1801
10000,62,8946,8923,44.62,1054,8946
20000,62,17894,18851,94.25,2106,17894
40000,62,35830,38851,194.25,4170,35830
60000,62,53709,58851,294.25,6291,53709
80000,62,71688,78851,394.25,8312,71688
100000,62,89552,98851,494.25,10448,89552
2,63,1,1,0.01,1,1
3,63,2,2,0.01,1,2
100,63,89,50,0.25,11,89
200,63,176,100,0.5,24,176
2000,63,1786,1000,5.0,214,1786
10000,63,8940,9000,45.0,1060,8940
20000,63,17873,19000,95.0,2127,17873
40000,63,35766,39000,195.0,4234,35766
60000,63,53731,59000,295.0,6269,53731
80000,63,71610,79000,395.0,8390,71610
100000,63,89509,99000,495.0,10491,89509
2,64,2,1,0.01,0,2
3,64,3,2,0.01,0,3
100,64,93,50,0.25,7,93
200,64,185,100,0.5,15,185
2000,64,1783,1000,5.0,217,1783
10000,64,8915,8995,44.98,1085,8915
20000,64,17880,18995,94.97,2120,17880
40000,64,35809,38995,194.97,4191,35809
60000,64,53730,58995,294.97,6270,53730
80000,64,71544,78995,394.97,8456,71544
100000,64,89391,98995,494.97,10609,89391
2,65,2,1,0.01,0,2
3,65,3,2,0.01,0,3
100,65,94,50,0.25,6,94
200,65,178,100,0.5,22,178
2000,65,1804,1000,5.0,196,1804
10000,65,8975,7907,39.54,1025,8975
20000,65,17946,17907,89.53,2054,17946
40000,65,35818,37907,189.53,4182,35818
60000,65,53728,57907,289.53,6272,53728
80000,65,71657,77907,389.53,8343,71657
100000,65,89600,97907,489.53,10400,89600
2,66,2,1,0.01,0,2
3,66,3,2,0.01,0,3
100,66,87,50,0.25,13,87
200,66,176,100,0.5,24,176
2000,66,1809,1000,5.0,191,1809
10000,66,8990,1070,5.35,1010,8990
20000,66,17988,1070,5.35,2012,17988
40000,66,35943,1070,5.35,4057,35943
60000,66,53942,1070,5.35,6058,53942
80000,66,71956,1070,5.35,8044,71956
100000,66,89985,1070,5.35,10015,89985
2,67,2,1,0.01,0,2
3,67,2,2,0.01,1,2
100,67,87,50,0.25,13,87
200,67,180,100,0.5,20,180
2000,67,1799,1000,5.0,201,1799
10000,67,8975,3344,16.72,1025,8975
20000,67,17996,3344,16.72,2004,17996
40000,67,35927,3344,16.72,4073,35927
60000,67,53949,3344,16.72,6051,53949
80000,67,72054,3344,16.72,7946,72054
100000,67,89966,3344,16.72,10034,89966
2,68,1,1,0.01,1,1
3,68,2,2,0.01,1,2
100,68,95,50,0.25,5,95
200,68,189,100,0.5,11,189
2000,68,1816,1000,5.0,184,1816
10000,68,9009,6193,30.96,991,9009
20000,68,17967,9322,46.61,2033,17967
40000,68,35911,23412,117.06,4089,35911
60000,68,53894,23412,117.06,6106,53894
80000,68,71873,23412,117.06,8127,71873
100000,68,89902,23412,117.06,10098,89902
2,69,2,1,0.01,0,2
3,69,3,2,0.01,0,3
100,69,92,50,0.25,8,92
200,69,176,100,0.5,24,176
2000,69,1795,1000,5.0,205,1795
10000,69,8936,1272,6.36,1064,8936
20000,69,17909,1272,6.36,2091,17909
40000,69,35906,1272,6.36,4094,35906
60000,69,53839,1272,6.36,6161,53839
80000,69,71848,1272,6.36,8152,71848
100000,69,89867,1272,6.36,10133,89867
2,70,2,1,0.01,0,2
3,70,3,2,0.01,0,3
100,70,96,50,0.25,4,96
200,70,187,100,0.5,13,187
2000,70,1814,1000,5.0,186,1814
10000,70,9046,1249,6.24,954,9046
20000,70,18090,1249,6.24,1910,18090
40000,70,36088,1369,6.84,3912,36088
60000,70,54104,1369,6.84,5896,54104
80000,70,72097,1372,6.86,7903,72097
100000,70,90141,1372,6.86,9859,90141
2,71,1,1,0.01,1,1
3,71,2,2,0.01,1,2
100,71,89,50,0.25,11,89
200,71,172,100,0.5,28,172
2000,71,1790,1000,5.0,210,1790
10000,71,9019,1000,5.0,981,9019
20000,71,18019,1000,5.0,1981,18019
40000,71,35936,1000,5.0,4064,35936
60000,71,53918,1000,5.0,6082,53918
80000,71,71869,1000,5.0,8131,71869
100000,71,89883,1000,5.0,10117,89883
2,72,2,1,0.01,0,2
3,72,3,2,0.01,0,3
100,72,94,50,0.25,6,94
200,72,182,100,0.5,18,182
2000,72,1810,1000,5.0,190,1810
10000,72,9044,1000,5.0,956,9044
20000,72,18024,1000,5.0,1976,18024
40000,72,35986,1016,5.08,4014,35986
60000,72,53971,1016,5.08,6029,53971
80000,72,71995,1016,5.08,8005,71995
100000,72,89977,1016,5.08,10023,89977
2,73,1,1,0.01,1,1
3,73,2,2,0.01,1,2
100,73,92,50,0.25,8,92
200,73,182,100,0.5,18,182
2000,73,1800,1000,5.0,200,1800
10000,73,8991,1000,5.0,1009,8991
20000,73,18011,1000,5.0,1989,18011
40000,73,36024,1000,5.0,3976,36024
60000,73,54127,1000,5.0,5873,54127
80000,73,72162,1000,5.0,7838,72162
100000,73,90136,1000,5.0,9864,90136
2,74,2,1,0.01,0,2
3,74,3,2,0.01,0,3
100,74,90,50,0.25,10,90
200,74,179,100,0.5,21,179
2000,74,1794,1000,5.0,206,1794
10000,74,8998,1000,5.0,1002,8998
20000,74,18039,1000,5.0,1961,18039
40000,74,35969,1000,5.0,4031,35969
60000,74,53987,1000,5.0,6013,53987
80000,74,71971,1000,5.0,8029,71971
100000,74,89921,1000,5.0,10079,89921
2,75,2,1,0.01,0,2
3,75,3,2,0.01,0,3
100,75,90,50,0.25,10,90
200,75,181,100,0.5,19,181
2000,75,1812,1000,5.0,188,1812
10000,75,8991,9000,45.0,1009,8991
20000,75,17942,18997,94.98,2058,17942
40000,75,35857,38776,193.88,4143,35857
60000,75,53796,58776,293.88,6204,53796
80000,75,71677,78776,393.88,8323,71677
100000,75,89542,98776,493.88,10458,89542
2,76,2,1,0.01,0,2
3,76,3,2,0.01,0,3
100,76,89,50,0.25,11,89
200,76,182,100,0.5,18,182
2000,76,1771,1000,5.0,229,1771
10000,76,8904,8997,44.99,1096,8904
20000,76,17859,18997,94.98,2141,17859
40000,76,35731,38997,194.98,4269,35731
60000,76,53606,58997,294.98,6394,53606
80000,76,71504,78997,394.98,8496,71504
100000,76,89363,98997,494.98,10637,89363
2,77,2,1,0.01,0,2
3,77,3,2,0.01,0,3
100,77,86,50,0.25,14,86
200,77,179,100,0.5,21,179
2000,77,1784,1000,5.0,216,1784
10000,77,8996,1000,5.0,1004,8996
20000,77,17945,1000,5.0,2055,17945
40000,77,35888,1000,5.0,4112,35888
60000,77,53990,1000,5.0,6010,53990
80000,77,71943,1000,5.0,8057,71943
100000,77,89948,1000,5.0,10052,89948
2,78,2,1,0.01,0,2
3,78,3,2,0.01,0,3
100,78,85,50,0.25,15,85
200,78,175,100,0.5,25,175
2000,78,1802,1000,5.0,198,1802
10000,78,9003,3063,15.32,997,9003
20000,78,18014,3063,15.32,1986,18014
40000,78,36012,3063,15.32,3988,36012
60000,78,54067,3063,15.32,5933,54067
80000,78,72044,3063,15.32,7956,72044
100000,78,90037,3063,15.32,9963,90037
2,79,2,1,0.01,0,2
3,79,3,2,0.01,0,3
100,79,86,50,0.25,14,86
200,79,172,100,0.5,28,172
2000,79,1787,1000,5.0,213,1787
10000,79,8980,9000,45.0,1020,8980
20000,79,17928,19000,95.0,2072,17928
40000,79,35860,39000,195.0,4140,35860
60000,79,53758,59000,295.0,6242,53758
80000,79,71671,79000,395.0,8329,71671
100000,79,89555,99000,495.0,10445,89555
2,80,2,1,0.01,0,2
3,80,3,2,0.01,0,3
100,80,87,50,0.25,13,87
200,80,177,100,0.5,23,177
2000,80,1800,1000,5.0,200,1800
10000,80,8956,3476,17.38,1044,8956
20000,80,17930,3476,17.38,2070,17930
40000,80,35894,3476,17.38,4106,35894
60000,80,53929,3476,17.38,6071,53929
80000,80,71987,3476,17.38,8013,71987
100000,80,90014,3476,17.38,9986,90014
2,81,2,1,0.01,0,2
3,81,3,2,0.01,0,3
100,81,90,50,0.25,10,90
200,81,177,100,0.5,23,177
2000,81,1800,1000,5.0,200,1800
10000,81,8982,1000,5.0,1018,8982
20000,81,17998,1000,5.0,2002,17998
40000,81,36027,1000,5.0,3973,36027
60000,81,53973,1000,5.0,6027,53973
80000,81,71891,1000,5.0,8109,71891
100000,81,89944,1000,5.0,10056,89944
2,82,2,1,0.01,0,2
3,82,3,2,0.01,0,3
100,82,89,50,0.25,11,89
200,82,178,100,0.5,22,178
2000,82,1782,1000,5.0,218,1782
10000,82,8963,9000,45.0,1037,8963
20000,82,17907,19000,95.0,2093,17907
40000,82,35849,39000,195.0,4151,35849
60000,82,53658,59000,295.0,6342,53658
80000,82,71594,79000,395.0,8406,71594
100000,82,89436,99000,495.0,10564,89436
2,83,2,1,0.01,0,2
3,83,3,2,0.01,0,3
100,83,92,50,0.25,8,92
200,83,184,100,0.5,16,184
2000,83,1790,1000,5.0,210,1790
10000,83,8981,8917,44.59,1019,8981
20000,83,17933,18917,94.58,2067,17933
40000,83,35867,38917,194.58,4133,35867
60000,83,53787,58917,294.58,6213,53787
80000,83,71644,78917,394.58,8356,71644
100000,83,89507,98917,494.58,10493,89507
2,84,2,1,0.01,0,2
3,84,3,2,0.01,0,3
100,84,90,50,0.25,10,90
200,84,176,100,0.5,24,176
2000,84,1809,1000,5.0,191,1809
10000,84,8989,8626,43.13,1011,8989
20000,84,17920,18180,90.9,2080,17920
40000,84,35846,38180,190.9,4154,35846
60000,84,53766,58124,290.62,6234,53766
80000,84,71700,78124,390.62,8300,71700
100000,84,89574,98124,490.62,10426,89574
2,85,2,1,0.01,0,2
3,85,3,2,0.01,0,3
100,85,91,50,0.25,9,91
200,85,179,100,0.5,21,179
2000,85,1794,1000,5.0,206,1794
10000,85,8997,1000,5.0,1003,8997
20000,85,17963,1000,5.0,2037,17963
40000,85,35987,1000,5.0,4013,35987
60000,85,54041,1000,5.0,5959,54041
80000,85,72096,1000,5.0,7904,72096
100000,85,90094,1000,5.0,9906,90094
2,86,2,1,0.01,0,2
3,86,3,2,0.01,0,3
100,86,94,50,0.25,6,94
200,86,180,100,0.5,20,180
2000,86,1803,1000,5.0,197,1803
10000,86,9012,1000,5.0,988,9012
20000,86,18015,1000,5.0,1985,18015
40000,86,35996,1000,5.0,4004,35996
60000,86,54007,1000,5.0,5993,54007
80000,86,71996,1000,5.0,8004,71996
100000,86,90022,1000,5.0,9978,90022
2,87,2,1,0.01,0,2
3,87,3,2,0.01,0,3
100,87,92,50,0.25,8,92
200,87,179,100,0.5,21,179
2000,87,1799,1000,5.0,201,1799
10000,87,9034,1000,5.0,966,9034
20000,87,18033,1000,5.0,1967,18033
40000,87,36058,1000,5.0,3942,36058
60000,87,54078,1000,5.0,5922,54078
80000,87,72117,1000,5.0,7883,72117
100000,87,90098,1000,5.0,9902,90098
2,88,2,1,0.01,0,2
3,88,3,2,0.01,0,3
100,88,94,50,0.25,6,94
200,88,184,100,0.5,16,184
2000,88,1805,1000,5.0,195,1805
10000,88,8977,1083,5.41,1023,8977
20000,88,17982,1083,5.41,2018,17982
40000,88,36015,1083,5.41,3985,36015
60000,88,54031,1083,5.41,5969,54031
80000,88,71955,1083,5.41,8045,71955
100000,88,89909,1083,5.41,10091,89909
2,89,2,1,0.01,0,2
3,89,3,2,0.01,0,3
100,89,92,50,0.25,8,92
200,89,183,100,0.5,17,183
2000,89,1800,1000,5.0,200,1800
10000,89,8946,8824,44.12,1054,8946
20000,89,17899,18824,94.12,2101,17899
40000,89,35879,38824,194.12,4121,35879
60000,89,53864,58824,294.12,6136,53864
80000,89,71709,78824,394.12,8291,71709
100000,89,89606,98824,494.12,10394,89606
2,90,1,1,0.01,1,1
3,90,2,2,0.01,1,2
100,90,89,50,0.25,11,89
200,90,183,100,0.5,17,183
2000,90,1796,1000,5.0,204,1796
10000,90,8967,2277,11.39,1033,8967
20000,90,17943,2277,11.39,2057,17943
40000,90,36011,2277,11.39,3989,36011
60000,90,53937,2277,11.39,6063,53937
80000,90,71893,2277,11.39,8107,71893
100000,90,89869,2277,11.39,10131,89869
2,91,2,1,0.01,0,2
3,91,3,2,0.01,0,3
100,91,91,50,0.25,9,91
200,91,186,100,0.5,14,186
2000,91,1790,1000,5.0,210,1790
10000,91,8978,1000,5.0,1022,8978
20000,91,17988,1000,5.0,2012,17988
40000,91,35965,1000,5.0,4035,35965
60000,91,53886,1000,5.0,6114,53886
80000,91,71860,1000,5.0,8140,71860
100000,91,89826,1000,5.0,10174,89826
2,92,2,1,0.01,0,2
3,92,3,2,0.01,0,3
100,92,91,50,0.25,9,91
200,92,177,100,0.5,23,177
2000,92,1800,1000,5.0,200,1800
10000,92,8969,6987,34.93,1031,8969
20000,92,17979,6987,34.93,2021,17979
40000,92,36009,6987,34.93,3991,36009
60000,92,53972,6987,34.93,6028,53972
80000,92,71899,6987,34.93,8101,71899
100000,92,89916,6987,34.93,10084,89916
2,93,2,1,0.01,0,2
3,93,3,2,0.01,0,3
100,93,90,50,0.25,10,90
200,93,179,100,0.5,21,179
2000,93,1805,1000,5.0,195,1805
10000,93,8968,9000,45.0,1032,8968
20000,93,17905,18795,93.97,2095,17905
40000,93,35867,38795,193.97,4133,35867
60000,93,53761,58795,293.97,6239,53761
80000,93,71657,78795,393.97,8343,71657
100000,93,89561,98795,493.97,10439,89561
2,94,2,1,0.01,0,2
3,94,3,2,0.01,0,3
100,94,88,50,0.25,12,88
200,94,177,100,0.5,23,177
2000,94,1770,1000,5.0,230,1770
10000,94,8969,1000,5.0,1031,8969
20000,94,17968,1000,5.0,2032,17968
40000,94,36006,1000,5.0,3994,36006
60000,94,54005,1000,5.0,5995,54005
80000,94,72022,1000,5.0,7978,72022
100000,94,89975,1000,5.0,10025,89975
2,95,2,1,0.01,0,2
3,95,3,2,0.01,0,3
100,95,95,50,0.25,5,95
200,95,187,100,0.5,13,187
2000,95,1818,1000,5.0,182,1818
10000,95,8985,7531,37.66,1015,8985
20000,95,17949,17531,87.65,2051,17949
40000,95,35947,37531,187.65,4053,35947
60000,95,53802,57531,287.65,6198,53802
80000,95,71652,77531,387.65,8348,71652
100000,95,89644,97531,487.65,10356,89644
2,96,2,1,0.01,0,2
3,96,3,2,0.01,0,3
100,96,93,50,0.25,7,93
200,96,188,100,0.5,12,188
2000,96,1787,1000,5.0,213,1787
10000,96,8942,8999,45.0,1058,8942
20000,96,17873,18999,94.99,2127,17873
40000,96,35783,38999,194.99,4217,35783
60000,96,53762,58999,294.99,6238,53762
80000,96,71701,78999,394.99,8299,71701
100000,96,89622,98999,494.99,10378,89622
2,97,2,1,0.01,0,2
3,97,3,2,0.01,0,3
100,97,94,50,0.25,6,94
200,97,182,100,0.5,18,182
2000,97,1806,1000,5.0,194,1806
10000,97,8983,7598,37.99,1017,8983
20000,97,17918,16707,83.53,2082,17918
40000,97,35833,36707,183.53,4167,35833
60000,97,53748,56707,283.53,6252,53748
80000,97,71669,76707,383.53,8331,71669
100000,97,89624,96707,483.53,10376,89624
2,98,2,1,0.01,0,2
3,98,3,2,0.01,0,3
100,98,87,50,0.25,13,87
200,98,176,100,0.5,24,176
2000,98,1784,1000,5.0,216,1784
10000,98,8887,8656,43.28,1113,8887
20000,98,17829,18656,93.28,2171,17829
40000,98,35664,38656,193.28,4336,35664
60000,98,53517,58656,293.28,6483,53517
80000,98,71447,78656,393.28,8553,71447
100000,98,89341,98656,493.28,10659,89341
2,99,1,1,0.01,1,1
3,99,1,2,0.01,2,1
100,99,84,50,0.25,16,84
200,99,175,100,0.5,25,175
2000,99,1789,1000,5.0,211,1789
10000,99,8922,9000,45.0,1078,8922
20000,99,17867,19000,95.0,2133,17867
40000,99,35774,39000,195.0,4226,35774
60000,99,53696,59000,295.0,6304,53696
80000,99,71550,79000,395.0,8450,71550
100000,99,89465,99000,495.0,10535,89465
2,100,2,1,0.01,0,2
3,100,3,2,0.01,0,3
100,100,91,50,0.25,9,91
200,100,180,100,0.5,20,180
2000,100,1786,1000,5.0,214,1786
10000,100,8986,1364,6.82,1014,8986
20000,100,18009,1364,6.82,1991,18009
40000,100,36008,1364,6.82,3992,36008
60000,100,53999,1364,6.82,6001,53999
80000,100,71994,1364,6.82,8006,71994
100000,100,89976,1364,6.82,10024,89976
