Timestep,Iteration,Total Reward,Suboptimal Arms Count,Total Regret,Zeros Count,Ones Count
2,1,0,1,0.01,2,0
3,1,1,2,0.01,2,1
100,1,47,50,0.25,53,47
200,1,96,100,0.5,104,96
2000,1,959,1000,5.0,1041,959
10000,1,4969,1000,5.0,5031,4969
20000,1,9996,1000,5.0,10004,9996
40000,1,19998,1000,5.0,20002,19998
60000,1,29956,1000,5.0,30044,29956
80000,1,40153,1000,5.0,39847,40153
100000,1,50262,1000,5.0,49738,50262
2,2,1,1,0.01,1,1
3,2,1,2,0.01,2,1
100,2,50,50,0.25,50,50
200,2,97,100,0.5,103,97
2000,2,958,1000,5.0,1042,958
10000,2,4896,9000,45.0,5104,4896
20000,2,9826,19000,95.0,10174,9826
40000,2,19867,39000,195.0,20133,19867
60000,2,29798,59000,295.0,30202,29798
80000,2,39606,79000,395.0,40394,39606
100000,2,49474,99000,495.0,50526,49474
2,3,1,1,0.01,1,1
3,3,1,2,0.01,2,1
100,3,58,50,0.25,42,58
200,3,105,100,0.5,95,105
2000,3,1029,1000,5.0,971,1029
10000,3,5086,1000,5.0,4914,5086
20000,3,10065,1000,5.0,9935,10065
40000,3,20067,1291,6.45,19933,20067
60000,3,30118,1330,6.65,29882,30118
80000,3,40110,1330,6.65,39890,40110
100000,3,50115,1330,6.65,49885,50115
2,4,2,1,0.01,0,2
3,4,2,2,0.01,1,2
100,4,60,50,0.25,40,60
200,4,104,100,0.5,96,104
2000,4,1008,1000,5.0,992,1008
10000,4,4955,1156,5.78,5045,4955
20000,4,10027,1156,5.78,9973,10027
40000,4,20039,1156,5.78,19961,20039
60000,4,30198,1156,5.78,29802,30198
80000,4,40171,1156,5.78,39829,40171
100000,4,50245,1156,5.78,49755,50245
2,5,0,1,0.01,2,0
3,5,1,2,0.01,2,1
100,5,50,50,0.25,50,50
200,5,97,100,0.5,103,97
2000,5,959,1000,5.0,1041,959
10000,5,5011,1000,5.0,4989,5011
20000,5,10078,1000,5.0,9922,10078
40000,5,20103,1000,5.0,19897,20103
60000,5,30171,1000,5.0,29829,30171
80000,5,40173,1000,5.0,39827,40173
100000,5,50252,1000,5.0,49748,50252
2,6,1,1,0.01,1,1
3,6,1,2,0.01,2,1
100,6,46,50,0.25,54,46
200,6,92,100,0.5,108,92
2000,6,985,1000,5.0,1015,985
10000,6,4976,1000,5.0,5024,4976
20000,6,9938,1000,5.0,10062,9938
40000,6,20000,1000,5.0,20000,20000
60000,6,29965,1000,5.0,30035,29965
80000,6,39941,1000,5.0,40059,39941
100000,6,49955,1000,5.0,50045,49955
2,7,1,1,0.01,1,1
3,7,2,2,0.01,1,2
100,7,56,50,0.25,44,56
200,7,107,100,0.5,93,107
2000,7,1018,1000,5.0,982,1018
10000,7,4921,1105,5.52,5079,4921
20000,7,10016,1105,5.52,9984,10016
40000,7,20185,1105,5.52,19815,20185
60000,7,30283,1105,5.52,29717,30283
80000,7,40299,1105,5.52,39701,40299
100000,7,50317,1105,5.52,49683,50317
2,8,2,1,0.01,0,2
3,8,2,2,0.01,1,2
100,8,43,50,0.25,57,43
200,8,86,100,0.5,114,86
2000,8,977,1000,5.0,1023,977
10000,8,5003,1000,5.0,4997,5003
20000,8,10033,1000,5.0,9967,10033
40000,8,20066,1000,5.0,19934,20066
60000,8,30088,1000,5.0,29912,30088
80000,8,39986,1000,5.0,40014,39986
100000,8,50002,1000,5.0,49998,50002
2,9,0,1,0.01,2,0
3,9,1,2,0.01,2,1
100,9,46,50,0.25,54,46
200,9,91,100,0.5,109,91
2000,9,1001,1000,5.0,999,1001
10000,9,4953,1537,7.68,5047,4953
20000,9,9897,1537,7.68,10103,9897
40000,9,19814,1537,7.68,20186,19814
60000,9,29888,1537,7.68,30112,29888
80000,9,39794,1537,7.68,40206,39794
100000,9,49851,1537,7.68,50149,49851
2,10,1,1,0.01,1,1
3,10,1,2,0.01,2,1
100,10,48,50,0.25,52,48
200,10,97,100,0.5,103,97
2000,10,1000,1000,5.0,1000,1000
10000,10,4947,3547,17.74,5053,4947
20000,10,10021,3547,17.74,9979,10021
40000,10,20108,3547,17.74,19892,20108
60000,10,30016,3547,17.74,29984,30016
80000,10,40071,3547,17.74,39929,40071
100000,10,50207,3547,17.74,49793,50207
2,11,1,1,0.01,1,1
3,11,1,2,0.01,2,1
100,11,55,50,0.25,45,55
200,11,100,100,0.5,100,100
2000,11,1011,1000,5.0,989,1011
10000,11,4912,5632,28.16,5088,4912
20000,11,9894,15632,78.16,10106,9894
40000,11,19852,35632,178.16,20148,19852
60000,11,29680,55632,278.16,30320,29680
80000,11,39609,75632,378.16,40391,39609
100000,11,49483,95632,478.16,50517,49483
2,12,1,1,0.01,1,1
3,12,1,2,0.01,2,1
100,12,55,50,0.25,45,55
200,12,105,100,0.5,95,105
2000,12,1005,1000,5.0,995,1005
10000,12,5067,1100,5.5,4933,5067
20000,12,10061,1100,5.5,9939,10061
40000,12,20190,1100,5.5,19810,20190
60000,12,30249,1100,5.5,29751,30249
80000,12,40264,1100,5.5,39736,40264
100000,12,50261,1100,5.5,49739,50261
2,13,0,1,0.01,2,0
3,13,1,2,0.01,2,1
100,13,39,50,0.25,61,39
200,13,89,100,0.5,111,89
2000,13,947,1000,5.0,1053,947
10000,13,4948,1000,5.0,5052,4948
20000,13,9992,1000,5.0,10008,9992
40000,13,19893,1000,5.0,20107,19893
60000,13,29857,1000,5.0,30143,29857
80000,13,39804,1000,5.0,40196,39804
100000,13,49840,1000,5.0,50160,49840
2,14,1,1,0.01,1,1
3,14,1,2,0.01,2,1
100,14,54,50,0.25,46,54
200,14,110,100,0.5,90,110
2000,14,978,1000,5.0,1022,978
10000,14,5030,1000,5.0,4970,5030
20000,14,10051,1000,5.0,9949,10051
40000,14,20014,1000,5.0,19986,20014
60000,14,29988,1000,5.0,30012,29988
80000,14,39995,1000,5.0,40005,39995
100000,14,50033,1000,5.0,49967,50033
2,15,1,1,0.01,1,1
3,15,2,2,0.01,1,2
100,15,53,50,0.25,47,53
200,15,100,100,0.5,100,100
2000,15,989,1000,5.0,1011,989
10000,15,5066,1000,5.0,4934,5066
20000,15,10171,1000,5.0,9829,10171
40000,15,20162,1000,5.0,19838,20162
60000,15,30085,1000,5.0,29915,30085
80000,15,40242,1000,5.0,39758,40242
100000,15,50397,1000,5.0,49603,50397
2,16,1,1,0.01,1,1
3,16,1,2,0.01,2,1
100,16,48,50,0.25,52,48
200,16,94,100,0.5,106,94
2000,16,1015,1000,5.0,985,1015
10000,16,5032,1000,5.0,4968,5032
20000,16,9891,1000,5.0,10109,9891
40000,16,19850,1000,5.0,20150,19850
60000,16,29848,1000,5.0,30152,29848
80000,16,39761,1000,5.0,40239,39761
100000,16,49810,1000,5.0,50190,49810
2,17,2,1,0.01,0,2
3,17,3,2,0.01,0,3
100,17,52,50,0.25,48,52
200,17,106,100,0.5,94,106
2000,17,1025,1000,5.0,975,1025
10000,17,5025,1837,9.19,4975,5025
20000,17,10098,1837,9.19,9902,10098
40000,17,20179,1837,9.19,19821,20179
60000,17,30166,1837,9.19,29834,30166
80000,17,40183,1837,9.19,39817,40183
100000,17,50274,1837,9.19,49726,50274
2,18,1,1,0.01,1,1
3,18,1,2,0.01,2,1
100,18,49,50,0.25,51,49
200,18,99,100,0.5,101,99
2000,18,959,1000,5.0,1041,959
10000,18,4910,1000,5.0,5090,4910
20000,18,9904,1000,5.0,10096,9904
40000,18,19813,1000,5.0,20187,19813
60000,18,29774,1000,5.0,30226,29774
80000,18,39924,1000,5.0,40076,39924
100000,18,49968,1000,5.0,50032,49968
2,19,2,1,0.01,0,2
3,19,2,2,0.01,1,2
100,19,53,50,0.25,47,53
200,19,107,100,0.5,93,107
2000,19,1011,1000,5.0,989,1011
10000,19,5030,8995,44.98,4970,5030
20000,19,9944,18985,94.92,10056,9944
40000,19,19863,38015,190.07,20137,19863
60000,19,29818,58015,290.07,30182,29818
80000,19,39589,78015,390.07,40411,39589
100000,19,49499,97961,489.8,50501,49499
2,20,1,1,0.01,1,1
3,20,2,2,0.01,1,2
100,20,53,50,0.25,47,53
200,20,95,100,0.5,105,95
2000,20,958,1000,5.0,1042,958
10000,20,4985,1000,5.0,5015,4985
20000,20,9927,1000,5.0,10073,9927
40000,20,20006,1000,5.0,19994,20006
60000,20,30173,1000,5.0,29827,30173
80000,20,40101,1000,5.0,39899,40101
100000,20,50049,1000,5.0,49951,50049
2,21,1,1,0.01,1,1
3,21,1,2,0.01,2,1
100,21,55,50,0.25,45,55
200,21,116,100,0.5,84,116
2000,21,988,1000,5.0,1012,988
10000,21,5020,1000,5.0,4980,5020
20000,21,10024,1000,5.0,9976,10024
40000,21,19984,1000,5.0,20016,19984
60000,21,30080,1000,5.0,29920,30080
80000,21,40074,1000,5.0,39926,40074
100000,21,50001,1000,5.0,49999,50001
2,22,0,1,0.01,2,0
3,22,1,2,0.01,2,1
100,22,48,50,0.25,52,48
200,22,111,100,0.5,89,111
2000,22,1019,1000,5.0,981,1019
10000,22,5041,9000,45.0,4959,5041
20000,22,9962,19000,95.0,10038,9962
40000,22,19714,39000,195.0,20286,19714
60000,22,29623,59000,295.0,30377,29623
80000,22,39582,79000,395.0,40418,39582
100000,22,49569,99000,495.0,50431,49569
2,23,1,1,0.01,1,1
3,23,1,2,0.01,2,1
100,23,48,50,0.25,52,48
200,23,107,100,0.5,93,107
2000,23,980,1000,5.0,1020,980
10000,23,4886,8937,44.69,5114,4886
20000,23,9906,18937,94.68,10094,9906
40000,23,19704,38937,194.68,20296,19704
60000,23,29600,58937,294.68,30400,29600
80000,23,39622,78937,394.68,40378,39622
100000,23,49474,98937,494.68,50526,49474
2,24,0,1,0.01,2,0
3,24,0,2,0.01,3,0
100,24,42,50,0.25,58,42
200,24,87,100,0.5,113,87
2000,24,999,1000,5.0,1001,999
10000,24,4887,8554,42.77,5113,4887
20000,24,9886,18554,92.77,10114,9886
40000,24,19857,38554,192.77,20143,19857
60000,24,29711,58554,292.77,30289,29711
80000,24,39608,78554,392.77,40392,39608
100000,24,49590,98554,492.77,50410,49590
2,25,1,1,0.01,1,1
3,25,1,2,0.01,2,1
100,25,50,50,0.25,50,50
200,25,107,100,0.5,93,107
2000,25,996,1000,5.0,1004,996
10000,25,4969,1122,5.61,5031,4969
20000,25,9936,1168,5.84,10064,9936
40000,25,19956,1168,5.84,20044,19956
60000,25,29936,1168,5.84,30064,29936
80000,25,39947,1168,5.84,40053,39947
100000,25,50091,1168,5.84,49909,50091
2,26,1,1,0.01,1,1
3,26,2,2,0.01,1,2
100,26,56,50,0.25,44,56
200,26,106,100,0.5,94,106
2000,26,936,1000,5.0,1064,936
10000,26,4929,1000,5.0,5071,4929
20000,26,9986,1000,5.0,10014,9986
40000,26,19929,1000,5.0,20071,19929
60000,26,29968,1000,5.0,30032,29968
80000,26,39887,1000,5.0,40113,39887
100000,26,49898,1000,5.0,50102,49898
2,27,0,1,0.01,2,0
3,27,0,2,0.01,3,0
100,27,46,50,0.25,54,46
200,27,94,100,0.5,106,94
2000,27,996,1000,5.0,1004,996
10000,27,4953,3820,19.1,5047,4953
20000,27,9987,3820,19.1,10013,9987
40000,27,19933,3820,19.1,20067,19933
60000,27,29932,3820,19.1,30068,29932
80000,27,39887,3820,19.1,40113,39887
100000,27,49849,3820,19.1,50151,49849
2,28,1,1,0.01,1,1
3,28,1,2,0.01,2,1
100,28,46,50,0.25,54,46
200,28,92,100,0.5,108,92
2000,28,966,1000,5.0,1034,966
10000,28,4941,1000,5.0,5059,4941
20000,28,9942,1000,5.0,10058,9942
40000,28,19980,1000,5.0,20020,19980
60000,28,29994,1000,5.0,30006,29994
80000,28,39932,1000,5.0,40068,39932
100000,28,49944,1000,5.0,50056,49944
2,29,1,1,0.01,1,1
3,29,2,2,0.01,1,2
100,29,52,50,0.25,48,52
200,29,98,100,0.5,102,98
2000,29,1025,1000,5.0,975,1025
10000,29,4992,6520,32.6,5008,4992
20000,29,10040,6979,34.89,9960,10040
40000,29,19979,6979,34.89,20021,19979
60000,29,30094,6979,34.89,29906,30094
80000,29,40149,6979,34.89,39851,40149
100000,29,50154,6979,34.89,49846,50154
2,30,2,1,0.01,0,2
3,30,2,2,0.01,1,2
100,30,47,50,0.25,53,47
200,30,100,100,0.5,100,100
2000,30,944,1000,5.0,1056,944
10000,30,4951,1000,5.0,5049,4951
20000,30,9967,1000,5.0,10033,9967
40000,30,20103,1000,5.0,19897,20103
60000,30,30135,1000,5.0,29865,30135
80000,30,40130,1000,5.0,39870,40130
100000,30,50068,1000,5.0,49932,50068
2,31,1,1,0.01,1,1
3,31,1,2,0.01,2,1
100,31,39,50,0.25,61,39
200,31,78,100,0.5,122,78
2000,31,937,1000,5.0,1063,937
10000,31,4853,1000,5.0,5147,4853
20000,31,9871,1000,5.0,10129,9871
40000,31,20018,1000,5.0,19982,20018
60000,31,29941,1000,5.0,30059,29941
80000,31,39971,1000,5.0,40029,39971
100000,31,49960,1000,5.0,50040,49960
2,32,2,1,0.01,0,2
3,32,2,2,0.01,1,2
100,32,49,50,0.25,51,49
200,32,99,100,0.5,101,99
2000,32,1032,1000,5.0,968,1032
10000,32,4944,7872,39.36,5056,4944
20000,32,9888,17872,89.36,10112,9888
40000,32,19813,37872,189.36,20187,19813
60000,32,29807,57872,289.36,30193,29807
80000,32,39668,77872,389.36,40332,39668
100000,32,49413,97872,489.36,50587,49413
2,33,0,1,0.01,2,0
3,33,1,2,0.01,2,1
100,33,46,50,0.25,54,46
200,33,101,100,0.5,99,101
2000,33,1002,1000,5.0,998,1002
10000,33,5002,1000,5.0,4998,5002
20000,33,10042,1000,5.0,9958,10042
40000,33,20048,1000,5.0,19952,20048
60000,33,30048,1000,5.0,29952,30048
80000,33,40124,1000,5.0,39876,40124
100000,33,50093,1000,5.0,49907,50093
2,34,2,1,0.01,0,2
3,34,2,2,0.01,1,2
100,34,59,50,0.25,41,59
200,34,105,100,0.5,95,105
2000,34,995,1000,5.0,1005,995
10000,34,4947,9000,45.0,5053,4947
20000,34,9913,19000,95.0,10087,9913
40000,34,19836,39000,195.0,20164,19836
60000,34,29641,59000,295.0,30359,29641
80000,34,39670,79000,395.0,40330,39670
100000,34,49529,99000,495.0,50471,49529
2,35,1,1,0.01,1,1
3,35,2,2,0.01,1,2
100,35,54,50,0.25,46,54
200,35,110,100,0.5,90,110
2000,35,1016,1000,5.0,984,1016
10000,35,4981,3448,17.24,5019,4981
20000,35,9917,3600,18.0,10083,9917
40000,35,19884,3800,19.0,20116,19884
60000,35,29940,3800,19.0,30060,29940
80000,35,39952,3800,19.0,40048,39952
100000,35,50024,3800,19.0,49976,50024
2,36,1,1,0.01,1,1
3,36,2,2,0.01,1,2
100,36,51,50,0.25,49,51
200,36,100,100,0.5,100,100
2000,36,1000,1000,5.0,1000,1000
10000,36,4994,9000,45.0,5006,4994
20000,36,9936,19000,95.0,10064,9936
40000,36,19865,39000,195.0,20135,19865
60000,36,29762,59000,295.0,30238,29762
80000,36,39696,79000,395.0,40304,39696
100000,36,49676,99000,495.0,50324,49676
2,37,2,1,0.01,0,2
3,37,3,2,0.01,0,3
100,37,56,50,0.25,44,56
200,37,106,100,0.5,94,106
2000,37,980,1000,5.0,1020,980
10000,37,4932,1024,5.12,5068,4932
20000,37,9973,1024,5.12,10027,9973
40000,37,20063,1024,5.12,19937,20063
60000,37,29965,1024,5.12,30035,29965
80000,37,39900,1024,5.12,40100,39900
100000,37,50040,1024,5.12,49960,50040
2,38,2,1,0.01,0,2
3,38,3,2,0.01,0,3
100,38,48,50,0.25,52,48
200,38,92,100,0.5,108,92
2000,38,996,1000,5.0,1004,996
10000,38,5044,1000,5.0,4956,5044
20000,38,10061,1000,5.0,9939,10061
40000,38,20072,1000,5.0,19928,20072
60000,38,30091,1000,5.0,29909,30091
80000,38,40158,1000,5.0,39842,40158
100000,38,50166,1000,5.0,49834,50166
2,39,0,1,0.01,2,0
3,39,1,2,0.01,2,1
100,39,51,50,0.25,49,51
200,39,96,100,0.5,104,96
2000,39,982,1000,5.0,1018,982
10000,39,5001,2195,10.98,4999,5001
20000,39,9990,2195,10.98,10010,9990
40000,39,19791,2195,10.98,20209,19791
60000,39,29752,2195,10.98,30248,29752
80000,39,39746,2195,10.98,40254,39746
100000,39,49860,2195,10.98,50140,49860
2,40,2,1,0.01,0,2
3,40,2,2,0.01,1,2
100,40,41,50,0.25,59,41
200,40,90,100,0.5,110,90
2000,40,968,1000,5.0,1032,968
10000,40,4944,1000,5.0,5056,4944
20000,40,9948,1000,5.0,10052,9948
40000,40,20023,1000,5.0,19977,20023
60000,40,30002,1000,5.0,29998,30002
80000,40,40009,1000,5.0,39991,40009
100000,40,50146,1000,5.0,49854,50146
2,41,1,1,0.01,1,1
3,41,1,2,0.01,2,1
100,41,55,50,0.25,45,55
200,41,97,100,0.5,103,97
2000,41,1003,1000,5.0,997,1003
10000,41,4990,9000,45.0,5010,4990
20000,41,10050,19000,95.0,9950,10050
40000,41,20006,39000,195.0,19994,20006
60000,41,29932,59000,295.0,30068,29932
80000,41,39729,79000,395.0,40271,39729
100000,41,49553,99000,495.0,50447,49553
2,42,1,1,0.01,1,1
3,42,1,2,0.01,2,1
100,42,47,50,0.25,53,47
200,42,100,100,0.5,100,100
2000,42,975,1000,5.0,1025,975
10000,42,5001,9000,45.0,4999,5001
20000,42,9947,19000,95.0,10053,9947
40000,42,19785,39000,195.0,20215,19785
60000,42,29718,59000,295.0,30282,29718
80000,42,39632,79000,395.0,40368,39632
100000,42,49469,99000,495.0,50531,49469
2,43,1,1,0.01,1,1
3,43,2,2,0.01,1,2
100,43,53,50,0.25,47,53
200,43,103,100,0.5,97,103
2000,43,984,1000,5.0,1016,984
10000,43,4866,4236,21.18,5134,4866
20000,43,9852,4236,21.18,10148,9852
40000,43,19870,4236,21.18,20130,19870
60000,43,29792,4236,21.18,30208,29792
80000,43,39752,4236,21.18,40248,39752
100000,43,49795,4236,21.18,50205,49795
2,44,1,1,0.01,1,1
3,44,1,2,0.01,2,1
100,44,42,50,0.25,58,42
200,44,91,100,0.5,109,91
2000,44,1011,1000,5.0,989,1011
10000,44,5074,1000,5.0,4926,5074
20000,44,10050,1000,5.0,9950,10050
40000,44,20200,1000,5.0,19800,20200
60000,44,30302,1000,5.0,29698,30302
80000,44,40301,1000,5.0,39699,40301
100000,44,50393,1000,5.0,49607,50393
2,45,0,1,0.01,2,0
3,45,1,2,0.01,2,1
100,45,42,50,0.25,58,42
200,45,96,100,0.5,104,96
2000,45,976,1000,5.0,1024,976
10000,45,4858,9000,45.0,5142,4858
20000,45,9788,19000,95.0,10212,9788
40000,45,19627,39000,195.0,20373,19627
60000,45,29534,59000,295.0,30466,29534
80000,45,39462,79000,395.0,40538,39462
100000,45,49311,99000,495.0,50689,49311
2,46,1,1,0.01,1,1
3,46,2,2,0.01,1,2
100,46,42,50,0.25,58,42
200,46,96,100,0.5,104,96
2000,46,1017,1000,5.0,983,1017
10000,46,5024,1000,5.0,4976,5024
20000,46,9940,1000,5.0,10060,9940
40000,46,19951,1000,5.0,20049,19951
60000,46,30068,1000,5.0,29932,30068
80000,46,40169,1000,5.0,39831,40169
100000,46,50102,1000,5.0,49898,50102
2,47,0,1,0.01,2,0
3,47,1,2,0.01,2,1
100,47,53,50,0.25,47,53
200,47,112,100,0.5,88,112
2000,47,1030,1000,5.0,970,1030
10000,47,5084,1195,5.97,4916,5084
20000,47,10019,1612,8.06,9981,10019
40000,47,20070,1644,8.22,19930,20070
60000,47,30115,1644,8.22,29885,30115
80000,47,40099,1644,8.22,39901,40099
100000,47,50040,1644,8.22,49960,50040
2,48,0,1,0.01,2,0
3,48,0,2,0.01,3,0
100,48,47,50,0.25,53,47
200,48,97,100,0.5,103,97
2000,48,984,1000,5.0,1016,984
10000,48,5016,1000,5.0,4984,5016
20000,48,10036,1000,5.0,9964,10036
40000,48,20106,1000,5.0,19894,20106
60000,48,30060,1000,5.0,29940,30060
80000,48,40071,1000,5.0,39929,40071
100000,48,50070,1000,5.0,49930,50070
2,49,2,1,0.01,0,2
3,49,3,2,0.01,0,3
100,49,54,50,0.25,46,54
200,49,105,100,0.5,95,105
2000,49,1015,1000,5.0,985,1015
10000,49,4972,5444,27.22,5028,4972
20000,49,9972,5444,27.22,10028,9972
40000,49,19853,5444,27.22,20147,19853
60000,49,29853,5444,27.22,30147,29853
80000,49,39802,5444,27.22,40198,39802
100000,49,49828,5444,27.22,50172,49828
2,50,1,1,0.01,1,1
3,50,2,2,0.01,1,2
100,50,50,50,0.25,50,50
200,50,93,100,0.5,107,93
2000,50,973,1000,5.0,1027,973
10000,50,4875,8956,44.78,5125,4875
20000,50,9833,18956,94.78,10167,9833
40000,50,19605,38956,194.78,20395,19605
60000,50,29542,58956,294.78,30458,29542
80000,50,39529,78956,394.78,40471,39529
100000,50,49432,98956,494.78,50568,49432
2,51,1,1,0.01,1,1
3,51,1,2,0.01,2,1
100,51,56,50,0.25,44,56
200,51,110,100,0.5,90,110
2000,51,1000,1000,5.0,1000,1000
10000,51,5040,9000,45.0,4960,5040
20000,51,9949,19000,95.0,10051,9949
40000,51,19747,39000,195.0,20253,19747
60000,51,29641,59000,295.0,30359,29641
80000,51,39572,79000,395.0,40428,39572
100000,51,49324,99000,495.0,50676,49324
2,52,2,1,0.01,0,2
3,52,3,2,0.01,0,3
100,52,56,50,0.25,44,56
200,52,98,100,0.5,102,98
2000,52,985,1000,5.0,1015,985
10000,52,4996,8609,43.05,5004,4996
20000,52,9862,18609,93.04,10138,9862
40000,52,19758,38609,193.04,20242,19758
60000,52,29704,58609,293.04,30296,29704
80000,52,39626,78609,393.04,40374,39626
100000,52,49454,98609,493.04,50546,49454
2,53,0,1,0.01,2,0
3,53,0,2,0.01,3,0
100,53,48,50,0.25,52,48
200,53,104,100,0.5,96,104
2000,53,991,1000,5.0,1009,991
10000,53,4989,1000,5.0,5011,4989
20000,53,10031,1000,5.0,9969,10031
40000,53,19972,1000,5.0,20028,19972
60000,53,29841,1000,5.0,30159,29841
80000,53,39742,1000,5.0,40258,39742
100000,53,49731,1000,5.0,50269,49731
2,54,1,1,0.01,1,1
3,54,1,2,0.01,2,1
100,54,51,50,0.25,49,51
200,54,93,100,0.5,107,93
2000,54,964,1000,5.0,1036,964
10000,54,4986,1000,5.0,5014,4986
20000,54,10023,1000,5.0,9977,10023
40000,54,20071,1000,5.0,19929,20071
60000,54,30089,1000,5.0,29911,30089
80000,54,40090,1000,5.0,39910,40090
100000,54,50088,1000,5.0,49912,50088
2,55,0,1,0.01,2,0
3,55,1,2,0.01,2,1
100,55,53,50,0.25,47,53
200,55,106,100,0.5,94,106
2000,55,1003,1000,5.0,997,1003
10000,55,5065,9000,45.0,4935,5065
20000,55,10055,19000,95.0,9945,10055
40000,55,20001,39000,195.0,19999,20001
60000,55,29891,59000,295.0,30109,29891
80000,55,39801,78999,394.99,40199,39801
100000,55,49697,98999,494.99,50303,49697
2,56,1,1,0.01,1,1
3,56,1,2,0.01,2,1
100,56,42,50,0.25,58,42
200,56,88,100,0.5,112,88
2000,56,976,1000,5.0,1024,976
10000,56,4985,1000,5.0,5015,4985
20000,56,9960,1000,5.0,10040,9960
40000,56,19971,1000,5.0,20029,19971
60000,56,30045,1000,5.0,29955,30045
80000,56,39976,1000,5.0,40024,39976
100000,56,50024,1000,5.0,49976,50024
2,57,1,1,0.01,1,1
3,57,2,2,0.01,1,2
100,57,44,50,0.25,56,44
200,57,93,100,0.5,107,93
2000,57,1003,1000,5.0,997,1003
10000,57,4951,7851,39.26,5049,4951
20000,57,9847,17851,89.25,10153,9847
40000,57,19721,37851,189.25,20279,19721
60000,57,29576,57851,289.25,30424,29576
80000,57,39328,77851,389.25,40672,39328
100000,57,49325,97851,489.25,50675,49325
2,58,1,1,0.01,1,1
3,58,2,2,0.01,1,2
100,58,51,50,0.25,49,51
200,58,102,100,0.5,98,102
2000,58,990,1000,5.0,1010,990
10000,58,4998,9000,45.0,5002,4998
20000,58,9918,19000,95.0,10082,9918
40000,58,19926,39000,195.0,20074,19926
60000,58,29643,59000,295.0,30357,29643
80000,58,39421,79000,395.0,40579,39421
100000,58,49292,99000,495.0,50708,49292
2,59,1,1,0.01,1,1
3,59,2,2,0.01,1,2
100,59,51,50,0.25,49,51
200,59,103,100,0.5,97,103
2000,59,1030,1000,5.0,970,1030
10000,59,5085,1452,7.26,4915,5085
20000,59,10019,1597,7.98,9981,10019
40000,59,19994,1626,8.13,20006,19994
60000,59,30046,1639,8.19,29954,30046
80000,59,40065,1639,8.19,39935,40065
100000,59,50033,1639,8.19,49967,50033
2,60,2,1,0.01,0,2
3,60,3,2,0.01,0,3
100,60,56,50,0.25,44,56
200,60,102,100,0.5,98,102
2000,60,1016,1000,5.0,984,1016
10000,60,4981,1485,7.42,5019,4981
20000,60,10016,1485,7.42,9984,10016
40000,60,20037,1485,7.42,19963,20037
60000,60,30084,1485,7.42,29916,30084
80000,60,40037,1485,7.42,39963,40037
100000,60,49990,1485,7.42,50010,49990
2,61,1,1,0.01,1,1
3,61,1,2,0.01,2,1
100,61,46,50,0.25,54,46
200,61,98,100,0.5,102,98
2000,61,1020,1000,5.0,980,1020
10000,61,4998,4193,20.97,5002,4998
20000,61,10002,4193,20.97,9998,10002
40000,61,19910,4193,20.97,20090,19910
60000,61,29937,4193,20.97,30063,29937
80000,61,39937,4193,20.97,40063,39937
100000,61,49897,4193,20.97,50103,49897
2,62,2,1,0.01,0,2
3,62,3,2,0.01,0,3
100,62,50,50,0.25,50,50
200,62,107,100,0.5,93,107
2000,62,1006,1000,5.0,994,1006
10000,62,5033,1000,5.0,4967,5033
20000,62,10048,1000,5.0,9952,10048
40000,62,20170,1000,5.0,19830,20170
60000,62,30102,1000,5.0,29898,30102
80000,62,40079,1000,5.0,39921,40079
100000,62,50079,1000,5.0,49921,50079
2,63,1,1,0.01,1,1
3,63,2,2,0.01,1,2
100,63,51,50,0.25,49,51
200,63,100,100,0.5,100,100
2000,63,992,1000,5.0,1008,992
10000,63,5015,9000,45.0,4985,5015
20000,63,10007,19000,95.0,9993,10007
40000,63,19955,39000,195.0,20045,19955
60000,63,29838,59000,295.0,30162,29838
80000,63,39678,79000,395.0,40322,39678
100000,63,49646,99000,495.0,50354,49646
2,64,1,1,0.01,1,1
3,64,1,2,0.01,2,1
100,64,54,50,0.25,46,54
200,64,91,100,0.5,109,91
2000,64,1001,1000,5.0,999,1001
10000,64,4965,1013,5.06,5035,4965
20000,64,9951,1013,5.06,10049,9951
40000,64,20007,1013,5.06,19993,20007
60000,64,29854,1013,5.06,30146,29854
80000,64,39868,1013,5.06,40132,39868
100000,64,49841,1013,5.06,50159,49841
2,65,1,1,0.01,1,1
3,65,1,2,0.01,2,1
100,65,64,50,0.25,36,64
200,65,115,100,0.5,85,115
2000,65,990,1000,5.0,1010,990
10000,65,4911,1021,5.1,5089,4911
20000,65,9949,1021,5.1,10051,9949
40000,65,19843,1021,5.1,20157,19843
60000,65,29818,1021,5.1,30182,29818
80000,65,39874,1021,5.1,40126,39874
100000,65,49728,1021,5.1,50272,49728
2,66,1,1,0.01,1,1
3,66,2,2,0.01,1,2
100,66,48,50,0.25,52,48
200,66,99,100,0.5,101,99
2000,66,985,1000,5.0,1015,985
10000,66,4925,9000,45.0,5075,4925
20000,66,9955,19000,95.0,10045,9955
40000,66,19762,39000,195.0,20238,19762
60000,66,29708,59000,295.0,30292,29708
80000,66,39645,79000,395.0,40355,39645
100000,66,49571,99000,495.0,50429,49571
2,67,1,1,0.01,1,1
3,67,1,2,0.01,2,1
100,67,52,50,0.25,48,52
200,67,98,100,0.5,102,98
2000,67,1021,1000,5.0,979,1021
10000,67,4952,7876,39.38,5048,4952
20000,67,9984,17876,89.38,10016,9984
40000,67,19990,37876,189.38,20010,19990
60000,67,29970,57876,289.38,30030,29970
80000,67,39915,77876,389.38,40085,39915
100000,67,49691,97876,489.38,50309,49691
2,68,1,1,0.01,1,1
3,68,2,2,0.01,1,2
100,68,47,50,0.25,53,47
200,68,100,100,0.5,100,100
2000,68,1003,1000,5.0,997,1003
10000,68,4998,1113,5.56,5002,4998
20000,68,10017,1113,5.56,9983,10017
40000,68,19937,1113,5.56,20063,19937
60000,68,29888,1113,5.56,30112,29888
80000,68,39881,1113,5.56,40119,39881
100000,68,49939,1113,5.56,50061,49939
2,69,0,1,0.01,2,0
3,69,1,2,0.01,2,1
100,69,44,50,0.25,56,44
200,69,91,100,0.5,109,91
2000,69,972,1000,5.0,1028,972
10000,69,4902,1000,5.0,5098,4902
20000,69,9786,1000,5.0,10214,9786
40000,69,19702,1000,5.0,20298,19702
60000,69,29702,1000,5.0,30298,29702
80000,69,39693,1000,5.0,40307,39693
100000,69,49624,1000,5.0,50376,49624
2,70,0,1,0.01,2,0
3,70,0,2,0.01,3,0
100,70,54,50,0.25,46,54
200,70,107,100,0.5,93,107
2000,70,1003,1000,5.0,997,1003
10000,70,5045,1000,5.0,4955,5045
20000,70,9989,1000,5.0,10011,9989
40000,70,19866,1000,5.0,20134,19866
60000,70,29810,1000,5.0,30190,29810
80000,70,39734,1000,5.0,40266,39734
100000,70,49617,1000,5.0,50383,49617
2,71,1,1,0.01,1,1
3,71,1,2,0.01,2,1
100,71,44,50,0.25,56,44
200,71,87,100,0.5,113,87
2000,71,994,1000,5.0,1006,994
10000,71,4950,8953,44.77,5050,4950
20000,71,9911,18953,94.76,10089,9911
40000,71,19721,38953,194.76,20279,19721
60000,71,29712,58953,294.76,30288,29712
80000,71,39635,78953,394.76,40365,39635
100000,71,49617,98953,494.76,50383,49617
2,72,0,1,0.01,2,0
3,72,1,2,0.01,2,1
100,72,47,50,0.25,53,47
200,72,99,100,0.5,101,99
2000,72,1018,1000,5.0,982,1018
10000,72,4927,1088,5.44,5073,4927
20000,72,9902,1088,5.44,10098,9902
40000,72,19960,1088,5.44,20040,19960
60000,72,30003,1088,5.44,29997,30003
80000,72,40022,1088,5.44,39978,40022
100000,72,50045,1088,5.44,49955,50045
2,73,1,1,0.01,1,1
3,73,1,2,0.01,2,1
100,73,57,50,0.25,43,57
200,73,107,100,0.5,93,107
2000,73,1005,1000,5.0,995,1005
10000,73,4972,8578,42.89,5028,4972
20000,73,9894,18578,92.89,10106,9894
40000,73,19900,38578,192.89,20100,19900
60000,73,29797,58578,292.89,30203,29797
80000,73,39701,78578,392.89,40299,39701
100000,73,49522,98578,492.89,50478,49522
2,74,2,1,0.01,0,2
3,74,3,2,0.01,0,3
100,74,54,50,0.25,46,54
200,74,103,100,0.5,97,103
2000,74,978,1000,5.0,1022,978
10000,74,4994,1000,5.0,5006,4994
20000,74,10064,1000,5.0,9936,10064
40000,74,20060,1000,5.0,19940,20060
60000,74,30079,1000,5.0,29921,30079
80000,74,39952,1000,5.0,40048,39952
100000,74,49981,1000,5.0,50019,49981
2,75,0,1,0.01,2,0
3,75,0,2,0.01,3,0
100,75,48,50,0.25,52,48
200,75,96,100,0.5,104,96
2000,75,968,1000,5.0,1032,968
10000,75,5024,1000,5.0,4976,5024
20000,75,10090,1000,5.0,9910,10090
40000,75,20099,1000,5.0,19901,20099
60000,75,30121,1000,5.0,29879,30121
80000,75,40119,1000,5.0,39881,40119
100000,75,50155,1000,5.0,49845,50155
2,76,1,1,0.01,1,1
3,76,2,2,0.01,1,2
100,76,62,50,0.25,38,62
200,76,108,100,0.5,92,108
2000,76,1020,1000,5.0,980,1020
10000,76,4969,8084,40.42,5031,4969
20000,76,9898,15267,76.34,10102,9898
40000,76,19738,35267,176.33,20262,19738
60000,76,29582,55267,276.33,30418,29582
80000,76,39609,75267,376.33,40391,39609
100000,76,49449,95267,476.33,50551,49449
2,77,0,1,0.01,2,0
3,77,1,2,0.01,2,1
100,77,46,50,0.25,54,46
200,77,103,100,0.5,97,103
2000,77,1011,1000,5.0,989,1011
10000,77,5056,1000,5.0,4944,5056
20000,77,10056,1000,5.0,9944,10056
40000,77,20102,1000,5.0,19898,20102
60000,77,29956,1000,5.0,30044,29956
80000,77,39794,1016,5.08,40206,39794
100000,77,49644,1083,5.41,50356,49644
2,78,2,1,0.01,0,2
3,78,3,2,0.01,0,3
100,78,60,50,0.25,40,60
200,78,109,100,0.5,91,109
2000,78,1007,1000,5.0,993,1007
10000,78,5009,1046,5.23,4991,5009
20000,78,10052,1046,5.23,9948,10052
40000,78,20059,1046,5.23,19941,20059
60000,78,30052,1046,5.23,29948,30052
80000,78,40236,1046,5.23,39764,40236
100000,78,50197,1046,5.23,49803,50197
2,79,0,1,0.01,2,0
3,79,0,2,0.01,3,0
100,79,42,50,0.25,58,42
200,79,92,100,0.5,108,92
2000,79,1020,1000,5.0,980,1020
10000,79,4958,1022,5.11,5042,4958
20000,79,10054,1022,5.11,9946,10054
40000,79,20087,1022,5.11,19913,20087
60000,79,30062,1022,5.11,29938,30062
80000,79,40097,1022,5.11,39903,40097
100000,79,50045,1022,5.11,49955,50045
2,80,2,1,0.01,0,2
3,80,2,2,0.01,1,2
100,80,59,50,0.25,41,59
200,80,118,100,0.5,82,118
2000,80,997,1000,5.0,1003,997
10000,80,5007,1000,5.0,4993,5007
20000,80,9976,1000,5.0,10024,9976
40000,80,19960,1000,5.0,20040,19960
60000,80,30045,1000,5.0,29955,30045
80000,80,40172,1000,5.0,39828,40172
100000,80,50260,1000,5.0,49740,50260
2,81,1,1,0.01,1,1
3,81,1,2,0.01,2,1
100,81,50,50,0.25,50,50
200,81,95,100,0.5,105,95
2000,81,1025,1000,5.0,975,1025
10000,81,5042,1186,5.93,4958,5042
20000,81,10081,1186,5.93,9919,10081
40000,81,19944,5284,26.42,20056,19944
60000,81,29904,5373,26.86,30096,29904
80000,81,39820,5373,26.86,40180,39820
100000,81,49702,5373,26.86,50298,49702
2,82,1,1,0.01,1,1
3,82,2,2,0.01,1,2
100,82,50,50,0.25,50,50
200,82,100,100,0.5,100,100
2000,82,976,1000,5.0,1024,976
10000,82,4999,1000,5.0,5001,4999
20000,82,9940,1000,5.0,10060,9940
40000,82,19849,1000,5.0,20151,19849
60000,82,29708,1000,5.0,30292,29708
80000,82,39641,1000,5.0,40359,39641
100000,82,49692,1000,5.0,50308,49692
2,83,1,1,0.01,1,1
3,83,2,2,0.01,1,2
100,83,48,50,0.25,52,48
200,83,91,100,0.5,109,91
2000,83,999,1000,5.0,1001,999
10000,83,4959,9000,45.0,5041,4959
20000,83,9966,19000,95.0,10034,9966
40000,83,19744,38962,194.81,20256,19744
60000,83,29568,58959,294.79,30432,29568
80000,83,39530,78959,394.79,40470,39530
100000,83,49451,98959,494.79,50549,49451
2,84,1,1,0.01,1,1
3,84,1,2,0.01,2,1
100,84,54,50,0.25,46,54
200,84,97,100,0.5,103,97
2000,84,979,1000,5.0,1021,979
10000,84,5009,1602,8.01,4991,5009
20000,84,10019,1602,8.01,9981,10019
40000,84,20129,1602,8.01,19871,20129
60000,84,30168,1602,8.01,29832,30168
80000,84,40110,1602,8.01,39890,40110
100000,84,50064,1602,8.01,49936,50064
2,85,1,1,0.01,1,1
3,85,1,2,0.01,2,1
100,85,42,50,0.25,58,42
200,85,92,100,0.5,108,92
2000,85,995,1000,5.0,1005,995
10000,85,4963,1000,5.0,5037,4963
20000,85,9908,1000,5.0,10092,9908
40000,85,19800,1000,5.0,20200,19800
60000,85,29786,1000,5.0,30214,29786
80000,85,39663,1000,5.0,40337,39663
100000,85,49633,1000,5.0,50367,49633
2,86,2,1,0.01,0,2
3,86,3,2,0.01,0,3
100,86,52,50,0.25,48,52
200,86,98,100,0.5,102,98
2000,86,1017,1000,5.0,983,1017
10000,86,5072,1000,5.0,4928,5072
20000,86,10158,1000,5.0,9842,10158
40000,86,20073,1000,5.0,19927,20073
60000,86,30122,1000,5.0,29878,30122
80000,86,40112,1000,5.0,39888,40112
100000,86,50118,1000,5.0,49882,50118
2,87,0,1,0.01,2,0
3,87,1,2,0.01,2,1
100,87,51,50,0.25,49,51
200,87,97,100,0.5,103,97
2000,87,996,1000,5.0,1004,996
10000,87,5157,1385,6.92,4843,5157
20000,87,10094,1385,6.92,9906,10094
40000,87,20066,1385,6.92,19934,20066
60000,87,30023,1385,6.92,29977,30023
80000,87,40098,1385,6.92,39902,40098
100000,87,49990,1385,6.92,50010,49990
2,88,2,1,0.01,0,2
3,88,3,2,0.01,0,3
100,88,62,50,0.25,38,62
200,88,113,100,0.5,87,113
2000,88,987,1000,5.0,1013,987
10000,88,4914,2603,13.02,5086,4914
20000,88,9880,2603,13.02,10120,9880
40000,88,19830,2603,13.02,20170,19830
60000,88,29913,2603,13.02,30087,29913
80000,88,39993,2603,13.02,40007,39993
100000,88,49912,2603,13.02,50088,49912
2,89,0,1,0.01,2,0
3,89,0,2,0.01,3,0
100,89,52,50,0.25,48,52
200,89,104,100,0.5,96,104
2000,89,1046,1000,5.0,954,1046
10000,89,5054,6752,33.76,4946,5054
20000,89,10194,6834,34.17,9806,10194
40000,89,20100,9802,49.01,19900,20100
60000,89,30082,9962,49.81,29918,30082
80000,89,40033,10401,52.01,39967,40033
100000,89,49996,10477,52.39,50004,49996
2,90,1,1,0.01,1,1
3,90,2,2,0.01,1,2
100,90,54,50,0.25,46,54
200,90,95,100,0.5,105,95
2000,90,983,1000,5.0,1017,983
10000,90,4918,1000,5.0,5082,4918
20000,90,9931,1000,5.0,10069,9931
40000,90,20005,1000,5.0,19995,20005
60000,90,30070,1000,5.0,29930,30070
80000,90,40091,1000,5.0,39909,40091
100000,90,49961,1000,5.0,50039,49961
2,91,1,1,0.01,1,1
3,91,2,2,0.01,1,2
100,91,56,50,0.25,44,56
200,91,99,100,0.5,101,99
2000,91,987,1000,5.0,1013,987
10000,91,4991,1000,5.0,5009,4991
20000,91,9993,1000,5.0,10007,9993
40000,91,19955,1000,5.0,20045,19955
60000,91,30034,1000,5.0,29966,30034
80000,91,40034,1000,5.0,39966,40034
100000,91,49930,1000,5.0,50070,49930
2,92,0,1,0.01,2,0
3,92,1,2,0.01,2,1
100,92,53,50,0.25,47,53
200,92,104,100,0.5,96,104
2000,92,981,1000,5.0,1019,981
10000,92,4947,1254,6.27,5053,4947
20000,92,9965,1254,6.27,10035,9965
40000,92,20019,1254,6.27,19981,20019
60000,92,29896,1254,6.27,30104,29896
80000,92,39978,1254,6.27,40022,39978
100000,92,50068,1254,6.27,49932,50068
2,93,0,1,0.01,2,0
3,93,0,2,0.01,3,0
100,93,51,50,0.25,49,51
200,93,101,100,0.5,99,101
2000,93,1012,1000,5.0,988,1012
10000,93,4969,1031,5.15,5031,4969
20000,93,10002,1031,5.15,9998,10002
40000,93,20034,1031,5.15,19966,20034
60000,93,30126,1031,5.15,29874,30126
80000,93,40156,1031,5.15,39844,40156
100000,93,50183,1031,5.15,49817,50183
2,94,2,1,0.01,0,2
3,94,3,2,0.01,0,3
100,94,49,50,0.25,51,49
200,94,101,100,0.5,99,101
2000,94,985,1000,5.0,1015,985
10000,94,5036,1000,5.0,4964,5036
20000,94,10083,1000,5.0,9917,10083
40000,94,19993,1000,5.0,20007,19993
60000,94,29905,1000,5.0,30095,29905
80000,94,39896,1000,5.0,40104,39896
100000,94,49912,1000,5.0,50088,49912
2,95,1,1,0.01,1,1
3,95,1,2,0.01,2,1
100,95,50,50,0.25,50,50
200,95,97,100,0.5,103,97
2000,95,1007,1000,5.0,993,1007
10000,95,4960,4479,22.39,5040,4960
20000,95,9847,10962,54.81,10153,9847
40000,95,19798,30866,154.33,20202,19798
60000,95,29735,50866,254.33,30265,29735
80000,95,39528,70866,354.33,40472,39528
100000,95,49545,90866,454.33,50455,49545
2,96,1,1,0.01,1,1
3,96,2,2,0.01,1,2
100,96,49,50,0.25,51,49
200,96,95,100,0.5,105,95
2000,96,957,1000,5.0,1043,957
10000,96,4917,1000,5.0,5083,4917
20000,96,9840,1000,5.0,10160,9840
40000,96,19844,1000,5.0,20156,19844
60000,96,29774,1000,5.0,30226,29774
80000,96,39796,1000,5.0,40204,39796
100000,96,49712,1000,5.0,50288,49712
2,97,2,1,0.01,0,2
3,97,2,2,0.01,1,2
100,97,52,50,0.25,48,52
200,97,100,100,0.5,100,100
2000,97,1000,1000,5.0,1000,1000
10000,97,4940,1258,6.29,5060,4940
20000,97,9980,1258,6.29,10020,9980
40000,97,19951,1258,6.29,20049,19951
60000,97,30000,1258,6.29,30000,30000
80000,97,39929,1258,6.29,40071,39929
100000,97,50027,1258,6.29,49973,50027
2,98,1,1,0.01,1,1
3,98,1,2,0.01,2,1
100,98,55,50,0.25,45,55
200,98,100,100,0.5,100,100
2000,98,1008,1000,5.0,992,1008
10000,98,4991,1000,5.0,5009,4991
20000,98,10058,1000,5.0,9942,10058
40000,98,19999,1000,5.0,20001,19999
60000,98,30000,1000,5.0,30000,30000
80000,98,39921,1000,5.0,40079,39921
100000,98,50002,1000,5.0,49998,50002
2,99,1,1,0.01,1,1
3,99,2,2,0.01,1,2
100,99,59,50,0.25,41,59
200,99,103,100,0.5,97,103
2000,99,1003,1000,5.0,997,1003
10000,99,4993,9000,45.0,5007,4993
20000,99,9944,19000,95.0,10056,9944
40000,99,19890,39000,195.0,20110,19890
60000,99,29893,59000,295.0,30107,29893
80000,99,39886,79000,395.0,40114,39886
100000,99,49748,99000,495.0,50252,49748
2,100,1,1,0.01,1,1
3,100,2,2,0.01,1,2
100,100,54,50,0.25,46,54
200,100,102,100,0.5,98,102
2000,100,1009,1000,5.0,991,1009
10000,100,5004,1325,6.62,4996,5004
20000,100,10097,1325,6.62,9903,10097
40000,100,20093,1325,6.62,19907,20093
60000,100,30169,1325,6.62,29831,30169
80000,100,40184,1325,6.62,39816,40184
100000,100,50195,1325,6.62,49805,50195
