Timestep,Iteration,Total Reward,Suboptimal Arms,Regret,Zeros Count,Ones Count
2,1,2,1,0.1,0,2
3,1,2,1,0.1,1,2
100,1,85,26,2.6,15,85
200,1,169,68,6.8,31,169
2000,1,1766,453,45.3,234,1766
10000,1,8917,1187,118.7,1083,8917
20000,1,17856,911,91.1,2144,17856
40000,1,35813,1754,175.4,4187,35813
60000,1,53870,1430,143.0,6130,53870
80000,1,71996,1620,162.0,8004,71996
100000,1,89824,2198,219.8,10176,89824
2,2,2,1,0.1,0,2
3,2,2,1,0.1,1,2
100,2,86,50,5.0,14,86
200,2,183,77,7.7,17,183
2000,2,1765,397,39.7,235,1765
10000,2,8938,769,76.9,1062,8938
20000,2,17916,1209,120.9,2084,17916
40000,2,35867,1791,179.1,4133,35867
60000,2,53924,1396,139.6,6076,53924
80000,2,71856,1131,113.1,8144,71856
100000,2,89868,1697,169.7,10132,89868
2,3,2,1,0.1,0,2
3,3,2,2,0.2,1,2
100,3,87,27,2.7,13,87
200,3,175,64,6.4,25,175
2000,3,1751,511,51.1,249,1751
10000,3,8908,878,87.8,1092,8908
20000,3,17905,1168,116.8,2095,17905
40000,3,35825,1943,194.3,4175,35825
60000,3,53876,1329,132.9,6124,53876
80000,3,71763,1759,175.9,8237,71763
100000,3,89743,1758,175.8,10257,89743
2,4,0,1,0.1,2,0
3,4,3,1,0.1,0,3
100,4,85,42,4.2,15,85
200,4,174,67,6.7,26,174
2000,4,1776,337,33.7,224,1776
10000,4,8932,906,90.6,1068,8932
20000,4,17908,979,97.9,2092,17908
40000,4,35881,1363,136.3,4119,35881
60000,4,53814,1841,184.1,6186,53814
80000,4,71792,1334,133.4,8208,71792
100000,4,89634,1614,161.4,10366,89634
2,5,2,1,0.1,0,2
3,5,3,1,0.1,0,3
100,5,89,30,3.0,11,89
200,5,180,72,7.2,20,180
2000,5,1768,290,29.0,232,1768
10000,5,8940,1133,113.3,1060,8940
20000,5,17883,993,99.3,2117,17883
40000,5,35898,1265,126.5,4102,35898
60000,5,53838,1220,122.0,6162,53838
80000,5,71921,1680,168.0,8079,71921
100000,5,89753,2076,207.6,10247,89753
2,6,1,1,0.1,1,1
3,6,3,1,0.1,0,3
100,6,87,39,3.9,13,87
200,6,174,61,6.1,26,174
2000,6,1782,580,58.0,218,1782
10000,6,8897,868,86.8,1103,8897
20000,6,17929,1146,114.6,2071,17929
40000,6,35946,1320,132.0,4054,35946
60000,6,53906,1717,171.7,6094,53906
80000,6,71898,1814,181.4,8102,71898
100000,6,89858,1697,169.7,10142,89858
2,7,2,1,0.1,0,2
3,7,1,2,0.2,2,1
100,7,88,36,3.6,12,88
200,7,177,69,6.9,23,177
2000,7,1768,433,43.3,232,1768
10000,7,8874,812,81.2,1126,8874
20000,7,17825,1351,135.1,2175,17825
40000,7,35812,1381,138.1,4188,35812
60000,7,54047,1250,125.0,5953,54047
80000,7,71756,1366,136.6,8244,71756
100000,7,89800,1556,155.6,10200,89800
2,8,2,1,0.1,0,2
3,8,3,1,0.1,0,3
100,8,80,15,1.5,20,80
200,8,166,49,4.9,34,166
2000,8,1750,448,44.8,250,1750
10000,8,8864,894,89.4,1136,8864
20000,8,17941,1003,100.3,2059,17941
40000,8,35877,1311,131.1,4123,35877
60000,8,53970,1647,164.7,6030,53970
80000,8,71753,1706,170.6,8247,71753
100000,8,89714,2230,223.0,10286,89714
2,9,0,1,0.1,2,0
3,9,2,1,0.1,1,2
100,9,94,43,4.3,6,94
200,9,170,62,6.2,30,170
2000,9,1762,355,35.5,238,1762
10000,9,8910,1018,101.8,1090,8910
20000,9,17917,1197,119.7,2083,17917
40000,9,35912,1153,115.3,4088,35912
60000,9,53741,1679,167.9,6259,53741
80000,9,71868,1905,190.5,8132,71868
100000,9,89886,2007,200.7,10114,89886
2,10,2,1,0.1,0,2
3,10,3,1,0.1,0,3
100,10,86,43,4.3,14,86
200,10,172,82,8.2,28,172
2000,10,1759,411,41.1,241,1759
10000,10,8897,707,70.7,1103,8897
20000,10,17842,1128,112.8,2158,17842
40000,10,35923,1397,139.7,4077,35923
60000,10,53749,1491,149.1,6251,53749
80000,10,71842,1464,146.4,8158,71842
100000,10,89695,2332,233.2,10305,89695
2,11,2,1,0.1,0,2
3,11,3,1,0.1,0,3
100,11,91,33,3.3,9,91
200,11,167,55,5.5,33,167
2000,11,1743,251,25.1,257,1743
10000,11,8889,1007,100.7,1111,8889
20000,11,17872,1266,126.6,2128,17872
40000,11,35877,1492,149.2,4123,35877
60000,11,53758,1881,188.1,6242,53758
80000,11,71573,2041,204.1,8427,71573
100000,11,89709,1358,135.8,10291,89709
2,12,2,1,0.1,0,2
3,12,3,1,0.1,0,3
100,12,78,48,4.8,22,78
200,12,178,29,2.9,22,178
2000,12,1807,331,33.1,193,1807
10000,12,8913,938,93.8,1087,8913
20000,12,17897,974,97.4,2103,17897
40000,12,35835,1258,125.8,4165,35835
60000,12,53874,1643,164.3,6126,53874
80000,12,71693,2097,209.7,8307,71693
100000,12,89722,1406,140.6,10278,89722
2,13,1,1,0.1,1,1
3,13,3,1,0.1,0,3
100,13,85,45,4.5,15,85
200,13,171,88,8.8,29,171
2000,13,1780,325,32.5,220,1780
10000,13,8929,802,80.2,1071,8929
20000,13,17777,1225,122.5,2223,17777
40000,13,35719,1191,119.1,4281,35719
60000,13,53911,1359,135.9,6089,53911
80000,13,71947,1452,145.2,8053,71947
100000,13,89787,2211,221.1,10213,89787
2,14,2,1,0.1,0,2
3,14,2,2,0.2,1,2
100,14,88,39,3.9,12,88
200,14,182,70,7.0,18,182
2000,14,1767,256,25.6,233,1767
10000,14,8925,733,73.3,1075,8925
20000,14,17879,1048,104.8,2121,17879
40000,14,35924,1220,122.0,4076,35924
60000,14,53952,1392,139.2,6048,53952
80000,14,71989,1891,189.1,8011,71989
100000,14,89922,1684,168.4,10078,89922
2,15,2,1,0.1,0,2
3,15,3,1,0.1,0,3
100,15,86,50,5.0,14,86
200,15,176,77,7.7,24,176
2000,15,1790,392,39.2,210,1790
10000,15,8922,1055,105.5,1078,8922
20000,15,17900,1457,145.7,2100,17900
40000,15,35800,1439,143.9,4200,35800
60000,15,53814,1635,163.5,6186,53814
80000,15,71941,1619,161.9,8059,71941
100000,15,89824,1817,181.7,10176,89824
2,16,2,1,0.1,0,2
3,16,3,1,0.1,0,3
100,16,86,35,3.5,14,86
200,16,176,74,7.4,24,176
2000,16,1756,372,37.2,244,1756
10000,16,8880,1068,106.8,1120,8880
20000,16,17835,916,91.6,2165,17835
40000,16,35809,1093,109.3,4191,35809
60000,16,53853,1696,169.6,6147,53853
80000,16,71837,1634,163.4,8163,71837
100000,16,89736,2240,224.0,10264,89736
2,17,2,1,0.1,0,2
3,17,3,1,0.1,0,3
100,17,89,42,4.2,11,89
200,17,178,66,6.6,22,178
2000,17,1762,435,43.5,238,1762
10000,17,8922,688,68.8,1078,8922
20000,17,17938,1043,104.3,2062,17938
40000,17,35860,1369,136.9,4140,35860
60000,17,53948,1767,176.7,6052,53948
80000,17,71707,2054,205.4,8293,71707
100000,17,89887,2267,226.7,10113,89887
2,18,2,1,0.1,0,2
3,18,2,1,0.1,1,2
100,18,84,34,3.4,16,84
200,18,168,77,7.7,32,168
2000,18,1763,400,40.0,237,1763
10000,18,8909,884,88.4,1091,8909
20000,18,17880,1289,128.9,2120,17880
40000,18,35858,1460,146.0,4142,35858
60000,18,53782,1623,162.3,6218,53782
80000,18,71854,1970,197.0,8146,71854
100000,18,89816,1719,171.9,10184,89816
2,19,2,1,0.1,0,2
3,19,3,1,0.1,0,3
100,19,85,39,3.9,15,85
200,19,177,55,5.5,23,177
2000,19,1756,367,36.7,244,1756
10000,19,8859,968,96.8,1141,8859
20000,19,17859,1190,119.0,2141,17859
40000,19,35948,1148,114.8,4052,35948
60000,19,53899,1573,157.3,6101,53899
80000,19,71751,1579,157.9,8249,71751
100000,19,89746,1765,176.5,10254,89746
2,20,2,1,0.1,0,2
3,20,2,1,0.1,1,2
100,20,85,26,2.6,15,85
200,20,173,58,5.8,27,173
2000,20,1782,150,15.0,218,1782
10000,20,8890,905,90.5,1110,8890
20000,20,17851,1037,103.7,2149,17851
40000,20,35804,1134,113.4,4196,35804
60000,20,53941,1275,127.5,6059,53941
80000,20,71793,1558,155.8,8207,71793
100000,20,89824,1890,189.0,10176,89824
2,21,2,1,0.1,0,2
3,21,3,1,0.1,0,3
100,21,87,59,5.9,13,87
200,21,181,77,7.7,19,181
2000,21,1742,439,43.9,258,1742
10000,21,8886,767,76.7,1114,8886
20000,21,17880,862,86.2,2120,17880
40000,21,35897,1449,144.9,4103,35897
60000,21,53780,2044,204.4,6220,53780
80000,21,71728,1703,170.3,8272,71728
100000,21,89858,2211,221.1,10142,89858
2,22,1,1,0.1,1,1
3,22,3,1,0.1,0,3
100,22,83,63,6.3,17,83
200,22,162,60,6.0,38,162
2000,22,1772,300,30.0,228,1772
10000,22,8986,661,66.1,1014,8986
20000,22,17990,1084,108.4,2010,17990
40000,22,35848,1576,157.6,4152,35848
60000,22,53864,1526,152.6,6136,53864
80000,22,71959,1469,146.9,8041,71959
100000,22,89762,1472,147.2,10238,89762
2,23,1,1,0.1,1,1
3,23,2,1,0.1,1,2
100,23,88,32,3.2,12,88
200,23,175,71,7.1,25,175
2000,23,1759,414,41.4,241,1759
10000,23,8897,916,91.6,1103,8897
20000,23,17933,1376,137.6,2067,17933
40000,23,35996,1316,131.6,4004,35996
60000,23,53757,1571,157.1,6243,53757
80000,23,71788,1428,142.8,8212,71788
100000,23,89912,2131,213.1,10088,89912
2,24,2,1,0.1,0,2
3,24,3,1,0.1,0,3
100,24,84,25,2.5,16,84
200,24,171,59,5.9,29,171
2000,24,1761,463,46.3,239,1761
10000,24,8848,1224,122.4,1152,8848
20000,24,17899,1155,115.5,2101,17899
40000,24,35928,1323,132.3,4072,35928
60000,24,53958,1434,143.4,6042,53958
80000,24,71731,1991,199.1,8269,71731
100000,24,89706,1908,190.8,10294,89706
2,25,1,1,0.1,1,1
3,25,2,2,0.2,1,2
100,25,86,35,3.5,14,86
200,25,173,67,6.7,27,173
2000,25,1756,289,28.9,244,1756
10000,25,8863,831,83.1,1137,8863
20000,25,17991,831,83.1,2009,17991
40000,25,35908,1210,121.0,4092,35908
60000,25,53940,1123,112.3,6060,53940
80000,25,71870,1448,144.8,8130,71870
100000,25,89799,1978,197.8,10201,89799
2,26,2,1,0.1,0,2
3,26,2,2,0.2,1,2
100,26,87,29,2.9,13,87
200,26,163,52,5.2,37,163
2000,26,1761,336,33.6,239,1761
10000,26,8948,720,72.0,1052,8948
20000,26,17866,1350,135.0,2134,17866
40000,26,35922,1411,141.1,4078,35922
60000,26,53703,1435,143.5,6297,53703
80000,26,71802,1531,153.1,8198,71802
100000,26,89884,1282,128.2,10116,89884
2,27,2,1,0.1,0,2
3,27,1,1,0.1,2,1
100,27,87,45,4.5,13,87
200,27,170,77,7.7,30,170
2000,27,1740,455,45.5,260,1740
10000,27,8933,789,78.9,1067,8933
20000,27,17796,1208,120.8,2204,17796
40000,27,35917,967,96.7,4083,35917
60000,27,53916,1485,148.5,6084,53916
80000,27,71841,1952,195.2,8159,71841
100000,27,89917,2043,204.3,10083,89917
2,28,1,1,0.1,1,1
3,28,3,1,0.1,0,3
100,28,86,35,3.5,14,86
200,28,181,60,6.0,19,181
2000,28,1775,318,31.8,225,1775
10000,28,8895,908,90.8,1105,8895
20000,28,17878,1101,110.1,2122,17878
40000,28,35872,1301,130.1,4128,35872
60000,28,53667,2313,231.3,6333,53667
80000,28,71875,1509,150.9,8125,71875
100000,28,89898,2474,247.4,10102,89898
2,29,2,1,0.1,0,2
3,29,2,1,0.1,1,2
100,29,87,45,4.5,13,87
200,29,171,56,5.6,29,171
2000,29,1743,613,61.3,257,1743
10000,29,8878,745,74.5,1122,8878
20000,29,17917,1103,110.3,2083,17917
40000,29,36022,966,96.6,3978,36022
60000,29,53922,1361,136.1,6078,53922
80000,29,71980,1304,130.4,8020,71980
100000,29,89718,2222,222.2,10282,89718
2,30,2,1,0.1,0,2
3,30,3,1,0.1,0,3
100,30,83,50,5.0,17,83
200,30,168,56,5.6,32,168
2000,30,1741,490,49.0,259,1741
10000,30,8875,1209,120.9,1125,8875
20000,30,17877,1113,111.3,2123,17877
40000,30,35908,1578,157.8,4092,35908
60000,30,53760,1298,129.8,6240,53760
80000,30,71709,1799,179.9,8291,71709
100000,30,89899,1707,170.7,10101,89899
2,31,2,1,0.1,0,2
3,31,2,1,0.1,1,2
100,31,80,50,5.0,20,80
200,31,179,74,7.4,21,179
2000,31,1749,373,37.3,251,1749
10000,31,8940,801,80.1,1060,8940
20000,31,17885,924,92.4,2115,17885
40000,31,35898,1736,173.6,4102,35898
60000,31,53945,1592,159.2,6055,53945
80000,31,71818,1683,168.3,8182,71818
100000,31,89831,1671,167.1,10169,89831
2,32,2,1,0.1,0,2
3,32,3,1,0.1,0,3
100,32,89,45,4.5,11,89
200,32,178,68,6.8,22,178
2000,32,1755,501,50.1,245,1755
10000,32,8892,864,86.4,1108,8892
20000,32,17926,1001,100.1,2074,17926
40000,32,35821,1543,154.3,4179,35821
60000,32,53623,2108,210.8,6377,53623
80000,32,71775,1523,152.3,8225,71775
100000,32,89928,1264,126.4,10072,89928
2,33,2,1,0.1,0,2
3,33,2,1,0.1,1,2
100,33,92,37,3.7,8,92
200,33,173,77,7.7,27,173
2000,33,1751,529,52.9,249,1751
10000,33,8904,943,94.3,1096,8904
20000,33,17897,851,85.1,2103,17897
40000,33,35811,1188,118.8,4189,35811
60000,33,53927,1230,123.0,6073,53927
80000,33,71712,1651,165.1,8288,71712
100000,33,89807,1705,170.5,10193,89807
2,34,2,1,0.1,0,2
3,34,3,1,0.1,0,3
100,34,87,38,3.8,13,87
200,34,174,67,6.7,26,174
2000,34,1734,373,37.3,266,1734
10000,34,8954,857,85.7,1046,8954
20000,34,17902,1355,135.5,2098,17902
40000,34,35869,2036,203.6,4131,35869
60000,34,53910,1318,131.8,6090,53910
80000,34,71819,1581,158.1,8181,71819
100000,34,89838,1743,174.3,10162,89838
2,35,2,1,0.1,0,2
3,35,2,1,0.1,1,2
100,35,86,50,5.0,14,86
200,35,170,62,6.2,30,170
2000,35,1749,416,41.6,251,1749
10000,35,8932,723,72.3,1068,8932
20000,35,17946,1099,109.9,2054,17946
40000,35,35920,1433,143.3,4080,35920
60000,35,53809,2087,208.7,6191,53809
80000,35,71721,1990,199.0,8279,71721
100000,35,90015,1531,153.1,9985,90015
2,36,2,1,0.1,0,2
3,36,2,1,0.1,1,2
100,36,93,47,4.7,7,93
200,36,177,59,5.9,23,177
2000,36,1757,254,25.4,243,1757
10000,36,8865,866,86.6,1135,8865
20000,36,17894,1252,125.2,2106,17894
40000,36,35823,1882,188.2,4177,35823
60000,36,53930,1649,164.9,6070,53930
80000,36,71811,1421,142.1,8189,71811
100000,36,89906,1521,152.1,10094,89906
2,37,1,1,0.1,1,1
3,37,3,1,0.1,0,3
100,37,87,26,2.6,13,87
200,37,172,58,5.8,28,172
2000,37,1760,438,43.8,240,1760
10000,37,8855,500,50.0,1145,8855
20000,37,17782,977,97.7,2218,17782
40000,37,35801,1337,133.7,4199,35801
60000,37,53938,1532,153.2,6062,53938
80000,37,71786,1805,180.5,8214,71786
100000,37,89781,1658,165.8,10219,89781
2,38,1,1,0.1,1,1
3,38,2,1,0.1,1,2
100,38,87,29,2.9,13,87
200,38,177,68,6.8,23,177
2000,38,1743,534,53.4,257,1743
10000,38,8852,762,76.2,1148,8852
20000,38,17851,1167,116.7,2149,17851
40000,38,35832,1286,128.6,4168,35832
60000,38,53941,1487,148.7,6059,53941
80000,38,71757,1837,183.7,8243,71757
100000,38,89877,1613,161.3,10123,89877
2,39,0,1,0.1,2,0
3,39,3,1,0.1,0,3
100,39,89,45,4.5,11,89
200,39,174,72,7.2,26,174
2000,39,1772,407,40.7,228,1772
10000,39,8920,899,89.9,1080,8920
20000,39,17855,1114,111.4,2145,17855
40000,39,35834,1216,121.6,4166,35834
60000,39,53796,1259,125.9,6204,53796
80000,39,72033,1903,190.3,7967,72033
100000,39,89625,1802,180.2,10375,89625
2,40,2,1,0.1,0,2
3,40,3,1,0.1,0,3
100,40,82,28,2.8,18,82
200,40,172,75,7.5,28,172
2000,40,1761,324,32.4,239,1761
10000,40,8976,572,57.2,1024,8976
20000,40,17872,1114,111.4,2128,17872
40000,40,35780,1759,175.9,4220,35780
60000,40,53841,1356,135.6,6159,53841
80000,40,71802,1591,159.1,8198,71802
100000,40,89687,1947,194.7,10313,89687
2,41,1,1,0.1,1,1
3,41,2,2,0.2,1,2
100,41,85,42,4.2,15,85
200,41,179,66,6.6,21,179
2000,41,1739,427,42.7,261,1739
10000,41,8953,746,74.6,1047,8953
20000,41,17916,1216,121.6,2084,17916
40000,41,35817,1108,110.8,4183,35817
60000,41,53764,1019,101.9,6236,53764
80000,41,71944,1661,166.1,8056,71944
100000,41,89793,2218,221.8,10207,89793
2,42,2,1,0.1,0,2
3,42,2,2,0.2,1,2
100,42,91,55,5.5,9,91
200,42,178,61,6.1,22,178
2000,42,1776,235,23.5,224,1776
10000,42,8990,654,65.4,1010,8990
20000,42,17930,1124,112.4,2070,17930
40000,42,35878,1421,142.1,4122,35878
60000,42,53908,1293,129.3,6092,53908
80000,42,71822,2298,229.8,8178,71822
100000,42,90062,1642,164.2,9938,90062
2,43,2,1,0.1,0,2
3,43,3,1,0.1,0,3
100,43,84,36,3.6,16,84
200,43,172,47,4.7,28,172
2000,43,1760,384,38.4,240,1760
10000,43,8916,965,96.5,1084,8916
20000,43,17948,1108,110.8,2052,17948
40000,43,35762,1484,148.4,4238,35762
60000,43,54080,1603,160.3,5920,54080
80000,43,71879,1157,115.7,8121,71879
100000,43,90010,1707,170.7,9990,90010
2,44,1,1,0.1,1,1
3,44,2,1,0.1,1,2
100,44,90,30,3.0,10,90
200,44,176,82,8.2,24,176
2000,44,1777,322,32.2,223,1777
10000,44,8919,987,98.7,1081,8919
20000,44,17903,1276,127.6,2097,17903
40000,44,35816,1363,136.3,4184,35816
60000,44,53904,1445,144.5,6096,53904
80000,44,72016,1575,157.5,7984,72016
100000,44,90027,1685,168.5,9973,90027
2,45,1,1,0.1,1,1
3,45,3,1,0.1,0,3
100,45,86,39,3.9,14,86
200,45,175,68,6.8,25,175
2000,45,1783,311,31.1,217,1783
10000,45,8886,920,92.0,1114,8886
20000,45,17834,1202,120.2,2166,17834
40000,45,35827,1063,106.3,4173,35827
60000,45,53955,1424,142.4,6045,53955
80000,45,71871,1513,151.3,8129,71871
100000,45,89700,1801,180.1,10300,89700
2,46,2,1,0.1,0,2
3,46,2,1,0.1,1,2
100,46,94,38,3.8,6,94
200,46,171,64,6.4,29,171
2000,46,1761,386,38.6,239,1761
10000,46,8912,848,84.8,1088,8912
20000,46,17877,1414,141.4,2123,17877
40000,46,35819,908,90.8,4181,35819
60000,46,53798,1600,160.0,6202,53798
80000,46,71901,1829,182.9,8099,71901
100000,46,89931,1461,146.1,10069,89931
2,47,1,1,0.1,1,1
3,47,2,1,0.1,1,2
100,47,85,42,4.2,15,85
200,47,171,77,7.7,29,171
2000,47,1760,313,31.3,240,1760
10000,47,8873,985,98.5,1127,8873
20000,47,17857,997,99.7,2143,17857
40000,47,35856,1255,125.5,4144,35856
60000,47,53932,1684,168.4,6068,53932
80000,47,71936,1693,169.3,8064,71936
100000,47,89763,1998,199.8,10237,89763
2,48,2,1,0.1,0,2
3,48,3,1,0.1,0,3
100,48,88,39,3.9,12,88
200,48,171,76,7.6,29,171
2000,48,1734,474,47.4,266,1734
10000,48,8869,1148,114.8,1131,8869
20000,48,17954,688,68.8,2046,17954
40000,48,35860,1524,152.4,4140,35860
60000,48,53928,1893,189.3,6072,53928
80000,48,71954,1541,154.1,8046,71954
100000,48,89846,1631,163.1,10154,89846
2,49,2,1,0.1,0,2
3,49,3,1,0.1,0,3
100,49,83,39,3.9,17,83
200,49,173,67,6.7,27,173
2000,49,1773,310,31.0,227,1773
10000,49,8879,950,95.0,1121,8879
20000,49,17946,1152,115.2,2054,17946
40000,49,35938,1571,157.1,4062,35938
60000,49,53796,1879,187.9,6204,53796
80000,49,71686,2183,218.3,8314,71686
100000,49,89898,1830,183.0,10102,89898
2,50,2,1,0.1,0,2
3,50,3,1,0.1,0,3
100,50,92,43,4.3,8,92
200,50,174,65,6.5,26,174
2000,50,1773,254,25.4,227,1773
10000,50,8914,956,95.6,1086,8914
20000,50,17956,964,96.4,2044,17956
40000,50,35777,1513,151.3,4223,35777
60000,50,53833,1825,182.5,6167,53833
80000,50,71874,1832,183.2,8126,71874
100000,50,89790,1902,190.2,10210,89790
2,51,2,1,0.1,0,2
3,51,3,1,0.1,0,3
100,51,91,46,4.6,9,91
200,51,180,53,5.3,20,180
2000,51,1774,312,31.2,226,1774
10000,51,8919,865,86.5,1081,8919
20000,51,17820,1360,136.0,2180,17820
40000,51,35874,1822,182.2,4126,35874
60000,51,53825,904,90.4,6175,53825
80000,51,71955,1775,177.5,8045,71955
100000,51,89616,2209,220.9,10384,89616
2,52,2,1,0.1,0,2
3,52,3,1,0.1,0,3
100,52,83,52,5.2,17,83
200,52,163,67,6.7,37,163
2000,52,1767,423,42.3,233,1767
10000,52,8897,836,83.6,1103,8897
20000,52,17901,1011,101.1,2099,17901
40000,52,35953,1200,120.0,4047,35953
60000,52,53813,1147,114.7,6187,53813
80000,52,71921,1534,153.4,8079,71921
100000,52,89781,1799,179.9,10219,89781
2,53,2,1,0.1,0,2
3,53,2,1,0.1,1,2
100,53,86,35,3.5,14,86
200,53,168,72,7.2,32,168
2000,53,1770,428,42.8,230,1770
10000,53,8932,703,70.3,1068,8932
20000,53,17914,1138,113.8,2086,17914
40000,53,35876,1469,146.9,4124,35876
60000,53,53731,2160,216.0,6269,53731
80000,53,71935,1574,157.4,8065,71935
100000,53,89841,1759,175.9,10159,89841
2,54,2,1,0.1,0,2
3,54,2,2,0.2,1,2
100,54,86,35,3.5,14,86
200,54,178,75,7.5,22,178
2000,54,1733,556,55.6,267,1733
10000,54,8904,881,88.1,1096,8904
20000,54,17889,1112,111.2,2111,17889
40000,54,35842,1219,121.9,4158,35842
60000,54,53869,1538,153.8,6131,53869
80000,54,71786,1613,161.3,8214,71786
100000,54,89880,1502,150.2,10120,89880
2,55,2,1,0.1,0,2
3,55,2,2,0.2,1,2
100,55,90,50,5.0,10,90
200,55,175,55,5.5,25,175
2000,55,1785,345,34.5,215,1785
10000,55,8874,1251,125.1,1126,8874
20000,55,17836,1213,121.3,2164,17836
40000,55,35855,1305,130.5,4145,35855
60000,55,53776,1630,163.0,6224,53776
80000,55,71782,1599,159.9,8218,71782
100000,55,89832,1714,171.4,10168,89832
2,56,2,1,0.1,0,2
3,56,3,1,0.1,0,3
100,56,88,39,3.9,12,88
200,56,168,58,5.8,32,168
2000,56,1749,358,35.8,251,1749
10000,56,8908,960,96.0,1092,8908
20000,56,17829,1171,117.1,2171,17829
40000,56,35871,1126,112.6,4129,35871
60000,56,53738,1524,152.4,6262,53738
80000,56,71745,1406,140.6,8255,71745
100000,56,89852,1310,131.0,10148,89852
2,57,2,1,0.1,0,2
3,57,3,1,0.1,0,3
100,57,89,45,4.5,11,89
200,57,171,59,5.9,29,171
2000,57,1758,496,49.6,242,1758
10000,57,8919,695,69.5,1081,8919
20000,57,17947,1365,136.5,2053,17947
40000,57,35817,1435,143.5,4183,35817
60000,57,53983,1098,109.8,6017,53983
80000,57,71808,1776,177.6,8192,71808
100000,57,89638,2034,203.4,10362,89638
2,58,2,1,0.1,0,2
3,58,3,1,0.1,0,3
100,58,88,39,3.9,12,88
200,58,181,64,6.4,19,181
2000,58,1771,382,38.2,229,1771
10000,58,8912,703,70.3,1088,8912
20000,58,17885,807,80.7,2115,17885
40000,58,35970,1304,130.4,4030,35970
60000,58,53896,1332,133.2,6104,53896
80000,58,71887,1397,139.7,8113,71887
100000,58,89905,1493,149.3,10095,89905
2,59,1,1,0.1,1,1
3,59,3,1,0.1,0,3
100,59,84,39,3.9,16,84
200,59,175,59,5.9,25,175
2000,59,1761,355,35.5,239,1761
10000,59,8875,906,90.6,1125,8875
20000,59,17919,776,77.6,2081,17919
40000,59,35864,1121,112.1,4136,35864
60000,59,53868,1746,174.6,6132,53868
80000,59,71816,1817,181.7,8184,71816
100000,59,89738,1388,138.8,10262,89738
2,60,2,1,0.1,0,2
3,60,1,2,0.2,2,1
100,60,90,42,4.2,10,90
200,60,179,69,6.9,21,179
2000,60,1753,361,36.1,247,1753
10000,60,8910,1132,113.2,1090,8910
20000,60,17843,1165,116.5,2157,17843
40000,60,35957,997,99.7,4043,35957
60000,60,53778,1196,119.6,6222,53778
80000,60,71741,2061,206.1,8259,71741
100000,60,89576,2080,208.0,10424,89576
2,61,2,1,0.1,0,2
3,61,3,1,0.1,0,3
100,61,94,57,5.7,6,94
200,61,172,41,4.1,28,172
2000,61,1755,250,25.0,245,1755
10000,61,8950,751,75.1,1050,8950
20000,61,17893,1310,131.0,2107,17893
40000,61,35843,1469,146.9,4157,35843
60000,61,53958,1537,153.7,6042,53958
80000,61,71875,2020,202.0,8125,71875
100000,61,89979,1472,147.2,10021,89979
2,62,2,1,0.1,0,2
3,62,2,1,0.1,1,2
100,62,92,36,3.6,8,92
200,62,176,90,9.0,24,176
2000,62,1779,333,33.3,221,1779
10000,62,8905,719,71.9,1095,8905
20000,62,17887,1060,106.0,2113,17887
40000,62,35861,1642,164.2,4139,35861
60000,62,53877,1491,149.1,6123,53877
80000,62,71957,1475,147.5,8043,71957
100000,62,89715,2169,216.9,10285,89715
2,63,2,1,0.1,0,2
3,63,2,1,0.1,1,2
100,63,89,50,5.0,11,89
200,63,179,78,7.8,21,179
2000,63,1785,461,46.1,215,1785
10000,63,8949,896,89.6,1051,8949
20000,63,17863,1184,118.4,2137,17863
40000,63,35936,1236,123.6,4064,35936
60000,63,53865,1682,168.2,6135,53865
80000,63,71830,1756,175.6,8170,71830
100000,63,89812,1968,196.8,10188,89812
2,64,2,1,0.1,0,2
3,64,3,1,0.1,0,3
100,64,91,38,3.8,9,91
200,64,170,72,7.2,30,170
2000,64,1769,356,35.6,231,1769
10000,64,8902,967,96.7,1098,8902
20000,64,17893,1206,120.6,2107,17893
40000,64,35767,1717,171.7,4233,35767
60000,64,53892,1437,143.7,6108,53892
80000,64,71771,1520,152.0,8229,71771
100000,64,89833,1417,141.7,10167,89833
2,65,2,1,0.1,0,2
3,65,3,1,0.1,0,3
100,65,81,31,3.1,19,81
200,65,173,80,8.0,27,173
2000,65,1774,428,42.8,226,1774
10000,65,8939,1007,100.7,1061,8939
20000,65,18002,1043,104.3,1998,18002
40000,65,35944,1137,113.7,4056,35944
60000,65,53860,1418,141.8,6140,53860
80000,65,71858,1312,131.2,8142,71858
100000,65,89971,1057,105.7,10029,89971
2,66,2,1,0.1,0,2
3,66,2,2,0.2,1,2
100,66,85,46,4.6,15,85
200,66,166,50,5.0,34,166
2000,66,1762,328,32.8,238,1762
10000,66,8929,901,90.1,1071,8929
20000,66,17867,1051,105.1,2133,17867
40000,66,35926,1522,152.2,4074,35926
60000,66,53912,1441,144.1,6088,53912
80000,66,72001,1656,165.6,7999,72001
100000,66,89832,1283,128.3,10168,89832
2,67,2,1,0.1,0,2
3,67,2,1,0.1,1,2
100,67,88,39,3.9,12,88
200,67,163,83,8.3,37,163
2000,67,1756,382,38.2,244,1756
10000,67,8914,1034,103.4,1086,8914
20000,67,17850,1028,102.8,2150,17850
40000,67,35805,1374,137.4,4195,35805
60000,67,53783,1653,165.3,6217,53783
80000,67,71703,1475,147.5,8297,71703
100000,67,89638,1382,138.2,10362,89638
2,68,2,1,0.1,0,2
3,68,3,1,0.1,0,3
100,68,86,44,4.4,14,86
200,68,174,72,7.2,26,174
2000,68,1781,370,37.0,219,1781
10000,68,8889,857,85.7,1111,8889
20000,68,17912,888,88.8,2088,17912
40000,68,35794,1735,173.5,4206,35794
60000,68,53752,1301,130.1,6248,53752
80000,68,71794,1535,153.5,8206,71794
100000,68,89839,1943,194.3,10161,89839
2,69,2,1,0.1,0,2
3,69,3,1,0.1,0,3
100,69,86,31,3.1,14,86
200,69,182,70,7.0,18,182
2000,69,1758,457,45.7,242,1758
10000,69,8878,1251,125.1,1122,8878
20000,69,17840,1455,145.5,2160,17840
40000,69,35847,1165,116.5,4153,35847
60000,69,53889,1373,137.3,6111,53889
80000,69,71745,1572,157.2,8255,71745
100000,69,89764,1377,137.7,10236,89764
2,70,1,1,0.1,1,1
3,70,3,1,0.1,0,3
100,70,86,44,4.4,14,86
200,70,172,74,7.4,28,172
2000,70,1788,277,27.7,212,1788
10000,70,8875,884,88.4,1125,8875
20000,70,17862,890,89.0,2138,17862
40000,70,35883,1618,161.8,4117,35883
60000,70,53668,1712,171.2,6332,53668
80000,70,71953,2063,206.3,8047,71953
100000,70,89830,1900,190.0,10170,89830
2,71,0,1,0.1,2,0
3,71,3,1,0.1,0,3
100,71,93,39,3.9,7,93
200,71,170,71,7.1,30,170
2000,71,1792,387,38.7,208,1792
10000,71,8958,1228,122.8,1042,8958
20000,71,17867,1247,124.7,2133,17867
40000,71,35899,954,95.4,4101,35899
60000,71,53982,1060,106.0,6018,53982
80000,71,71920,1769,176.9,8080,71920
100000,71,89784,1698,169.8,10216,89784
2,72,1,1,0.1,1,1
3,72,3,1,0.1,0,3
100,72,87,32,3.2,13,87
200,72,174,52,5.2,26,174
2000,72,1754,430,43.0,246,1754
10000,72,8823,1372,137.2,1177,8823
20000,72,17889,1060,106.0,2111,17889
40000,72,35872,1254,125.4,4128,35872
60000,72,53848,1458,145.8,6152,53848
80000,72,71802,1537,153.7,8198,71802
100000,72,89798,1441,144.1,10202,89798
2,73,2,1,0.1,0,2
3,73,2,1,0.1,1,2
100,73,89,36,3.6,11,89
200,73,171,68,6.8,29,171
2000,73,1768,390,39.0,232,1768
10000,73,8901,963,96.3,1099,8901
20000,73,17896,1280,128.0,2104,17896
40000,73,35854,1307,130.7,4146,35854
60000,73,53927,1834,183.4,6073,53927
80000,73,71798,2161,216.1,8202,71798
100000,73,89732,1677,167.7,10268,89732
2,74,1,1,0.1,1,1
3,74,3,1,0.1,0,3
100,74,83,44,4.4,17,83
200,74,171,67,6.7,29,171
2000,74,1742,351,35.1,258,1742
10000,74,8899,1198,119.8,1101,8899
20000,74,17816,1156,115.6,2184,17816
40000,74,35833,1374,137.4,4167,35833
60000,74,53871,1301,130.1,6129,53871
80000,74,71826,1620,162.0,8174,71826
100000,74,89756,2232,223.2,10244,89756
2,75,1,1,0.1,1,1
3,75,3,1,0.1,0,3
100,75,89,19,1.9,11,89
200,75,173,66,6.6,27,173
2000,75,1755,327,32.7,245,1755
10000,75,8960,899,89.9,1040,8960
20000,75,17957,857,85.7,2043,17957
40000,75,35919,1214,121.4,4081,35919
60000,75,53936,1252,125.2,6064,53936
80000,75,71782,1841,184.1,8218,71782
100000,75,89836,1588,158.8,10164,89836
2,76,1,1,0.1,1,1
3,76,3,1,0.1,0,3
100,76,84,43,4.3,16,84
200,76,175,88,8.8,25,175
2000,76,1746,336,33.6,254,1746
10000,76,8929,910,91.0,1071,8929
20000,76,17830,1248,124.8,2170,17830
40000,76,35875,1785,178.5,4125,35875
60000,76,53912,1607,160.7,6088,53912
80000,76,71917,1419,141.9,8083,71917
100000,76,89811,1494,149.4,10189,89811
2,77,1,1,0.1,1,1
3,77,1,1,0.1,2,1
100,77,90,41,4.1,10,90
200,77,174,86,8.6,26,174
2000,77,1736,438,43.8,264,1736
10000,77,8898,650,65.0,1102,8898
20000,77,17813,1448,144.8,2187,17813
40000,77,36008,1393,139.3,3992,36008
60000,77,53801,1402,140.2,6199,53801
80000,77,71801,2146,214.6,8199,71801
100000,77,89765,1231,123.1,10235,89765
2,78,2,1,0.1,0,2
3,78,3,1,0.1,0,3
100,78,79,84,8.4,21,79
200,78,175,82,8.2,25,175
2000,78,1750,488,48.8,250,1750
10000,78,8900,765,76.5,1100,8900
20000,78,17903,1058,105.8,2097,17903
40000,78,35882,990,99.0,4118,35882
60000,78,53830,1628,162.8,6170,53830
80000,78,71856,1307,130.7,8144,71856
100000,78,89815,1608,160.8,10185,89815
2,79,2,1,0.1,0,2
3,79,3,1,0.1,0,3
100,79,84,50,5.0,16,84
200,79,177,62,6.2,23,177
2000,79,1747,405,40.5,253,1747
10000,79,8925,1007,100.7,1075,8925
20000,79,17912,1385,138.5,2088,17912
40000,79,35804,2034,203.4,4196,35804
60000,79,53713,1440,144.0,6287,53713
80000,79,72132,1388,138.8,7868,72132
100000,79,89669,1745,174.5,10331,89669
2,80,1,1,0.1,1,1
3,80,2,1,0.1,1,2
100,80,92,45,4.5,8,92
200,80,177,78,7.8,23,177
2000,80,1754,315,31.5,246,1754
10000,80,8890,1046,104.6,1110,8890
20000,80,17869,1210,121.0,2131,17869
40000,80,35801,1126,112.6,4199,35801
60000,80,53781,1691,169.1,6219,53781
80000,80,71790,1515,151.5,8210,71790
100000,80,89658,1958,195.8,10342,89658
2,81,2,1,0.1,0,2
3,81,3,1,0.1,0,3
100,81,88,35,3.5,12,88
200,81,179,68,6.8,21,179
2000,81,1760,359,35.9,240,1760
10000,81,8874,902,90.2,1126,8874
20000,81,17911,822,82.2,2089,17911
40000,81,35933,1443,144.3,4067,35933
60000,81,53827,1385,138.5,6173,53827
80000,81,71871,2035,203.5,8129,71871
100000,81,89643,1794,179.4,10357,89643
2,82,1,1,0.1,1,1
3,82,3,1,0.1,0,3
100,82,89,23,2.3,11,89
200,82,176,42,4.2,24,176
2000,82,1736,429,42.9,264,1736
10000,82,8922,697,69.7,1078,8922
20000,82,17881,1053,105.3,2119,17881
40000,82,35818,1639,163.9,4182,35818
60000,82,53797,1671,167.1,6203,53797
80000,82,71746,1943,194.3,8254,71746
100000,82,89667,1584,158.4,10333,89667
2,83,2,1,0.1,0,2
3,83,3,1,0.1,0,3
100,83,84,19,1.9,16,84
200,83,170,50,5.0,30,170
2000,83,1786,439,43.9,214,1786
10000,83,8904,987,98.7,1096,8904
20000,83,17924,988,98.8,2076,17924
40000,83,35970,1294,129.4,4030,35970
60000,83,53939,1753,175.3,6061,53939
80000,83,71801,1951,195.1,8199,71801
100000,83,89903,1865,186.5,10097,89903
2,84,2,1,0.1,0,2
3,84,3,1,0.1,0,3
100,84,85,43,4.3,15,85
200,84,174,82,8.2,26,174
2000,84,1767,434,43.4,233,1767
10000,84,8947,772,77.2,1053,8947
20000,84,17944,1062,106.2,2056,17944
40000,84,36002,1081,108.1,3998,36002
60000,84,53862,1604,160.4,6138,53862
80000,84,71737,2087,208.7,8263,71737
100000,84,89790,1692,169.2,10210,89790
2,85,1,1,0.1,1,1
3,85,3,1,0.1,0,3
100,85,88,23,2.3,12,88
200,85,166,88,8.8,34,166
2000,85,1769,318,31.8,231,1769
10000,85,8854,997,99.7,1146,8854
20000,85,17880,1282,128.2,2120,17880
40000,85,35876,1434,143.4,4124,35876
60000,85,53719,1236,123.6,6281,53719
80000,85,71891,1342,134.2,8109,71891
100000,85,89836,2184,218.4,10164,89836
2,86,2,1,0.1,0,2
3,86,3,1,0.1,0,3
100,86,90,41,4.1,10,90
200,86,175,59,5.9,25,175
2000,86,1756,396,39.6,244,1756
10000,86,8896,806,80.6,1104,8896
20000,86,17991,866,86.6,2009,17991
40000,86,35836,1626,162.6,4164,35836
60000,86,53877,1648,164.8,6123,53877
80000,86,72049,1473,147.3,7951,72049
100000,86,89764,1024,102.4,10236,89764
2,87,2,1,0.1,0,2
3,87,3,1,0.1,0,3
100,87,89,43,4.3,11,89
200,87,176,74,7.4,24,176
2000,87,1749,497,49.7,251,1749
10000,87,8863,1021,102.1,1137,8863
20000,87,17921,1106,110.6,2079,17921
40000,87,35699,1570,157.0,4301,35699
60000,87,53925,1343,134.3,6075,53925
80000,87,71663,1607,160.7,8337,71663
100000,87,89939,1507,150.7,10061,89939
2,88,2,1,0.1,0,2
3,88,3,1,0.1,0,3
100,88,85,40,4.0,15,85
200,88,168,82,8.2,32,168
2000,88,1763,250,25.0,237,1763
10000,88,8863,966,96.6,1137,8863
20000,88,17889,1052,105.2,2111,17889
40000,88,35887,1365,136.5,4113,35887
60000,88,53862,1190,119.0,6138,53862
80000,88,71807,1579,157.9,8193,71807
100000,88,89967,1575,157.5,10033,89967
2,89,2,1,0.1,0,2
3,89,3,1,0.1,0,3
100,89,84,32,3.2,16,84
200,89,169,92,9.2,31,169
2000,89,1776,433,43.3,224,1776
10000,89,8880,1135,113.5,1120,8880
20000,89,17966,1249,124.9,2034,17966
40000,89,35918,1386,138.6,4082,35918
60000,89,53905,1552,155.2,6095,53905
80000,89,71755,2165,216.5,8245,71755
100000,89,89762,2073,207.3,10238,89762
2,90,2,1,0.1,0,2
3,90,2,1,0.1,1,2
100,90,90,30,3.0,10,90
200,90,177,53,5.3,23,177
2000,90,1747,440,44.0,253,1747
10000,90,8931,1043,104.3,1069,8931
20000,90,17953,928,92.8,2047,17953
40000,90,35744,1460,146.0,4256,35744
60000,90,53988,1405,140.5,6012,53988
80000,90,71854,1399,139.9,8146,71854
100000,90,89802,1744,174.4,10198,89802
2,91,2,1,0.1,0,2
3,91,3,1,0.1,0,3
100,91,83,36,3.6,17,83
200,91,170,76,7.6,30,170
2000,91,1758,544,54.4,242,1758
10000,91,8898,998,99.8,1102,8898
20000,91,17874,1379,137.9,2126,17874
40000,91,35890,1200,120.0,4110,35890
60000,91,53841,1353,135.3,6159,53841
80000,91,71848,1973,197.3,8152,71848
100000,91,89739,2393,239.3,10261,89739
2,92,1,1,0.1,1,1
3,92,3,1,0.1,0,3
100,92,89,40,4.0,11,89
200,92,176,77,7.7,24,176
2000,92,1767,407,40.7,233,1767
10000,92,8947,654,65.4,1053,8947
20000,92,17884,1127,112.7,2116,17884
40000,92,35873,1589,158.9,4127,35873
60000,92,53749,1822,182.2,6251,53749
80000,92,71932,1552,155.2,8068,71932
100000,92,89874,1895,189.5,10126,89874
2,93,1,1,0.1,1,1
3,93,2,1,0.1,1,2
100,93,86,35,3.5,14,86
200,93,166,65,6.5,34,166
2000,93,1791,335,33.5,209,1791
10000,93,8914,1141,114.1,1086,8914
20000,93,17892,1099,109.9,2108,17892
40000,93,35834,1484,148.4,4166,35834
60000,93,53892,1693,169.3,6108,53892
80000,93,71941,1469,146.9,8059,71941
100000,93,89773,1349,134.9,10227,89773
2,94,2,1,0.1,0,2
3,94,3,1,0.1,0,3
100,94,86,43,4.3,14,86
200,94,167,60,6.0,33,167
2000,94,1747,474,47.4,253,1747
10000,94,8937,784,78.4,1063,8937
20000,94,17841,1065,106.5,2159,17841
40000,94,35918,1470,147.0,4082,35918
60000,94,53834,1599,159.9,6166,53834
80000,94,71741,1782,178.2,8259,71741
100000,94,89868,1428,142.8,10132,89868
2,95,2,1,0.1,0,2
3,95,3,1,0.1,0,3
100,95,87,44,4.4,13,87
200,95,171,28,2.8,29,171
2000,95,1756,461,46.1,244,1756
10000,95,8955,900,90.0,1045,8955
20000,95,17907,1230,123.0,2093,17907
40000,95,35925,1655,165.5,4075,35925
60000,95,53963,2065,206.5,6037,53963
80000,95,71925,1401,140.1,8075,71925
100000,95,89960,1443,144.3,10040,89960
2,96,1,1,0.1,1,1
3,96,2,2,0.2,1,2
100,96,86,35,3.5,14,86
200,96,174,98,9.8,26,174
2000,96,1736,446,44.6,264,1736
10000,96,8958,901,90.1,1042,8958
20000,96,17909,1283,128.3,2091,17909
40000,96,35864,1953,195.3,4136,35864
60000,96,53827,1064,106.4,6173,53827
80000,96,71858,1517,151.7,8142,71858
100000,96,89811,1613,161.3,10189,89811
2,97,1,1,0.1,1,1
3,97,3,1,0.1,0,3
100,97,83,36,3.6,17,83
200,97,168,86,8.6,32,168
2000,97,1747,399,39.9,253,1747
10000,97,8955,878,87.8,1045,8955
20000,97,17897,1114,111.4,2103,17897
40000,97,35961,1310,131.0,4039,35961
60000,97,54059,1092,109.2,5941,54059
80000,97,71771,1993,199.3,8229,71771
100000,97,89801,1968,196.8,10199,89801
2,98,2,1,0.1,0,2
3,98,3,1,0.1,0,3
100,98,84,24,2.4,16,84
200,98,169,80,8.0,31,169
2000,98,1759,350,35.0,241,1759
10000,98,8868,1114,111.4,1132,8868
20000,98,17830,1079,107.9,2170,17830
40000,98,35858,1618,161.8,4142,35858
60000,98,53912,1739,173.9,6088,53912
80000,98,71807,1286,128.6,8193,71807
100000,98,89802,1737,173.7,10198,89802
2,99,0,1,0.1,2,0
3,99,3,1,0.1,0,3
100,99,84,46,4.6,16,84
200,99,178,71,7.1,22,178
2000,99,1738,362,36.2,262,1738
10000,99,8906,653,65.3,1094,8906
20000,99,17866,1146,114.6,2134,17866
40000,99,35962,869,86.9,4038,35962
60000,99,53667,1211,121.1,6333,53667
80000,99,71889,2155,215.5,8111,71889
100000,99,89807,2083,208.3,10193,89807
2,100,2,1,0.1,0,2
3,100,2,2,0.2,1,2
100,100,89,45,4.5,11,89
200,100,170,70,7.0,30,170
2000,100,1770,317,31.7,230,1770
10000,100,8891,1096,109.6,1109,8891
20000,100,17822,1222,122.2,2178,17822
40000,100,35801,1603,160.3,4199,35801
60000,100,53864,1376,137.6,6136,53864
80000,100,71987,1344,134.4,8013,71987
100000,100,89827,1756,175.6,10173,89827
