Time Horizon,Iteration,Total Reward,Suboptimal Arms Count,Total Regret,Zeros Count,Ones Count
2,1,0,1,0.1,2,0
3,1,3,1,0.1,0,3
100,1,82,42,4.2,18,82
200,1,171,86,8.6,29,171
2000,1,1766,466,46.6,234,1766
10000,1,8879,677,67.7,1121,8879
20000,1,17941,516,51.6,2059,17941
40000,1,35963,793,79.3,4037,35963
60000,1,54103,724,72.4,5897,54103
80000,1,71921,643,64.3,8079,71921
100000,1,89866,1023,102.3,10134,89866
2,2,2,1,0.1,0,2
3,2,3,1,0.1,0,3
100,2,80,49,4.9,20,80
200,2,168,87,8.7,32,168
2000,2,1788,322,32.2,212,1788
10000,2,8941,643,64.3,1059,8941
20000,2,17864,665,66.5,2136,17864
40000,2,36115,750,75.0,3885,36115
60000,2,54012,544,54.4,5988,54012
80000,2,71888,829,82.9,8112,71888
100000,2,90049,666,66.6,9951,90049
2,3,2,1,0.1,0,2
3,3,3,1,0.1,0,3
100,3,88,45,4.5,12,88
200,3,165,100,10.0,35,165
2000,3,1758,282,28.2,242,1758
10000,3,8967,595,59.5,1033,8967
20000,3,17957,669,66.9,2043,17957
40000,3,35899,636,63.6,4101,35899
60000,3,53807,755,75.5,6193,53807
80000,3,71961,675,67.5,8039,71961
100000,3,90016,992,99.2,9984,90016
2,4,2,1,0.1,0,2
3,4,3,1,0.1,0,3
100,4,90,45,4.5,10,90
200,4,177,68,6.8,23,177
2000,4,1764,409,40.9,236,1764
10000,4,8929,526,52.6,1071,8929
20000,4,17924,702,70.2,2076,17924
40000,4,35995,855,85.5,4005,35995
60000,4,53922,973,97.3,6078,53922
80000,4,71896,800,80.0,8104,71896
100000,4,89951,743,74.3,10049,89951
2,5,2,1,0.1,0,2
3,5,2,2,0.2,1,2
100,5,85,50,5.0,15,85
200,5,179,90,9.0,21,179
2000,5,1768,341,34.1,232,1768
10000,5,8951,483,48.3,1049,8951
20000,5,17942,605,60.5,2058,17942
40000,5,35948,686,68.6,4052,35948
60000,5,53887,1051,105.1,6113,53887
80000,5,71840,954,95.4,8160,71840
100000,5,89764,932,93.2,10236,89764
2,6,1,1,0.1,1,1
3,6,2,1,0.1,1,2
100,6,84,41,4.1,16,84
200,6,179,79,7.9,21,179
2000,6,1779,424,42.4,221,1779
10000,6,8920,603,60.3,1080,8920
20000,6,17909,887,88.7,2091,17909
40000,6,35882,1051,105.1,4118,35882
60000,6,53942,967,96.7,6058,53942
80000,6,71960,744,74.4,8040,71960
100000,6,89922,869,86.9,10078,89922
2,7,2,1,0.1,0,2
3,7,3,1,0.1,0,3
100,7,87,43,4.3,13,87
200,7,163,84,8.4,37,163
2000,7,1773,376,37.6,227,1773
10000,7,8986,719,71.9,1014,8986
20000,7,17907,935,93.5,2093,17907
40000,7,35960,662,66.2,4040,35960
60000,7,54036,657,65.7,5964,54036
80000,7,71827,708,70.8,8173,71827
100000,7,89910,883,88.3,10090,89910
2,8,2,1,0.1,0,2
3,8,2,1,0.1,1,2
100,8,84,41,4.1,16,84
200,8,168,80,8.0,32,168
2000,8,1746,341,34.1,254,1746
10000,8,8991,482,48.2,1009,8991
20000,8,17864,923,92.3,2136,17864
40000,8,35979,669,66.9,4021,35979
60000,8,53930,930,93.0,6070,53930
80000,8,71903,1037,103.7,8097,71903
100000,8,89899,892,89.2,10101,89899
2,9,2,1,0.1,0,2
3,9,1,2,0.2,2,1
100,9,85,44,4.4,15,85
200,9,167,75,7.5,33,167
2000,9,1758,339,33.9,242,1758
10000,9,8915,751,75.1,1085,8915
20000,9,17939,775,77.5,2061,17939
40000,9,36036,797,79.7,3964,36036
60000,9,54035,810,81.0,5965,54035
80000,9,71872,769,76.9,8128,71872
100000,9,90070,780,78.0,9930,90070
2,10,2,1,0.1,0,2
3,10,2,1,0.1,1,2
100,10,79,40,4.0,21,79
200,10,171,93,9.3,29,171
2000,10,1783,316,31.6,217,1783
10000,10,8885,786,78.6,1115,8885
20000,10,17887,592,59.2,2113,17887
40000,10,35875,952,95.2,4125,35875
60000,10,53898,597,59.7,6102,53898
80000,10,71914,990,99.0,8086,71914
100000,10,89828,872,87.2,10172,89828
2,11,2,1,0.1,0,2
3,11,3,1,0.1,0,3
100,11,90,46,4.6,10,90
200,11,173,92,9.2,27,173
2000,11,1762,432,43.2,238,1762
10000,11,8957,776,77.6,1043,8957
20000,11,17918,764,76.4,2082,17918
40000,11,35823,759,75.9,4177,35823
60000,11,53731,782,78.2,6269,53731
80000,11,72029,825,82.5,7971,72029
100000,11,89930,749,74.9,10070,89930
2,12,2,1,0.1,0,2
3,12,2,1,0.1,1,2
100,12,82,46,4.6,18,82
200,12,181,91,9.1,19,181
2000,12,1732,390,39.0,268,1732
10000,12,8935,559,55.9,1065,8935
20000,12,17936,707,70.7,2064,17936
40000,12,35820,1040,104.0,4180,35820
60000,12,53821,677,67.7,6179,53821
80000,12,72033,784,78.4,7967,72033
100000,12,89980,873,87.3,10020,89980
2,13,2,1,0.1,0,2
3,13,3,1,0.1,0,3
100,13,82,47,4.7,18,82
200,13,169,76,7.6,31,169
2000,13,1771,304,30.4,229,1771
10000,13,8968,443,44.3,1032,8968
20000,13,17831,532,53.2,2169,17831
40000,13,35853,728,72.8,4147,35853
60000,13,54035,654,65.4,5965,54035
80000,13,71873,628,62.8,8127,71873
100000,13,90033,948,94.8,9967,90033
2,14,2,1,0.1,0,2
3,14,1,1,0.1,2,1
100,14,89,46,4.6,11,89
200,14,172,84,8.4,28,172
2000,14,1737,397,39.7,263,1737
10000,14,8949,729,72.9,1051,8949
20000,14,17923,866,86.6,2077,17923
40000,14,35984,717,71.7,4016,35984
60000,14,53985,648,64.8,6015,53985
80000,14,71975,672,67.2,8025,71975
100000,14,89883,810,81.0,10117,89883
2,15,2,1,0.1,0,2
3,15,3,1,0.1,0,3
100,15,82,47,4.7,18,82
200,15,176,86,8.6,24,176
2000,15,1763,433,43.3,237,1763
10000,15,9002,647,64.7,998,9002
20000,15,17923,599,59.9,2077,17923
40000,15,35992,804,80.4,4008,35992
60000,15,53981,855,85.5,6019,53981
80000,15,72007,1000,100.0,7993,72007
100000,15,89942,1068,106.8,10058,89942
2,16,2,1,0.1,0,2
3,16,2,1,0.1,1,2
100,16,85,47,4.7,15,85
200,16,167,77,7.7,33,167
2000,16,1783,371,37.1,217,1783
10000,16,8910,524,52.4,1090,8910
20000,16,17931,453,45.3,2069,17931
40000,16,35979,588,58.8,4021,35979
60000,16,53874,806,80.6,6126,53874
80000,16,71870,815,81.5,8130,71870
100000,16,90113,798,79.8,9887,90113
2,17,2,1,0.1,0,2
3,17,3,1,0.1,0,3
100,17,86,44,4.4,14,86
200,17,172,82,8.2,28,172
2000,17,1750,303,30.3,250,1750
10000,17,8934,797,79.7,1066,8934
20000,17,17974,684,68.4,2026,17974
40000,17,35796,847,84.7,4204,35796
60000,17,53986,861,86.1,6014,53986
80000,17,71935,835,83.5,8065,71935
100000,17,89974,772,77.2,10026,89974
2,18,2,1,0.1,0,2
3,18,3,1,0.1,0,3
100,18,93,52,5.2,7,93
200,18,170,88,8.8,30,170
2000,18,1763,408,40.8,237,1763
10000,18,8932,519,51.9,1068,8932
20000,18,17959,575,57.5,2041,17959
40000,18,35995,801,80.1,4005,35995
60000,18,53834,936,93.6,6166,53834
80000,18,72070,753,75.3,7930,72070
100000,18,89982,833,83.3,10018,89982
2,19,2,1,0.1,0,2
3,19,3,1,0.1,0,3
100,19,87,47,4.7,13,87
200,19,172,76,7.6,28,172
2000,19,1769,356,35.6,231,1769
10000,19,8932,488,48.8,1068,8932
20000,19,17845,1102,110.2,2155,17845
40000,19,35913,753,75.3,4087,35913
60000,19,53871,630,63.0,6129,53871
80000,19,71941,914,91.4,8059,71941
100000,19,89820,846,84.6,10180,89820
2,20,2,1,0.1,0,2
3,20,3,1,0.1,0,3
100,20,80,48,4.8,20,80
200,20,164,74,7.4,36,164
2000,20,1771,385,38.5,229,1771
10000,20,8921,629,62.9,1079,8921
20000,20,17865,605,60.5,2135,17865
40000,20,35917,756,75.6,4083,35917
60000,20,53894,811,81.1,6106,53894
80000,20,71819,676,67.6,8181,71819
100000,20,89851,890,89.0,10149,89851
2,21,2,1,0.1,0,2
3,21,3,1,0.1,0,3
100,21,89,49,4.9,11,89
200,21,170,84,8.4,30,170
2000,21,1753,438,43.8,247,1753
10000,21,8933,765,76.5,1067,8933
20000,21,17880,729,72.9,2120,17880
40000,21,35939,508,50.8,4061,35939
60000,21,53925,816,81.6,6075,53925
80000,21,72026,816,81.6,7974,72026
100000,21,90076,713,71.3,9924,90076
2,22,2,1,0.1,0,2
3,22,3,1,0.1,0,3
100,22,84,51,5.1,16,84
200,22,169,97,9.7,31,169
2000,22,1755,242,24.2,245,1755
10000,22,8953,519,51.9,1047,8953
20000,22,17961,469,46.9,2039,17961
40000,22,36075,662,66.2,3925,36075
60000,22,53996,676,67.6,6004,53996
80000,22,72016,731,73.1,7984,72016
100000,22,89803,1108,110.8,10197,89803
2,23,1,1,0.1,1,1
3,23,1,1,0.1,2,1
100,23,89,49,4.9,11,89
200,23,176,82,8.2,24,176
2000,23,1790,413,41.3,210,1790
10000,23,8934,558,55.8,1066,8934
20000,23,17985,764,76.4,2015,17985
40000,23,35905,932,93.2,4095,35905
60000,23,53990,784,78.4,6010,53990
80000,23,71952,800,80.0,8048,71952
100000,23,89915,730,73.0,10085,89915
2,24,2,1,0.1,0,2
3,24,3,1,0.1,0,3
100,24,81,46,4.6,19,81
200,24,168,84,8.4,32,168
2000,24,1773,340,34.0,227,1773
10000,24,8952,497,49.7,1048,8952
20000,24,17951,777,77.7,2049,17951
40000,24,35888,744,74.4,4112,35888
60000,24,53740,934,93.4,6260,53740
80000,24,72004,775,77.5,7996,72004
100000,24,89942,769,76.9,10058,89942
2,25,2,1,0.1,0,2
3,25,1,1,0.1,2,1
100,25,82,47,4.7,18,82
200,25,167,75,7.5,33,167
2000,25,1749,527,52.7,251,1749
10000,25,8903,518,51.8,1097,8903
20000,25,17966,754,75.4,2034,17966
40000,25,35875,735,73.5,4125,35875
60000,25,53954,949,94.9,6046,53954
80000,25,72025,816,81.6,7975,72025
100000,25,90022,777,77.7,9978,90022
2,26,2,1,0.1,0,2
3,26,3,1,0.1,0,3
100,26,88,47,4.7,12,88
200,26,168,84,8.4,32,168
2000,26,1748,320,32.0,252,1748
10000,26,8949,589,58.9,1051,8949
20000,26,17907,752,75.2,2093,17907
40000,26,35903,676,67.6,4097,35903
60000,26,53913,598,59.8,6087,53913
80000,26,71859,835,83.5,8141,71859
100000,26,90046,902,90.2,9954,90046
2,27,2,1,0.1,0,2
3,27,3,1,0.1,0,3
100,27,86,50,5.0,14,86
200,27,164,91,9.1,36,164
2000,27,1741,351,35.1,259,1741
10000,27,8919,409,40.9,1081,8919
20000,27,17990,944,94.4,2010,17990
40000,27,36009,649,64.9,3991,36009
60000,27,53967,648,64.8,6033,53967
80000,27,71878,663,66.3,8122,71878
100000,27,89828,913,91.3,10172,89828
2,28,2,1,0.1,0,2
3,28,3,1,0.1,0,3
100,28,88,50,5.0,12,88
200,28,169,77,7.7,31,169
2000,28,1753,391,39.1,247,1753
10000,28,8912,607,60.7,1088,8912
20000,28,17898,599,59.9,2102,17898
40000,28,35925,731,73.1,4075,35925
60000,28,53952,881,88.1,6048,53952
80000,28,71880,558,55.8,8120,71880
100000,28,89959,976,97.6,10041,89959
2,29,0,1,0.1,2,0
3,29,3,1,0.1,0,3
100,29,85,44,4.4,15,85
200,29,165,85,8.5,35,165
2000,29,1762,405,40.5,238,1762
10000,29,8942,525,52.5,1058,8942
20000,29,17904,589,58.9,2096,17904
40000,29,35943,941,94.1,4057,35943
60000,29,53804,880,88.0,6196,53804
80000,29,71897,1007,100.7,8103,71897
100000,29,90132,939,93.9,9868,90132
2,30,2,1,0.1,0,2
3,30,1,2,0.2,2,1
100,30,90,47,4.7,10,90
200,30,168,82,8.2,32,168
2000,30,1739,384,38.4,261,1739
10000,30,8945,495,49.5,1055,8945
20000,30,17829,768,76.8,2171,17829
40000,30,35917,615,61.5,4083,35917
60000,30,54038,801,80.1,5962,54038
80000,30,72011,572,57.2,7989,72011
100000,30,89848,860,86.0,10152,89848
2,31,1,1,0.1,1,1
3,31,2,1,0.1,1,2
100,31,88,45,4.5,12,88
200,31,180,81,8.1,20,180
2000,31,1778,368,36.8,222,1778
10000,31,8914,538,53.8,1086,8914
20000,31,17869,719,71.9,2131,17869
40000,31,35894,747,74.7,4106,35894
60000,31,53922,634,63.4,6078,53922
80000,31,72006,805,80.5,7994,72006
100000,31,89790,668,66.8,10210,89790
2,32,2,1,0.1,0,2
3,32,3,1,0.1,0,3
100,32,80,41,4.1,20,80
200,32,174,68,6.8,26,174
2000,32,1772,370,37.0,228,1772
10000,32,8961,581,58.1,1039,8961
20000,32,17933,583,58.3,2067,17933
40000,32,35993,720,72.0,4007,35993
60000,32,53857,862,86.2,6143,53857
80000,32,72046,720,72.0,7954,72046
100000,32,89878,953,95.3,10122,89878
2,33,2,1,0.1,0,2
3,33,3,1,0.1,0,3
100,33,77,49,4.9,23,77
200,33,179,91,9.1,21,179
2000,33,1783,496,49.6,217,1783
10000,33,8963,430,43.0,1037,8963
20000,33,17885,877,87.7,2115,17885
40000,33,35926,727,72.7,4074,35926
60000,33,53884,1033,103.3,6116,53884
80000,33,71989,672,67.2,8011,71989
100000,33,89836,989,98.9,10164,89836
2,34,1,1,0.1,1,1
3,34,3,1,0.1,0,3
100,34,86,49,4.9,14,86
200,34,177,92,9.2,23,177
2000,34,1757,289,28.9,243,1757
10000,34,8949,533,53.3,1051,8949
20000,34,17986,512,51.2,2014,17986
40000,34,35891,643,64.3,4109,35891
60000,34,53927,712,71.2,6073,53927
80000,34,71765,615,61.5,8235,71765
100000,34,89958,825,82.5,10042,89958
2,35,2,1,0.1,0,2
3,35,3,1,0.1,0,3
100,35,87,42,4.2,13,87
200,35,176,84,8.4,24,176
2000,35,1747,331,33.1,253,1747
10000,35,8998,535,53.5,1002,8998
20000,35,17910,773,77.3,2090,17910
40000,35,35940,780,78.0,4060,35940
60000,35,53707,853,85.3,6293,53707
80000,35,71882,941,94.1,8118,71882
100000,35,89770,1133,113.3,10230,89770
2,36,1,1,0.1,1,1
3,36,3,1,0.1,0,3
100,36,85,49,4.9,15,85
200,36,164,92,9.2,36,164
2000,36,1776,287,28.7,224,1776
10000,36,8948,520,52.0,1052,8948
20000,36,17997,619,61.9,2003,17997
40000,36,35988,751,75.1,4012,35988
60000,36,53967,807,80.7,6033,53967
80000,36,71899,796,79.6,8101,71899
100000,36,89975,648,64.8,10025,89975
2,37,2,1,0.1,0,2
3,37,2,1,0.1,1,2
100,37,84,50,5.0,16,84
200,37,173,82,8.2,27,173
2000,37,1786,352,35.2,214,1786
10000,37,8947,585,58.5,1053,8947
20000,37,17909,778,77.8,2091,17909
40000,37,35868,809,80.9,4132,35868
60000,37,53903,856,85.6,6097,53903
80000,37,71926,764,76.4,8074,71926
100000,37,89814,1169,116.9,10186,89814
2,38,1,1,0.1,1,1
3,38,1,2,0.2,2,1
100,38,84,48,4.8,16,84
200,38,169,80,8.0,31,169
2000,38,1750,410,41.0,250,1750
10000,38,8930,535,53.5,1070,8930
20000,38,17894,776,77.6,2106,17894
40000,38,36079,709,70.9,3921,36079
60000,38,54011,691,69.1,5989,54011
80000,38,71892,996,99.6,8108,71892
100000,38,89875,771,77.1,10125,89875
2,39,0,1,0.1,2,0
3,39,3,1,0.1,0,3
100,39,85,45,4.5,15,85
200,39,177,89,8.9,23,177
2000,39,1763,315,31.5,237,1763
10000,39,8981,790,79.0,1019,8981
20000,39,17997,622,62.2,2003,17997
40000,39,35914,587,58.7,4086,35914
60000,39,54007,929,92.9,5993,54007
80000,39,71878,840,84.0,8122,71878
100000,39,89857,984,98.4,10143,89857
2,40,2,1,0.1,0,2
3,40,3,1,0.1,0,3
100,40,82,49,4.9,18,82
200,40,165,85,8.5,35,165
2000,40,1784,430,43.0,216,1784
10000,40,8957,522,52.2,1043,8957
20000,40,17945,796,79.6,2055,17945
40000,40,35956,816,81.6,4044,35956
60000,40,53934,949,94.9,6066,53934
80000,40,71762,903,90.3,8238,71762
100000,40,90029,751,75.1,9971,90029
2,41,1,1,0.1,1,1
3,41,2,1,0.1,1,2
100,41,84,45,4.5,16,84
200,41,174,90,9.0,26,174
2000,41,1755,359,35.9,245,1755
10000,41,8958,589,58.9,1042,8958
20000,41,17983,708,70.8,2017,17983
40000,41,35853,954,95.4,4147,35853
60000,41,53888,816,81.6,6112,53888
80000,41,71977,761,76.1,8023,71977
100000,41,89911,652,65.2,10089,89911
2,42,2,1,0.1,0,2
3,42,3,1,0.1,0,3
100,42,84,48,4.8,16,84
200,42,165,89,8.9,35,165
2000,42,1765,227,22.7,235,1765
10000,42,8938,763,76.3,1062,8938
20000,42,17935,562,56.2,2065,17935
40000,42,35867,819,81.9,4133,35867
60000,42,53970,896,89.6,6030,53970
80000,42,71951,888,88.8,8049,71951
100000,42,89970,951,95.1,10030,89970
2,43,2,1,0.1,0,2
3,43,3,1,0.1,0,3
100,43,86,42,4.2,14,86
200,43,182,98,9.8,18,182
2000,43,1774,435,43.5,226,1774
10000,43,8943,583,58.3,1057,8943
20000,43,17982,761,76.1,2018,17982
40000,43,35967,750,75.0,4033,35967
60000,43,53872,597,59.7,6128,53872
80000,43,71924,840,84.0,8076,71924
100000,43,89891,823,82.3,10109,89891
2,44,2,1,0.1,0,2
3,44,3,1,0.1,0,3
100,44,85,43,4.3,15,85
200,44,174,84,8.4,26,174
2000,44,1788,364,36.4,212,1788
10000,44,8977,506,50.6,1023,8977
20000,44,18023,561,56.1,1977,18023
40000,44,35825,815,81.5,4175,35825
60000,44,53868,714,71.4,6132,53868
80000,44,71864,804,80.4,8136,71864
100000,44,89926,971,97.1,10074,89926
2,45,2,1,0.1,0,2
3,45,3,1,0.1,0,3
100,45,87,43,4.3,13,87
200,45,179,87,8.7,21,179
2000,45,1773,377,37.7,227,1773
10000,45,8919,439,43.9,1081,8919
20000,45,17948,516,51.6,2052,17948
40000,45,35880,907,90.7,4120,35880
60000,45,53885,995,99.5,6115,53885
80000,45,71969,816,81.6,8031,71969
100000,45,89846,620,62.0,10154,89846
2,46,1,1,0.1,1,1
3,46,3,1,0.1,0,3
100,46,83,46,4.6,17,83
200,46,170,85,8.5,30,170
2000,46,1749,419,41.9,251,1749
10000,46,8925,413,41.3,1075,8925
20000,46,18006,699,69.9,1994,18006
40000,46,35988,962,96.2,4012,35988
60000,46,53989,578,57.8,6011,53989
80000,46,72052,625,62.5,7948,72052
100000,46,90047,644,64.4,9953,90047
2,47,2,1,0.1,0,2
3,47,3,1,0.1,0,3
100,47,91,48,4.8,9,91
200,47,169,70,7.0,31,169
2000,47,1744,371,37.1,256,1744
10000,47,8913,437,43.7,1087,8913
20000,47,17952,644,64.4,2048,17952
40000,47,35911,771,77.1,4089,35911
60000,47,53846,879,87.9,6154,53846
80000,47,71987,871,87.1,8013,71987
100000,47,90076,625,62.5,9924,90076
2,48,1,1,0.1,1,1
3,48,3,1,0.1,0,3
100,48,87,47,4.7,13,87
200,48,176,82,8.2,24,176
2000,48,1754,345,34.5,246,1754
10000,48,8913,544,54.4,1087,8913
20000,48,17962,660,66.0,2038,17962
40000,48,36006,677,67.7,3994,36006
60000,48,53874,996,99.6,6126,53874
80000,48,71845,902,90.2,8155,71845
100000,48,89831,998,99.8,10169,89831
2,49,2,1,0.1,0,2
3,49,1,1,0.1,2,1
100,49,85,46,4.6,15,85
200,49,168,93,9.3,32,168
2000,49,1780,353,35.3,220,1780
10000,49,8991,577,57.7,1009,8991
20000,49,17901,527,52.7,2099,17901
40000,49,35926,838,83.8,4074,35926
60000,49,53782,731,73.1,6218,53782
80000,49,71847,807,80.7,8153,71847
100000,49,89814,1011,101.1,10186,89814
2,50,2,1,0.1,0,2
3,50,3,1,0.1,0,3
100,50,84,43,4.3,16,84
200,50,171,84,8.4,29,171
2000,50,1773,390,39.0,227,1773
10000,50,8938,502,50.2,1062,8938
20000,50,17969,592,59.2,2031,17969
40000,50,35992,719,71.9,4008,35992
60000,50,53835,792,79.2,6165,53835
80000,50,71862,877,87.7,8138,71862
100000,50,90023,751,75.1,9977,90023
2,51,2,1,0.1,0,2
3,51,2,1,0.1,1,2
100,51,90,49,4.9,10,90
200,51,173,77,7.7,27,173
2000,51,1734,427,42.7,266,1734
10000,51,8908,611,61.1,1092,8908
20000,51,17952,597,59.7,2048,17952
40000,51,35944,794,79.4,4056,35944
60000,51,53887,1026,102.6,6113,53887
80000,51,71924,1035,103.5,8076,71924
100000,51,90075,803,80.3,9925,90075
2,52,1,1,0.1,1,1
3,52,3,1,0.1,0,3
100,52,89,48,4.8,11,89
200,52,166,85,8.5,34,166
2000,52,1776,300,30.0,224,1776
10000,52,8927,738,73.8,1073,8927
20000,52,17956,624,62.4,2044,17956
40000,52,35897,936,93.6,4103,35897
60000,52,53908,933,93.3,6092,53908
80000,52,72002,1026,102.6,7998,72002
100000,52,89797,856,85.6,10203,89797
2,53,1,1,0.1,1,1
3,53,3,1,0.1,0,3
100,53,80,41,4.1,20,80
200,53,166,76,7.6,34,166
2000,53,1757,333,33.3,243,1757
10000,53,8951,533,53.3,1049,8951
20000,53,17955,572,57.2,2045,17955
40000,53,35994,628,62.8,4006,35994
60000,53,54058,904,90.4,5942,54058
80000,53,71780,878,87.8,8220,71780
100000,53,90028,869,86.9,9972,90028
2,54,2,1,0.1,0,2
3,54,1,2,0.2,2,1
100,54,91,51,5.1,9,91
200,54,164,79,7.9,36,164
2000,54,1778,388,38.8,222,1778
10000,54,8945,543,54.3,1055,8945
20000,54,17889,856,85.6,2111,17889
40000,54,35963,643,64.3,4037,35963
60000,54,53917,922,92.2,6083,53917
80000,54,72018,732,73.2,7982,72018
100000,54,89921,1101,110.1,10079,89921
2,55,1,1,0.1,1,1
3,55,3,1,0.1,0,3
100,55,91,52,5.2,9,91
200,55,169,98,9.8,31,169
2000,55,1766,251,25.1,234,1766
10000,55,8922,833,83.3,1078,8922
20000,55,17893,675,67.5,2107,17893
40000,55,35899,720,72.0,4101,35899
60000,55,53937,740,74.0,6063,53937
80000,55,72032,810,81.0,7968,72032
100000,55,89973,888,88.8,10027,89973
2,56,2,1,0.1,0,2
3,56,3,1,0.1,0,3
100,56,78,50,5.0,22,78
200,56,176,96,9.6,24,176
2000,56,1756,466,46.6,244,1756
10000,56,8971,569,56.9,1029,8971
20000,56,17951,760,76.0,2049,17951
40000,56,35878,716,71.6,4122,35878
60000,56,53900,942,94.2,6100,53900
80000,56,71770,818,81.8,8230,71770
100000,56,89797,1030,103.0,10203,89797
2,57,2,1,0.1,0,2
3,57,2,2,0.2,1,2
100,57,86,44,4.4,14,86
200,57,178,88,8.8,22,178
2000,57,1770,317,31.7,230,1770
10000,57,8944,653,65.3,1056,8944
20000,57,17993,675,67.5,2007,17993
40000,57,36026,733,73.3,3974,36026
60000,57,54000,838,83.8,6000,54000
80000,57,71925,1139,113.9,8075,71925
100000,57,89851,930,93.0,10149,89851
2,58,1,1,0.1,1,1
3,58,3,1,0.1,0,3
100,58,84,43,4.3,16,84
200,58,166,63,6.3,34,166
2000,58,1765,450,45.0,235,1765
10000,58,8883,724,72.4,1117,8883
20000,58,17934,652,65.2,2066,17934
40000,58,35935,596,59.6,4065,35935
60000,58,53883,774,77.4,6117,53883
80000,58,71806,812,81.2,8194,71806
100000,58,89915,924,92.4,10085,89915
2,59,2,1,0.1,0,2
3,59,3,1,0.1,0,3
100,59,84,48,4.8,16,84
200,59,172,92,9.2,28,172
2000,59,1757,470,47.0,243,1757
10000,59,8984,596,59.6,1016,8984
20000,59,17991,580,58.0,2009,17991
40000,59,35939,808,80.8,4061,35939
60000,59,53914,838,83.8,6086,53914
80000,59,71995,779,77.9,8005,71995
100000,59,89810,1336,133.6,10190,89810
2,60,1,1,0.1,1,1
3,60,3,1,0.1,0,3
100,60,91,46,4.6,9,91
200,60,177,85,8.5,23,177
2000,60,1762,315,31.5,238,1762
10000,60,8872,769,76.9,1128,8872
20000,60,17940,770,77.0,2060,17940
40000,60,35830,934,93.4,4170,35830
60000,60,54020,924,92.4,5980,54020
80000,60,71937,806,80.6,8063,71937
100000,60,89900,1178,117.8,10100,89900
2,61,2,1,0.1,0,2
3,61,3,1,0.1,0,3
100,61,84,43,4.3,16,84
200,61,169,81,8.1,31,169
2000,61,1804,360,36.0,196,1804
10000,61,8928,623,62.3,1072,8928
20000,61,17969,861,86.1,2031,17969
40000,61,35847,714,71.4,4153,35847
60000,61,53899,683,68.3,6101,53899
80000,61,71934,741,74.1,8066,71934
100000,61,89814,955,95.5,10186,89814
2,62,2,1,0.1,0,2
3,62,3,1,0.1,0,3
100,62,88,45,4.5,12,88
200,62,169,82,8.2,31,169
2000,62,1785,335,33.5,215,1785
10000,62,9002,502,50.2,998,9002
20000,62,17930,447,44.7,2070,17930
40000,62,35959,745,74.5,4041,35959
60000,62,53955,784,78.4,6045,53955
80000,62,71761,1104,110.4,8239,71761
100000,62,89734,609,60.9,10266,89734
2,63,2,1,0.1,0,2
3,63,3,1,0.1,0,3
100,63,84,52,5.2,16,84
200,63,170,97,9.7,30,170
2000,63,1762,413,41.3,238,1762
10000,63,8934,545,54.5,1066,8934
20000,63,17915,824,82.4,2085,17915
40000,63,35992,613,61.3,4008,35992
60000,63,53861,796,79.6,6139,53861
80000,63,71934,1021,102.1,8066,71934
100000,63,90027,1045,104.5,9973,90027
2,64,2,1,0.1,0,2
3,64,3,1,0.1,0,3
100,64,90,46,4.6,10,90
200,64,176,98,9.8,24,176
2000,64,1764,470,47.0,236,1764
10000,64,8899,616,61.6,1101,8899
20000,64,17967,545,54.5,2033,17967
40000,64,35876,691,69.1,4124,35876
60000,64,53953,772,77.2,6047,53953
80000,64,71936,864,86.4,8064,71936
100000,64,89936,726,72.6,10064,89936
2,65,1,1,0.1,1,1
3,65,3,1,0.1,0,3
100,65,78,39,3.9,22,78
200,65,168,82,8.2,32,168
2000,65,1749,366,36.6,251,1749
10000,65,8940,515,51.5,1060,8940
20000,65,17915,589,58.9,2085,17915
40000,65,35898,831,83.1,4102,35898
60000,65,53912,602,60.2,6088,53912
80000,65,71976,755,75.5,8024,71976
100000,65,89895,1067,106.7,10105,89895
2,66,2,1,0.1,0,2
3,66,3,1,0.1,0,3
100,66,85,49,4.9,15,85
200,66,169,82,8.2,31,169
2000,66,1774,359,35.9,226,1774
10000,66,8884,745,74.5,1116,8884
20000,66,17948,641,64.1,2052,17948
40000,66,35945,650,65.0,4055,35945
60000,66,53901,616,61.6,6099,53901
80000,66,72032,935,93.5,7968,72032
100000,66,89845,819,81.9,10155,89845
2,67,2,1,0.1,0,2
3,67,2,2,0.2,1,2
100,67,85,40,4.0,15,85
200,67,168,83,8.3,32,168
2000,67,1770,440,44.0,230,1770
10000,67,8945,636,63.6,1055,8945
20000,67,17910,721,72.1,2090,17910
40000,67,35942,732,73.2,4058,35942
60000,67,53901,827,82.7,6099,53901
80000,67,71909,883,88.3,8091,71909
100000,67,89977,765,76.5,10023,89977
2,68,2,1,0.1,0,2
3,68,3,1,0.1,0,3
100,68,86,47,4.7,14,86
200,68,177,87,8.7,23,177
2000,68,1756,243,24.3,244,1756
10000,68,8982,385,38.5,1018,8982
20000,68,17978,604,60.4,2022,17978
40000,68,36006,777,77.7,3994,36006
60000,68,53867,851,85.1,6133,53867
80000,68,71976,822,82.2,8024,71976
100000,68,89803,777,77.7,10197,89803
2,69,1,1,0.1,1,1
3,69,3,1,0.1,0,3
100,69,86,46,4.6,14,86
200,69,164,79,7.9,36,164
2000,69,1772,420,42.0,228,1772
10000,69,8943,562,56.2,1057,8943
20000,69,17889,926,92.6,2111,17889
40000,69,35794,643,64.3,4206,35794
60000,69,53875,679,67.9,6125,53875
80000,69,72041,558,55.8,7959,72041
100000,69,89897,739,73.9,10103,89897
2,70,2,1,0.1,0,2
3,70,3,1,0.1,0,3
100,70,81,46,4.6,19,81
200,70,168,93,9.3,32,168
2000,70,1762,313,31.3,238,1762
10000,70,8926,514,51.4,1074,8926
20000,70,17923,896,89.6,2077,17923
40000,70,35807,925,92.5,4193,35807
60000,70,53833,885,88.5,6167,53833
80000,70,71851,858,85.8,8149,71851
100000,70,89887,876,87.6,10113,89887
2,71,2,1,0.1,0,2
3,71,3,1,0.1,0,3
100,71,87,48,4.8,13,87
200,71,179,94,9.4,21,179
2000,71,1763,319,31.9,237,1763
10000,71,8951,624,62.4,1049,8951
20000,71,17814,859,85.9,2186,17814
40000,71,35866,1125,112.5,4134,35866
60000,71,53941,839,83.9,6059,53941
80000,71,71834,625,62.5,8166,71834
100000,71,89903,945,94.5,10097,89903
2,72,1,1,0.1,1,1
3,72,2,1,0.1,1,2
100,72,87,47,4.7,13,87
200,72,178,88,8.8,22,178
2000,72,1743,391,39.1,257,1743
10000,72,8912,618,61.8,1088,8912
20000,72,17945,693,69.3,2055,17945
40000,72,35890,815,81.5,4110,35890
60000,72,53877,725,72.5,6123,53877
80000,72,71881,654,65.4,8119,71881
100000,72,89919,750,75.0,10081,89919
2,73,2,1,0.1,0,2
3,73,3,1,0.1,0,3
100,73,78,39,3.9,22,78
200,73,173,88,8.8,27,173
2000,73,1756,350,35.0,244,1756
10000,73,8937,564,56.4,1063,8937
20000,73,17872,575,57.5,2128,17872
40000,73,35956,814,81.4,4044,35956
60000,73,53877,690,69.0,6123,53877
80000,73,71915,1011,101.1,8085,71915
100000,73,90151,959,95.9,9849,90151
2,74,2,1,0.1,0,2
3,74,3,1,0.1,0,3
100,74,86,48,4.8,14,86
200,74,180,96,9.6,20,180
2000,74,1735,376,37.6,265,1735
10000,74,8946,594,59.4,1054,8946
20000,74,17966,786,78.6,2034,17966
40000,74,35879,981,98.1,4121,35879
60000,74,53898,1154,115.4,6102,53898
80000,74,71840,837,83.7,8160,71840
100000,74,89927,904,90.4,10073,89927
2,75,1,1,0.1,1,1
3,75,2,1,0.1,1,2
100,75,85,49,4.9,15,85
200,75,168,77,7.7,32,168
2000,75,1758,444,44.4,242,1758
10000,75,8904,641,64.1,1096,8904
20000,75,17885,678,67.8,2115,17885
40000,75,35990,952,95.2,4010,35990
60000,75,53902,545,54.5,6098,53902
80000,75,71893,1084,108.4,8107,71893
100000,75,89896,1018,101.8,10104,89896
2,76,2,1,0.1,0,2
3,76,1,1,0.1,2,1
100,76,89,46,4.6,11,89
200,76,172,89,8.9,28,172
2000,76,1773,312,31.2,227,1773
10000,76,8907,467,46.7,1093,8907
20000,76,17951,694,69.4,2049,17951
40000,76,35932,1155,115.5,4068,35932
60000,76,53899,838,83.8,6101,53899
80000,76,71926,790,79.0,8074,71926
100000,76,89958,803,80.3,10042,89958
2,77,2,1,0.1,0,2
3,77,2,1,0.1,1,2
100,77,79,47,4.7,21,79
200,77,166,74,7.4,34,166
2000,77,1789,359,35.9,211,1789
10000,77,8971,669,66.9,1029,8971
20000,77,17943,760,76.0,2057,17943
40000,77,35967,804,80.4,4033,35967
60000,77,53906,660,66.0,6094,53906
80000,77,71902,901,90.1,8098,71902
100000,77,90084,1100,110.0,9916,90084
2,78,2,1,0.1,0,2
3,78,2,1,0.1,1,2
100,78,88,45,4.5,12,88
200,78,166,96,9.6,34,166
2000,78,1744,306,30.6,256,1744
10000,78,8951,584,58.4,1049,8951
20000,78,18049,632,63.2,1951,18049
40000,78,35997,773,77.3,4003,35997
60000,78,53912,892,89.2,6088,53912
80000,78,72059,737,73.7,7941,72059
100000,78,89892,852,85.2,10108,89892
2,79,2,1,0.1,0,2
3,79,3,1,0.1,0,3
100,79,88,48,4.8,12,88
200,79,164,83,8.3,36,164
2000,79,1758,357,35.7,242,1758
10000,79,8905,574,57.4,1095,8905
20000,79,17955,553,55.3,2045,17955
40000,79,35834,845,84.5,4166,35834
60000,79,53971,709,70.9,6029,53971
80000,79,71959,965,96.5,8041,71959
100000,79,89914,733,73.3,10086,89914
2,80,1,1,0.1,1,1
3,80,2,1,0.1,1,2
100,80,85,44,4.4,15,85
200,80,174,88,8.8,26,174
2000,80,1764,457,45.7,236,1764
10000,80,8966,859,85.9,1034,8966
20000,80,17944,775,77.5,2056,17944
40000,80,35953,710,71.0,4047,35953
60000,80,53951,800,80.0,6049,53951
80000,80,71914,730,73.0,8086,71914
100000,80,89978,942,94.2,10022,89978
2,81,1,1,0.1,1,1
3,81,2,2,0.2,1,2
100,81,88,47,4.7,12,88
200,81,170,82,8.2,30,170
2000,81,1765,343,34.3,235,1765
10000,81,8924,571,57.1,1076,8924
20000,81,17961,847,84.7,2039,17961
40000,81,35973,486,48.6,4027,35973
60000,81,53861,623,62.3,6139,53861
80000,81,71917,895,89.5,8083,71917
100000,81,89974,786,78.6,10026,89974
2,82,2,1,0.1,0,2
3,82,3,1,0.1,0,3
100,82,85,47,4.7,15,85
200,82,181,82,8.2,19,181
2000,82,1789,380,38.0,211,1789
10000,82,8986,472,47.2,1014,8986
20000,82,17940,446,44.6,2060,17940
40000,82,35992,739,73.9,4008,35992
60000,82,53918,570,57.0,6082,53918
80000,82,71932,1013,101.3,8068,71932
100000,82,90052,762,76.2,9948,90052
2,83,2,1,0.1,0,2
3,83,3,1,0.1,0,3
100,83,91,47,4.7,9,91
200,83,175,98,9.8,25,175
2000,83,1778,392,39.2,222,1778
10000,83,8937,718,71.8,1063,8937
20000,83,17965,703,70.3,2035,17965
40000,83,35866,977,97.7,4134,35866
60000,83,54050,607,60.7,5950,54050
80000,83,71879,835,83.5,8121,71879
100000,83,90026,752,75.2,9974,90026
2,84,2,1,0.1,0,2
3,84,3,1,0.1,0,3
100,84,85,47,4.7,15,85
200,84,168,93,9.3,32,168
2000,84,1774,261,26.1,226,1774
10000,84,8951,584,58.4,1049,8951
20000,84,17870,584,58.4,2130,17870
40000,84,35965,576,57.6,4035,35965
60000,84,53929,768,76.8,6071,53929
80000,84,71870,810,81.0,8130,71870
100000,84,90073,686,68.6,9927,90073
2,85,2,1,0.1,0,2
3,85,3,1,0.1,0,3
100,85,83,46,4.6,17,83
200,85,170,85,8.5,30,170
2000,85,1767,422,42.2,233,1767
10000,85,8937,474,47.4,1063,8937
20000,85,17934,789,78.9,2066,17934
40000,85,35919,827,82.7,4081,35919
60000,85,53937,1214,121.4,6063,53937
80000,85,71892,830,83.0,8108,71892
100000,85,89952,794,79.4,10048,89952
2,86,2,1,0.1,0,2
3,86,2,1,0.1,1,2
100,86,86,42,4.2,14,86
200,86,172,82,8.2,28,172
2000,86,1767,324,32.4,233,1767
10000,86,8958,528,52.8,1042,8958
20000,86,17948,705,70.5,2052,17948
40000,86,35883,973,97.3,4117,35883
60000,86,54013,672,67.2,5987,54013
80000,86,71897,722,72.2,8103,71897
100000,86,89923,573,57.3,10077,89923
2,87,2,1,0.1,0,2
3,87,2,1,0.1,1,2
100,87,90,45,4.5,10,90
200,87,175,91,9.1,25,175
2000,87,1731,377,37.7,269,1731
10000,87,8888,841,84.1,1112,8888
20000,87,17932,591,59.1,2068,17932
40000,87,35960,894,89.4,4040,35960
60000,87,53919,870,87.0,6081,53919
80000,87,72010,886,88.6,7990,72010
100000,87,89888,798,79.8,10112,89888
2,88,2,1,0.1,0,2
3,88,3,1,0.1,0,3
100,88,86,48,4.8,14,86
200,88,176,91,9.1,24,176
2000,88,1755,397,39.7,245,1755
10000,88,8916,570,57.0,1084,8916
20000,88,17890,974,97.4,2110,17890
40000,88,35916,686,68.6,4084,35916
60000,88,53912,809,80.9,6088,53912
80000,88,71836,820,82.0,8164,71836
100000,88,89917,929,92.9,10083,89917
2,89,2,1,0.1,0,2
3,89,2,1,0.1,1,2
100,89,82,50,5.0,18,82
200,89,174,74,7.4,26,174
2000,89,1747,364,36.4,253,1747
10000,89,8946,816,81.6,1054,8946
20000,89,17885,589,58.9,2115,17885
40000,89,35854,879,87.9,4146,35854
60000,89,53934,772,77.2,6066,53934
80000,89,71955,856,85.6,8045,71955
100000,89,89788,898,89.8,10212,89788
2,90,0,1,0.1,2,0
3,90,3,1,0.1,0,3
100,90,83,46,4.6,17,83
200,90,175,78,7.8,25,175
2000,90,1756,351,35.1,244,1756
10000,90,8904,730,73.0,1096,8904
20000,90,17989,638,63.8,2011,17989
40000,90,35819,789,78.9,4181,35819
60000,90,53929,537,53.7,6071,53929
80000,90,71929,825,82.5,8071,71929
100000,90,89832,743,74.3,10168,89832
2,91,2,1,0.1,0,2
3,91,2,1,0.1,1,2
100,91,81,46,4.6,19,81
200,91,175,93,9.3,25,175
2000,91,1764,230,23.0,236,1764
10000,91,8944,534,53.4,1056,8944
20000,91,17942,819,81.9,2058,17942
40000,91,35876,840,84.0,4124,35876
60000,91,53780,711,71.1,6220,53780
80000,91,71906,1226,122.6,8094,71906
100000,91,89862,934,93.4,10138,89862
2,92,2,1,0.1,0,2
3,92,3,1,0.1,0,3
100,92,80,46,4.6,20,80
200,92,166,87,8.7,34,166
2000,92,1769,364,36.4,231,1769
10000,92,8949,449,44.9,1051,8949
20000,92,17923,805,80.5,2077,17923
40000,92,35905,696,69.6,4095,35905
60000,92,53983,1075,107.5,6017,53983
80000,92,71970,802,80.2,8030,71970
100000,92,89967,831,83.1,10033,89967
2,93,2,1,0.1,0,2
3,93,3,1,0.1,0,3
100,93,90,48,4.8,10,90
200,93,167,83,8.3,33,167
2000,93,1790,259,25.9,210,1790
10000,93,8961,570,57.0,1039,8961
20000,93,17884,1003,100.3,2116,17884
40000,93,36054,660,66.0,3946,36054
60000,93,53835,967,96.7,6165,53835
80000,93,71907,956,95.6,8093,71907
100000,93,89891,877,87.7,10109,89891
2,94,1,1,0.1,1,1
3,94,3,1,0.1,0,3
100,94,89,49,4.9,11,89
200,94,174,74,7.4,26,174
2000,94,1754,353,35.3,246,1754
10000,94,8963,533,53.3,1037,8963
20000,94,18035,744,74.4,1965,18035
40000,94,35894,919,91.9,4106,35894
60000,94,53913,743,74.3,6087,53913
80000,94,71840,784,78.4,8160,71840
100000,94,89822,1077,107.7,10178,89822
2,95,1,1,0.1,1,1
3,95,1,1,0.1,2,1
100,95,86,50,5.0,14,86
200,95,174,80,8.0,26,174
2000,95,1751,422,42.2,249,1751
10000,95,8903,575,57.5,1097,8903
20000,95,17957,704,70.4,2043,17957
40000,95,35943,692,69.2,4057,35943
60000,95,53871,798,79.8,6129,53871
80000,95,71988,961,96.1,8012,71988
100000,95,90049,863,86.3,9951,90049
2,96,1,1,0.1,1,1
3,96,2,1,0.1,1,2
100,96,85,43,4.3,15,85
200,96,175,83,8.3,25,175
2000,96,1786,367,36.7,214,1786
10000,96,8953,420,42.0,1047,8953
20000,96,17976,595,59.5,2024,17976
40000,96,35939,875,87.5,4061,35939
60000,96,53913,737,73.7,6087,53913
80000,96,71937,737,73.7,8063,71937
100000,96,89894,1324,132.4,10106,89894
2,97,2,1,0.1,0,2
3,97,3,1,0.1,0,3
100,97,88,47,4.7,12,88
200,97,174,95,9.5,26,174
2000,97,1755,366,36.6,245,1755
10000,97,8982,654,65.4,1018,8982
20000,97,17875,606,60.6,2125,17875
40000,97,36007,758,75.8,3993,36007
60000,97,53880,890,89.0,6120,53880
80000,97,71911,1210,121.0,8089,71911
100000,97,89942,894,89.4,10058,89942
2,98,2,1,0.1,0,2
3,98,2,1,0.1,1,2
100,98,84,43,4.3,16,84
200,98,172,87,8.7,28,172
2000,98,1796,347,34.7,204,1796
10000,98,8933,630,63.0,1067,8933
20000,98,17930,820,82.0,2070,17930
40000,98,35884,551,55.1,4116,35884
60000,98,54019,697,69.7,5981,54019
80000,98,71810,659,65.9,8190,71810
100000,98,89941,728,72.8,10059,89941
2,99,2,1,0.1,0,2
3,99,1,2,0.2,2,1
100,99,77,49,4.9,23,77
200,99,170,75,7.5,30,170
2000,99,1755,425,42.5,245,1755
10000,99,8929,563,56.3,1071,8929
20000,99,17879,853,85.3,2121,17879
40000,99,35911,694,69.4,4089,35911
60000,99,54074,676,67.6,5926,54074
80000,99,71794,1069,106.9,8206,71794
100000,99,89838,1064,106.4,10162,89838
2,100,0,1,0.1,2,0
3,100,0,1,0.1,3,0
100,100,82,44,4.4,18,82
200,100,182,90,9.0,18,182
2000,100,1762,379,37.9,238,1762
10000,100,8928,564,56.4,1072,8928
20000,100,17951,586,58.6,2049,17951
40000,100,35952,582,58.2,4048,35952
60000,100,53848,713,71.3,6152,53848
80000,100,71952,812,81.2,8048,71952
100000,100,89939,1145,114.5,10061,89939
