Time Horizon,Iteration,Total Reward,Suboptimal Arms Count,Total Regret,Zeros Count,Ones Count
2,1,2,0,0,0,2
3,1,1,0,0,2,1
100,1,44,0,0,56,44
200,1,92,0,0,108,92
2000,1,1002,0,0,998,1002
10000,1,5047,0,0,4953,5047
20000,1,10045,0,0,9955,10045
40000,1,20098,0,0,19902,20098
60000,1,29955,0,0,30045,29955
80000,1,39992,0,0,40008,39992
100000,1,50060,0,0,49940,50060
2,2,0,0,0,2,0
3,2,2,0,0,1,2
100,2,52,0,0,48,52
200,2,101,0,0,99,101
2000,2,993,0,0,1007,993
10000,2,4901,0,0,5099,4901
20000,2,10053,0,0,9947,10053
40000,2,20107,0,0,19893,20107
60000,2,29816,0,0,30184,29816
80000,2,39870,0,0,40130,39870
100000,2,49836,0,0,50164,49836
2,3,2,0,0,0,2
3,3,2,0,0,1,2
100,3,56,0,0,44,56
200,3,102,0,0,98,102
2000,3,973,0,0,1027,973
10000,3,4990,0,0,5010,4990
20000,3,10057,0,0,9943,10057
40000,3,19962,0,0,20038,19962
60000,3,29909,0,0,30091,29909
80000,3,40089,0,0,39911,40089
100000,3,50129,0,0,49871,50129
2,4,2,0,0,0,2
3,4,1,0,0,2,1
100,4,39,0,0,61,39
200,4,99,0,0,101,99
2000,4,1024,0,0,976,1024
10000,4,4974,0,0,5026,4974
20000,4,10007,0,0,9993,10007
40000,4,20086,0,0,19914,20086
60000,4,29972,0,0,30028,29972
80000,4,40074,0,0,39926,40074
100000,4,50005,0,0,49995,50005
2,5,0,0,0,2,0
3,5,2,0,0,1,2
100,5,49,0,0,51,49
200,5,104,0,0,96,104
2000,5,987,0,0,1013,987
10000,5,5032,0,0,4968,5032
20000,5,10011,0,0,9989,10011
40000,5,19984,0,0,20016,19984
60000,5,29866,0,0,30134,29866
80000,5,40281,0,0,39719,40281
100000,5,49874,0,0,50126,49874
2,6,1,0,0,1,1
3,6,1,0,0,2,1
100,6,50,0,0,50,50
200,6,102,0,0,98,102
2000,6,984,0,0,1016,984
10000,6,5077,0,0,4923,5077
20000,6,9932,0,0,10068,9932
40000,6,19875,0,0,20125,19875
60000,6,30134,0,0,29866,30134
80000,6,40258,0,0,39742,40258
100000,6,50069,0,0,49931,50069
2,7,1,0,0,1,1
3,7,2,0,0,1,2
100,7,47,0,0,53,47
200,7,98,0,0,102,98
2000,7,1019,0,0,981,1019
10000,7,5041,0,0,4959,5041
20000,7,9974,0,0,10026,9974
40000,7,20008,0,0,19992,20008
60000,7,29909,0,0,30091,29909
80000,7,40184,0,0,39816,40184
100000,7,50093,0,0,49907,50093
2,8,1,0,0,1,1
3,8,3,0,0,0,3
100,8,51,0,0,49,51
200,8,104,0,0,96,104
2000,8,987,0,0,1013,987
10000,8,4911,0,0,5089,4911
20000,8,9986,0,0,10014,9986
40000,8,19991,0,0,20009,19991
60000,8,29949,0,0,30051,29949
80000,8,40058,0,0,39942,40058
100000,8,50091,0,0,49909,50091
2,9,1,0,0,1,1
3,9,1,0,0,2,1
100,9,54,0,0,46,54
200,9,109,0,0,91,109
2000,9,986,0,0,1014,986
10000,9,5038,0,0,4962,5038
20000,9,9962,0,0,10038,9962
40000,9,20030,0,0,19970,20030
60000,9,29954,0,0,30046,29954
80000,9,40067,0,0,39933,40067
100000,9,49856,0,0,50144,49856
2,10,1,0,0,1,1
3,10,2,0,0,1,2
100,10,49,0,0,51,49
200,10,97,0,0,103,97
2000,10,977,0,0,1023,977
10000,10,4901,0,0,5099,4901
20000,10,10198,0,0,9802,10198
40000,10,19932,0,0,20068,19932
60000,10,29930,0,0,30070,29930
80000,10,40078,0,0,39922,40078
100000,10,49881,0,0,50119,49881
2,11,1,0,0,1,1
3,11,3,0,0,0,3
100,11,53,0,0,47,53
200,11,103,0,0,97,103
2000,11,1021,0,0,979,1021
10000,11,4959,0,0,5041,4959
20000,11,9886,0,0,10114,9886
40000,11,19908,0,0,20092,19908
60000,11,30165,0,0,29835,30165
80000,11,39819,0,0,40181,39819
100000,11,49850,0,0,50150,49850
2,12,0,0,0,2,0
3,12,1,0,0,2,1
100,12,39,0,0,61,39
200,12,106,0,0,94,106
2000,12,967,0,0,1033,967
10000,12,4991,0,0,5009,4991
20000,12,10112,0,0,9888,10112
40000,12,20176,0,0,19824,20176
60000,12,30200,0,0,29800,30200
80000,12,39917,0,0,40083,39917
100000,12,50141,0,0,49859,50141
2,13,2,0,0,0,2
3,13,1,0,0,2,1
100,13,61,0,0,39,61
200,13,104,0,0,96,104
2000,13,954,0,0,1046,954
10000,13,4957,0,0,5043,4957
20000,13,9984,0,0,10016,9984
40000,13,19909,0,0,20091,19909
60000,13,29823,0,0,30177,29823
80000,13,40096,0,0,39904,40096
100000,13,50118,0,0,49882,50118
2,14,2,0,0,0,2
3,14,1,0,0,2,1
100,14,51,0,0,49,51
200,14,107,0,0,93,107
2000,14,987,0,0,1013,987
10000,14,5069,0,0,4931,5069
20000,14,10068,0,0,9932,10068
40000,14,19929,0,0,20071,19929
60000,14,30105,0,0,29895,30105
80000,14,40072,0,0,39928,40072
100000,14,50112,0,0,49888,50112
2,15,0,0,0,2,0
3,15,2,0,0,1,2
100,15,59,0,0,41,59
200,15,95,0,0,105,95
2000,15,996,0,0,1004,996
10000,15,4953,0,0,5047,4953
20000,15,10028,0,0,9972,10028
40000,15,20209,0,0,19791,20209
60000,15,30060,0,0,29940,30060
80000,15,40109,0,0,39891,40109
100000,15,50297,0,0,49703,50297
2,16,1,0,0,1,1
3,16,0,0,0,3,0
100,16,51,0,0,49,51
200,16,103,0,0,97,103
2000,16,1005,0,0,995,1005
10000,16,5000,0,0,5000,5000
20000,16,9966,0,0,10034,9966
40000,16,19825,0,0,20175,19825
60000,16,30077,0,0,29923,30077
80000,16,39872,0,0,40128,39872
100000,16,50159,0,0,49841,50159
2,17,2,0,0,0,2
3,17,3,0,0,0,3
100,17,53,0,0,47,53
200,17,90,0,0,110,90
2000,17,1039,0,0,961,1039
10000,17,5056,0,0,4944,5056
20000,17,10052,0,0,9948,10052
40000,17,20215,0,0,19785,20215
60000,17,29964,0,0,30036,29964
80000,17,40035,0,0,39965,40035
100000,17,50043,0,0,49957,50043
2,18,1,0,0,1,1
3,18,0,0,0,3,0
100,18,46,0,0,54,46
200,18,101,0,0,99,101
2000,18,995,0,0,1005,995
10000,18,5069,0,0,4931,5069
20000,18,9916,0,0,10084,9916
40000,18,19962,0,0,20038,19962
60000,18,30243,0,0,29757,30243
80000,18,40150,0,0,39850,40150
100000,18,50010,0,0,49990,50010
2,19,1,0,0,1,1
3,19,2,0,0,1,2
100,19,39,0,0,61,39
200,19,104,0,0,96,104
2000,19,1015,0,0,985,1015
10000,19,5084,0,0,4916,5084
20000,19,10014,0,0,9986,10014
40000,19,19921,0,0,20079,19921
60000,19,30206,0,0,29794,30206
80000,19,40008,0,0,39992,40008
100000,19,50103,0,0,49897,50103
2,20,1,0,0,1,1
3,20,2,0,0,1,2
100,20,57,0,0,43,57
200,20,95,0,0,105,95
2000,20,1018,0,0,982,1018
10000,20,4999,0,0,5001,4999
20000,20,9932,0,0,10068,9932
40000,20,19940,0,0,20060,19940
60000,20,30178,0,0,29822,30178
80000,20,39875,0,0,40125,39875
100000,20,50087,0,0,49913,50087
2,21,2,0,0,0,2
3,21,1,0,0,2,1
100,21,46,0,0,54,46
200,21,100,0,0,100,100
2000,21,983,0,0,1017,983
10000,21,4971,0,0,5029,4971
20000,21,9909,0,0,10091,9909
40000,21,20055,0,0,19945,20055
60000,21,29968,0,0,30032,29968
80000,21,39761,0,0,40239,39761
100000,21,49970,0,0,50030,49970
2,22,2,0,0,0,2
3,22,0,0,0,3,0
100,22,48,0,0,52,48
200,22,98,0,0,102,98
2000,22,982,0,0,1018,982
10000,22,4989,0,0,5011,4989
20000,22,10013,0,0,9987,10013
40000,22,19927,0,0,20073,19927
60000,22,29942,0,0,30058,29942
80000,22,40063,0,0,39937,40063
100000,22,49914,0,0,50086,49914
2,23,0,0,0,2,0
3,23,1,0,0,2,1
100,23,45,0,0,55,45
200,23,101,0,0,99,101
2000,23,996,0,0,1004,996
10000,23,4972,0,0,5028,4972
20000,23,10007,0,0,9993,10007
40000,23,20056,0,0,19944,20056
60000,23,30110,0,0,29890,30110
80000,23,40044,0,0,39956,40044
100000,23,50224,0,0,49776,50224
2,24,1,0,0,1,1
3,24,3,0,0,0,3
100,24,50,0,0,50,50
200,24,96,0,0,104,96
2000,24,1005,0,0,995,1005
10000,24,4961,0,0,5039,4961
20000,24,9959,0,0,10041,9959
40000,24,19699,0,0,20301,19699
60000,24,30090,0,0,29910,30090
80000,24,39775,0,0,40225,39775
100000,24,50279,0,0,49721,50279
2,25,1,0,0,1,1
3,25,1,0,0,2,1
100,25,61,0,0,39,61
200,25,91,0,0,109,91
2000,25,1022,0,0,978,1022
10000,25,4951,0,0,5049,4951
20000,25,10067,0,0,9933,10067
40000,25,20156,0,0,19844,20156
60000,25,29871,0,0,30129,29871
80000,25,39929,0,0,40071,39929
100000,25,50488,0,0,49512,50488
2,26,1,0,0,1,1
3,26,2,0,0,1,2
100,26,51,0,0,49,51
200,26,103,0,0,97,103
2000,26,992,0,0,1008,992
10000,26,5000,0,0,5000,5000
20000,26,10027,0,0,9973,10027
40000,26,19877,0,0,20123,19877
60000,26,29937,0,0,30063,29937
80000,26,40412,0,0,39588,40412
100000,26,50105,0,0,49895,50105
2,27,2,0,0,0,2
3,27,2,0,0,1,2
100,27,51,0,0,49,51
200,27,101,0,0,99,101
2000,27,996,0,0,1004,996
10000,27,4991,0,0,5009,4991
20000,27,10057,0,0,9943,10057
40000,27,20056,0,0,19944,20056
60000,27,29896,0,0,30104,29896
80000,27,39910,0,0,40090,39910
100000,27,49774,0,0,50226,49774
2,28,0,0,0,2,0
3,28,1,0,0,2,1
100,28,38,0,0,62,38
200,28,98,0,0,102,98
2000,28,1000,0,0,1000,1000
10000,28,4996,0,0,5004,4996
20000,28,9942,0,0,10058,9942
40000,28,19756,0,0,20244,19756
60000,28,29826,0,0,30174,29826
80000,28,39983,0,0,40017,39983
100000,28,49862,0,0,50138,49862
2,29,2,0,0,0,2
3,29,3,0,0,0,3
100,29,50,0,0,50,50
200,29,102,0,0,98,102
2000,29,969,0,0,1031,969
10000,29,4974,0,0,5026,4974
20000,29,10090,0,0,9910,10090
40000,29,20088,0,0,19912,20088
60000,29,29944,0,0,30056,29944
80000,29,39949,0,0,40051,39949
100000,29,50061,0,0,49939,50061
2,30,0,0,0,2,0
3,30,2,0,0,1,2
100,30,50,0,0,50,50
200,30,117,0,0,83,117
2000,30,1010,0,0,990,1010
10000,30,4934,0,0,5066,4934
20000,30,10093,0,0,9907,10093
40000,30,19982,0,0,20018,19982
60000,30,30059,0,0,29941,30059
80000,30,39932,0,0,40068,39932
100000,30,50242,0,0,49758,50242
2,31,1,0,0,1,1
3,31,2,0,0,1,2
100,31,46,0,0,54,46
200,31,93,0,0,107,93
2000,31,990,0,0,1010,990
10000,31,5063,0,0,4937,5063
20000,31,10015,0,0,9985,10015
40000,31,19812,0,0,20188,19812
60000,31,30036,0,0,29964,30036
80000,31,39960,0,0,40040,39960
100000,31,49961,0,0,50039,49961
2,32,0,0,0,2,0
3,32,3,0,0,0,3
100,32,48,0,0,52,48
200,32,99,0,0,101,99
2000,32,1013,0,0,987,1013
10000,32,5106,0,0,4894,5106
20000,32,9929,0,0,10071,9929
40000,32,20064,0,0,19936,20064
60000,32,30057,0,0,29943,30057
80000,32,40017,0,0,39983,40017
100000,32,50095,0,0,49905,50095
2,33,2,0,0,0,2
3,33,2,0,0,1,2
100,33,51,0,0,49,51
200,33,108,0,0,92,108
2000,33,1008,0,0,992,1008
10000,33,4990,0,0,5010,4990
20000,33,9995,0,0,10005,9995
40000,33,19969,0,0,20031,19969
60000,33,30166,0,0,29834,30166
80000,33,40161,0,0,39839,40161
100000,33,50310,0,0,49690,50310
2,34,1,0,0,1,1
3,34,3,0,0,0,3
100,34,51,0,0,49,51
200,34,104,0,0,96,104
2000,34,1024,0,0,976,1024
10000,34,5026,0,0,4974,5026
20000,34,10242,0,0,9758,10242
40000,34,19994,0,0,20006,19994
60000,34,30063,0,0,29937,30063
80000,34,39991,0,0,40009,39991
100000,34,49953,0,0,50047,49953
2,35,1,0,0,1,1
3,35,1,0,0,2,1
100,35,43,0,0,57,43
200,35,89,0,0,111,89
2000,35,999,0,0,1001,999
10000,35,4943,0,0,5057,4943
20000,35,10019,0,0,9981,10019
40000,35,19899,0,0,20101,19899
60000,35,30029,0,0,29971,30029
80000,35,39888,0,0,40112,39888
100000,35,50086,0,0,49914,50086
2,36,2,0,0,0,2
3,36,0,0,0,3,0
100,36,47,0,0,53,47
200,36,97,0,0,103,97
2000,36,1014,0,0,986,1014
10000,36,4971,0,0,5029,4971
20000,36,9969,0,0,10031,9969
40000,36,20054,0,0,19946,20054
60000,36,30282,0,0,29718,30282
80000,36,39847,0,0,40153,39847
100000,36,49985,0,0,50015,49985
2,37,2,0,0,0,2
3,37,1,0,0,2,1
100,37,49,0,0,51,49
200,37,103,0,0,97,103
2000,37,978,0,0,1022,978
10000,37,4959,0,0,5041,4959
20000,37,10058,0,0,9942,10058
40000,37,20023,0,0,19977,20023
60000,37,29921,0,0,30079,29921
80000,37,40129,0,0,39871,40129
100000,37,50315,0,0,49685,50315
2,38,2,0,0,0,2
3,38,3,0,0,0,3
100,38,51,0,0,49,51
200,38,100,0,0,100,100
2000,38,1005,0,0,995,1005
10000,38,4927,0,0,5073,4927
20000,38,10002,0,0,9998,10002
40000,38,19847,0,0,20153,19847
60000,38,30027,0,0,29973,30027
80000,38,39987,0,0,40013,39987
100000,38,49814,0,0,50186,49814
2,39,1,0,0,1,1
3,39,2,0,0,1,2
100,39,49,0,0,51,49
200,39,109,0,0,91,109
2000,39,993,0,0,1007,993
10000,39,4976,0,0,5024,4976
20000,39,10032,0,0,9968,10032
40000,39,20041,0,0,19959,20041
60000,39,30161,0,0,29839,30161
80000,39,39926,0,0,40074,39926
100000,39,50188,0,0,49812,50188
2,40,1,0,0,1,1
3,40,2,0,0,1,2
100,40,51,0,0,49,51
200,40,106,0,0,94,106
2000,40,986,0,0,1014,986
10000,40,5010,0,0,4990,5010
20000,40,9931,0,0,10069,9931
40000,40,20145,0,0,19855,20145
60000,40,30122,0,0,29878,30122
80000,40,39973,0,0,40027,39973
100000,40,49883,0,0,50117,49883
2,41,1,0,0,1,1
3,41,1,0,0,2,1
100,41,45,0,0,55,45
200,41,109,0,0,91,109
2000,41,1006,0,0,994,1006
10000,41,4974,0,0,5026,4974
20000,41,10090,0,0,9910,10090
40000,41,20024,0,0,19976,20024
60000,41,30028,0,0,29972,30028
80000,41,40067,0,0,39933,40067
100000,41,49869,0,0,50131,49869
2,42,0,0,0,2,0
3,42,0,0,0,3,0
100,42,58,0,0,42,58
200,42,104,0,0,96,104
2000,42,1037,0,0,963,1037
10000,42,5020,0,0,4980,5020
20000,42,9974,0,0,10026,9974
40000,42,20050,0,0,19950,20050
60000,42,30012,0,0,29988,30012
80000,42,39883,0,0,40117,39883
100000,42,50198,0,0,49802,50198
2,43,0,0,0,2,0
3,43,0,0,0,3,0
100,43,52,0,0,48,52
200,43,93,0,0,107,93
2000,43,983,0,0,1017,983
10000,43,4886,0,0,5114,4886
20000,43,9932,0,0,10068,9932
40000,43,20044,0,0,19956,20044
60000,43,29997,0,0,30003,29997
80000,43,39851,0,0,40149,39851
100000,43,49672,0,0,50328,49672
2,44,1,0,0,1,1
3,44,1,0,0,2,1
100,44,52,0,0,48,52
200,44,104,0,0,96,104
2000,44,1011,0,0,989,1011
10000,44,5073,0,0,4927,5073
20000,44,9935,0,0,10065,9935
40000,44,20098,0,0,19902,20098
60000,44,29603,0,0,30397,29603
80000,44,40084,0,0,39916,40084
100000,44,49822,0,0,50178,49822
2,45,2,0,0,0,2
3,45,2,0,0,1,2
100,45,44,0,0,56,44
200,45,108,0,0,92,108
2000,45,1035,0,0,965,1035
10000,45,4939,0,0,5061,4939
20000,45,9969,0,0,10031,9969
40000,45,19975,0,0,20025,19975
60000,45,29906,0,0,30094,29906
80000,45,40003,0,0,39997,40003
100000,45,50205,0,0,49795,50205
2,46,1,0,0,1,1
3,46,3,0,0,0,3
100,46,58,0,0,42,58
200,46,100,0,0,100,100
2000,46,982,0,0,1018,982
10000,46,4932,0,0,5068,4932
20000,46,10093,0,0,9907,10093
40000,46,20083,0,0,19917,20083
60000,46,29953,0,0,30047,29953
80000,46,40057,0,0,39943,40057
100000,46,49834,0,0,50166,49834
2,47,1,0,0,1,1
3,47,1,0,0,2,1
100,47,56,0,0,44,56
200,47,104,0,0,96,104
2000,47,1028,0,0,972,1028
10000,47,4985,0,0,5015,4985
20000,47,9964,0,0,10036,9964
40000,47,19897,0,0,20103,19897
60000,47,29910,0,0,30090,29910
80000,47,40185,0,0,39815,40185
100000,47,49904,0,0,50096,49904
2,48,1,0,0,1,1
3,48,1,0,0,2,1
100,48,57,0,0,43,57
200,48,100,0,0,100,100
2000,48,995,0,0,1005,995
10000,48,5027,0,0,4973,5027
20000,48,10021,0,0,9979,10021
40000,48,19938,0,0,20062,19938
60000,48,30111,0,0,29889,30111
80000,48,39689,0,0,40311,39689
100000,48,50071,0,0,49929,50071
2,49,0,0,0,2,0
3,49,3,0,0,0,3
100,49,52,0,0,48,52
200,49,108,0,0,92,108
2000,49,1012,0,0,988,1012
10000,49,4895,0,0,5105,4895
20000,49,9949,0,0,10051,9949
40000,49,20100,0,0,19900,20100
60000,49,29812,0,0,30188,29812
80000,49,40048,0,0,39952,40048
100000,49,49879,0,0,50121,49879
2,50,1,0,0,1,1
3,50,2,0,0,1,2
100,50,50,0,0,50,50
200,50,97,0,0,103,97
2000,50,1000,0,0,1000,1000
10000,50,5016,0,0,4984,5016
20000,50,10042,0,0,9958,10042
40000,50,19939,0,0,20061,19939
60000,50,29992,0,0,30008,29992
80000,50,39947,0,0,40053,39947
100000,50,50292,0,0,49708,50292
2,51,0,0,0,2,0
3,51,2,0,0,1,2
100,51,57,0,0,43,57
200,51,94,0,0,106,94
2000,51,1020,0,0,980,1020
10000,51,5073,0,0,4927,5073
20000,51,10030,0,0,9970,10030
40000,51,19995,0,0,20005,19995
60000,51,30112,0,0,29888,30112
80000,51,39972,0,0,40028,39972
100000,51,50147,0,0,49853,50147
2,52,0,0,0,2,0
3,52,1,0,0,2,1
100,52,46,0,0,54,46
200,52,99,0,0,101,99
2000,52,1005,0,0,995,1005
10000,52,4979,0,0,5021,4979
20000,52,9969,0,0,10031,9969
40000,52,19861,0,0,20139,19861
60000,52,30024,0,0,29976,30024
80000,52,40185,0,0,39815,40185
100000,52,50281,0,0,49719,50281
2,53,1,0,0,1,1
3,53,1,0,0,2,1
100,53,53,0,0,47,53
200,53,106,0,0,94,106
2000,53,1036,0,0,964,1036
10000,53,4996,0,0,5004,4996
20000,53,10038,0,0,9962,10038
40000,53,19983,0,0,20017,19983
60000,53,29984,0,0,30016,29984
80000,53,40119,0,0,39881,40119
100000,53,50134,0,0,49866,50134
2,54,1,0,0,1,1
3,54,2,0,0,1,2
100,54,46,0,0,54,46
200,54,100,0,0,100,100
2000,54,995,0,0,1005,995
10000,54,4934,0,0,5066,4934
20000,54,10065,0,0,9935,10065
40000,54,19930,0,0,20070,19930
60000,54,30047,0,0,29953,30047
80000,54,39974,0,0,40026,39974
100000,54,49961,0,0,50039,49961
2,55,1,0,0,1,1
3,55,2,0,0,1,2
100,55,52,0,0,48,52
200,55,108,0,0,92,108
2000,55,979,0,0,1021,979
10000,55,5015,0,0,4985,5015
20000,55,10026,0,0,9974,10026
40000,55,19933,0,0,20067,19933
60000,55,30185,0,0,29815,30185
80000,55,39901,0,0,40099,39901
100000,55,50381,0,0,49619,50381
2,56,1,0,0,1,1
3,56,1,0,0,2,1
100,56,51,0,0,49,51
200,56,112,0,0,88,112
2000,56,979,0,0,1021,979
10000,56,4956,0,0,5044,4956
20000,56,9860,0,0,10140,9860
40000,56,20183,0,0,19817,20183
60000,56,30026,0,0,29974,30026
80000,56,39779,0,0,40221,39779
100000,56,50257,0,0,49743,50257
2,57,0,0,0,2,0
3,57,1,0,0,2,1
100,57,56,0,0,44,56
200,57,102,0,0,98,102
2000,57,1050,0,0,950,1050
10000,57,4970,0,0,5030,4970
20000,57,9914,0,0,10086,9914
40000,57,19955,0,0,20045,19955
60000,57,30026,0,0,29974,30026
80000,57,40131,0,0,39869,40131
100000,57,49946,0,0,50054,49946
2,58,0,0,0,2,0
3,58,1,0,0,2,1
100,58,43,0,0,57,43
200,58,95,0,0,105,95
2000,58,973,0,0,1027,973
10000,58,5030,0,0,4970,5030
20000,58,10100,0,0,9900,10100
40000,58,19912,0,0,20088,19912
60000,58,30051,0,0,29949,30051
80000,58,40056,0,0,39944,40056
100000,58,49663,0,0,50337,49663
2,59,1,0,0,1,1
3,59,1,0,0,2,1
100,59,55,0,0,45,55
200,59,95,0,0,105,95
2000,59,1003,0,0,997,1003
10000,59,4958,0,0,5042,4958
20000,59,9996,0,0,10004,9996
40000,59,20009,0,0,19991,20009
60000,59,29997,0,0,30003,29997
80000,59,40081,0,0,39919,40081
100000,59,50155,0,0,49845,50155
2,60,1,0,0,1,1
3,60,1,0,0,2,1
100,60,54,0,0,46,54
200,60,93,0,0,107,93
2000,60,999,0,0,1001,999
10000,60,5022,0,0,4978,5022
20000,60,10021,0,0,9979,10021
40000,60,20089,0,0,19911,20089
60000,60,30332,0,0,29668,30332
80000,60,39771,0,0,40229,39771
100000,60,49962,0,0,50038,49962
2,61,2,0,0,0,2
3,61,2,0,0,1,2
100,61,49,0,0,51,49
200,61,89,0,0,111,89
2000,61,993,0,0,1007,993
10000,61,5008,0,0,4992,5008
20000,61,9967,0,0,10033,9967
40000,61,20165,0,0,19835,20165
60000,61,30268,0,0,29732,30268
80000,61,39968,0,0,40032,39968
100000,61,50053,0,0,49947,50053
2,62,0,0,0,2,0
3,62,1,0,0,2,1
100,62,53,0,0,47,53
200,62,98,0,0,102,98
2000,62,1026,0,0,974,1026
10000,62,4972,0,0,5028,4972
20000,62,9993,0,0,10007,9993
40000,62,19959,0,0,20041,19959
60000,62,30002,0,0,29998,30002
80000,62,39628,0,0,40372,39628
100000,62,50191,0,0,49809,50191
2,63,2,0,0,0,2
3,63,2,0,0,1,2
100,63,53,0,0,47,53
200,63,95,0,0,105,95
2000,63,1006,0,0,994,1006
10000,63,4979,0,0,5021,4979
20000,63,9953,0,0,10047,9953
40000,63,20037,0,0,19963,20037
60000,63,30210,0,0,29790,30210
80000,63,39766,0,0,40234,39766
100000,63,49878,0,0,50122,49878
2,64,1,0,0,1,1
3,64,3,0,0,0,3
100,64,46,0,0,54,46
200,64,92,0,0,108,92
2000,64,983,0,0,1017,983
10000,64,4955,0,0,5045,4955
20000,64,9870,0,0,10130,9870
40000,64,19882,0,0,20118,19882
60000,64,29808,0,0,30192,29808
80000,64,39970,0,0,40030,39970
100000,64,49838,0,0,50162,49838
2,65,1,0,0,1,1
3,65,0,0,0,3,0
100,65,44,0,0,56,44
200,65,88,0,0,112,88
2000,65,976,0,0,1024,976
10000,65,5067,0,0,4933,5067
20000,65,9882,0,0,10118,9882
40000,65,20094,0,0,19906,20094
60000,65,30205,0,0,29795,30205
80000,65,39721,0,0,40279,39721
100000,65,49910,0,0,50090,49910
2,66,1,0,0,1,1
3,66,2,0,0,1,2
100,66,56,0,0,44,56
200,66,100,0,0,100,100
2000,66,995,0,0,1005,995
10000,66,5019,0,0,4981,5019
20000,66,10056,0,0,9944,10056
40000,66,20017,0,0,19983,20017
60000,66,29861,0,0,30139,29861
80000,66,39619,0,0,40381,39619
100000,66,49830,0,0,50170,49830
2,67,1,0,0,1,1
3,67,1,0,0,2,1
100,67,51,0,0,49,51
200,67,103,0,0,97,103
2000,67,992,0,0,1008,992
10000,67,4967,0,0,5033,4967
20000,67,9946,0,0,10054,9946
40000,67,19851,0,0,20149,19851
60000,67,30080,0,0,29920,30080
80000,67,40114,0,0,39886,40114
100000,67,50291,0,0,49709,50291
2,68,1,0,0,1,1
3,68,0,0,0,3,0
100,68,52,0,0,48,52
200,68,104,0,0,96,104
2000,68,1017,0,0,983,1017
10000,68,4989,0,0,5011,4989
20000,68,10051,0,0,9949,10051
40000,68,19984,0,0,20016,19984
60000,68,30008,0,0,29992,30008
80000,68,39763,0,0,40237,39763
100000,68,50190,0,0,49810,50190
2,69,1,0,0,1,1
3,69,0,0,0,3,0
100,69,45,0,0,55,45
200,69,106,0,0,94,106
2000,69,977,0,0,1023,977
10000,69,5020,0,0,4980,5020
20000,69,9939,0,0,10061,9939
40000,69,20009,0,0,19991,20009
60000,69,30000,0,0,30000,30000
80000,69,39882,0,0,40118,39882
100000,69,49768,0,0,50232,49768
2,70,0,0,0,2,0
3,70,0,0,0,3,0
100,70,45,0,0,55,45
200,70,101,0,0,99,101
2000,70,1034,0,0,966,1034
10000,70,5023,0,0,4977,5023
20000,70,9928,0,0,10072,9928
40000,70,19945,0,0,20055,19945
60000,70,30201,0,0,29799,30201
80000,70,40250,0,0,39750,40250
100000,70,49827,0,0,50173,49827
2,71,1,0,0,1,1
3,71,2,0,0,1,2
100,71,50,0,0,50,50
200,71,110,0,0,90,110
2000,71,992,0,0,1008,992
10000,71,5053,0,0,4947,5053
20000,71,9910,0,0,10090,9910
40000,71,19879,0,0,20121,19879
60000,71,29755,0,0,30245,29755
80000,71,40065,0,0,39935,40065
100000,71,50087,0,0,49913,50087
2,72,1,0,0,1,1
3,72,2,0,0,1,2
100,72,47,0,0,53,47
200,72,99,0,0,101,99
2000,72,983,0,0,1017,983
10000,72,5082,0,0,4918,5082
20000,72,10037,0,0,9963,10037
40000,72,20116,0,0,19884,20116
60000,72,30057,0,0,29943,30057
80000,72,39615,0,0,40385,39615
100000,72,49992,0,0,50008,49992
2,73,1,0,0,1,1
3,73,2,0,0,1,2
100,73,56,0,0,44,56
200,73,105,0,0,95,105
2000,73,1026,0,0,974,1026
10000,73,4982,0,0,5018,4982
20000,73,10081,0,0,9919,10081
40000,73,20003,0,0,19997,20003
60000,73,30041,0,0,29959,30041
80000,73,39891,0,0,40109,39891
100000,73,50091,0,0,49909,50091
2,74,1,0,0,1,1
3,74,2,0,0,1,2
100,74,57,0,0,43,57
200,74,98,0,0,102,98
2000,74,989,0,0,1011,989
10000,74,4971,0,0,5029,4971
20000,74,10006,0,0,9994,10006
40000,74,19861,0,0,20139,19861
60000,74,29936,0,0,30064,29936
80000,74,39911,0,0,40089,39911
100000,74,49840,0,0,50160,49840
2,75,1,0,0,1,1
3,75,2,0,0,1,2
100,75,48,0,0,52,48
200,75,97,0,0,103,97
2000,75,1014,0,0,986,1014
10000,75,4996,0,0,5004,4996
20000,75,9959,0,0,10041,9959
40000,75,20165,0,0,19835,20165
60000,75,30075,0,0,29925,30075
80000,75,40136,0,0,39864,40136
100000,75,50196,0,0,49804,50196
2,76,1,0,0,1,1
3,76,2,0,0,1,2
100,76,56,0,0,44,56
200,76,100,0,0,100,100
2000,76,1018,0,0,982,1018
10000,76,5021,0,0,4979,5021
20000,76,9990,0,0,10010,9990
40000,76,19922,0,0,20078,19922
60000,76,30194,0,0,29806,30194
80000,76,39947,0,0,40053,39947
100000,76,49673,0,0,50327,49673
2,77,1,0,0,1,1
3,77,1,0,0,2,1
100,77,40,0,0,60,40
200,77,98,0,0,102,98
2000,77,990,0,0,1010,990
10000,77,4971,0,0,5029,4971
20000,77,9952,0,0,10048,9952
40000,77,19866,0,0,20134,19866
60000,77,30142,0,0,29858,30142
80000,77,39978,0,0,40022,39978
100000,77,50184,0,0,49816,50184
2,78,0,0,0,2,0
3,78,1,0,0,2,1
100,78,46,0,0,54,46
200,78,106,0,0,94,106
2000,78,986,0,0,1014,986
10000,78,5071,0,0,4929,5071
20000,78,10004,0,0,9996,10004
40000,78,20063,0,0,19937,20063
60000,78,29882,0,0,30118,29882
80000,78,40052,0,0,39948,40052
100000,78,50009,0,0,49991,50009
2,79,1,0,0,1,1
3,79,2,0,0,1,2
100,79,48,0,0,52,48
200,79,97,0,0,103,97
2000,79,1025,0,0,975,1025
10000,79,5087,0,0,4913,5087
20000,79,10017,0,0,9983,10017
40000,79,19891,0,0,20109,19891
60000,79,30141,0,0,29859,30141
80000,79,39901,0,0,40099,39901
100000,79,50097,0,0,49903,50097
2,80,1,0,0,1,1
3,80,1,0,0,2,1
100,80,56,0,0,44,56
200,80,101,0,0,99,101
2000,80,995,0,0,1005,995
10000,80,4958,0,0,5042,4958
20000,80,10049,0,0,9951,10049
40000,80,20013,0,0,19987,20013
60000,80,30006,0,0,29994,30006
80000,80,39794,0,0,40206,39794
100000,80,50052,0,0,49948,50052
2,81,0,0,0,2,0
3,81,2,0,0,1,2
100,81,47,0,0,53,47
200,81,113,0,0,87,113
2000,81,1034,0,0,966,1034
10000,81,5045,0,0,4955,5045
20000,81,9956,0,0,10044,9956
40000,81,19833,0,0,20167,19833
60000,81,30031,0,0,29969,30031
80000,81,39850,0,0,40150,39850
100000,81,50328,0,0,49672,50328
2,82,0,0,0,2,0
3,82,0,0,0,3,0
100,82,52,0,0,48,52
200,82,96,0,0,104,96
2000,82,993,0,0,1007,993
10000,82,4922,0,0,5078,4922
20000,82,10041,0,0,9959,10041
40000,82,19942,0,0,20058,19942
60000,82,29879,0,0,30121,29879
80000,82,40014,0,0,39986,40014
100000,82,50111,0,0,49889,50111
2,83,1,0,0,1,1
3,83,2,0,0,1,2
100,83,53,0,0,47,53
200,83,108,0,0,92,108
2000,83,1001,0,0,999,1001
10000,83,4971,0,0,5029,4971
20000,83,9990,0,0,10010,9990
40000,83,19990,0,0,20010,19990
60000,83,29872,0,0,30128,29872
80000,83,40217,0,0,39783,40217
100000,83,50034,0,0,49966,50034
2,84,0,0,0,2,0
3,84,1,0,0,2,1
100,84,51,0,0,49,51
200,84,98,0,0,102,98
2000,84,978,0,0,1022,978
10000,84,5071,0,0,4929,5071
20000,84,10065,0,0,9935,10065
40000,84,20133,0,0,19867,20133
60000,84,29911,0,0,30089,29911
80000,84,39886,0,0,40114,39886
100000,84,50000,0,0,50000,50000
2,85,1,0,0,1,1
3,85,0,0,0,3,0
100,85,51,0,0,49,51
200,85,105,0,0,95,105
2000,85,991,0,0,1009,991
10000,85,5013,0,0,4987,5013
20000,85,10042,0,0,9958,10042
40000,85,20229,0,0,19771,20229
60000,85,30121,0,0,29879,30121
80000,85,40173,0,0,39827,40173
100000,85,49916,0,0,50084,49916
2,86,2,0,0,0,2
3,86,2,0,0,1,2
100,86,55,0,0,45,55
200,86,92,0,0,108,92
2000,86,983,0,0,1017,983
10000,86,5058,0,0,4942,5058
20000,86,9827,0,0,10173,9827
40000,86,19831,0,0,20169,19831
60000,86,30078,0,0,29922,30078
80000,86,39979,0,0,40021,39979
100000,86,49987,0,0,50013,49987
2,87,1,0,0,1,1
3,87,2,0,0,1,2
100,87,57,0,0,43,57
200,87,99,0,0,101,99
2000,87,1024,0,0,976,1024
10000,87,4871,0,0,5129,4871
20000,87,9920,0,0,10080,9920
40000,87,19967,0,0,20033,19967
60000,87,29883,0,0,30117,29883
80000,87,40125,0,0,39875,40125
100000,87,50084,0,0,49916,50084
2,88,2,0,0,0,2
3,88,1,0,0,2,1
100,88,46,0,0,54,46
200,88,97,0,0,103,97
2000,88,1026,0,0,974,1026
10000,88,4987,0,0,5013,4987
20000,88,10059,0,0,9941,10059
40000,88,19833,0,0,20167,19833
60000,88,29943,0,0,30057,29943
80000,88,39863,0,0,40137,39863
100000,88,50360,0,0,49640,50360
2,89,2,0,0,0,2
3,89,3,0,0,0,3
100,89,51,0,0,49,51
200,89,100,0,0,100,100
2000,89,1067,0,0,933,1067
10000,89,4977,0,0,5023,4977
20000,89,10036,0,0,9964,10036
40000,89,19874,0,0,20126,19874
60000,89,29968,0,0,30032,29968
80000,89,40075,0,0,39925,40075
100000,89,50301,0,0,49699,50301
2,90,0,0,0,2,0
3,90,1,0,0,2,1
100,90,53,0,0,47,53
200,90,101,0,0,99,101
2000,90,991,0,0,1009,991
10000,90,4919,0,0,5081,4919
20000,90,9965,0,0,10035,9965
40000,90,19995,0,0,20005,19995
60000,90,30200,0,0,29800,30200
80000,90,40161,0,0,39839,40161
100000,90,49878,0,0,50122,49878
2,91,2,0,0,0,2
3,91,1,0,0,2,1
100,91,52,0,0,48,52
200,91,108,0,0,92,108
2000,91,1004,0,0,996,1004
10000,91,4945,0,0,5055,4945
20000,91,9957,0,0,10043,9957
40000,91,19981,0,0,20019,19981
60000,91,29943,0,0,30057,29943
80000,91,39849,0,0,40151,39849
100000,91,49900,0,0,50100,49900
2,92,0,0,0,2,0
3,92,2,0,0,1,2
100,92,46,0,0,54,46
200,92,100,0,0,100,100
2000,92,994,0,0,1006,994
10000,92,4930,0,0,5070,4930
20000,92,9938,0,0,10062,9938
40000,92,19994,0,0,20006,19994
60000,92,29775,0,0,30225,29775
80000,92,40173,0,0,39827,40173
100000,92,50157,0,0,49843,50157
2,93,1,0,0,1,1
3,93,3,0,0,0,3
100,93,50,0,0,50,50
200,93,89,0,0,111,89
2000,93,1027,0,0,973,1027
10000,93,5066,0,0,4934,5066
20000,93,9989,0,0,10011,9989
40000,93,20004,0,0,19996,20004
60000,93,30021,0,0,29979,30021
80000,93,39998,0,0,40002,39998
100000,93,49608,0,0,50392,49608
2,94,0,0,0,2,0
3,94,3,0,0,0,3
100,94,51,0,0,49,51
200,94,97,0,0,103,97
2000,94,994,0,0,1006,994
10000,94,5039,0,0,4961,5039
20000,94,10012,0,0,9988,10012
40000,94,19983,0,0,20017,19983
60000,94,29915,0,0,30085,29915
80000,94,40117,0,0,39883,40117
100000,94,50043,0,0,49957,50043
2,95,1,0,0,1,1
3,95,3,0,0,0,3
100,95,40,0,0,60,40
200,95,96,0,0,104,96
2000,95,972,0,0,1028,972
10000,95,4997,0,0,5003,4997
20000,95,10051,0,0,9949,10051
40000,95,19935,0,0,20065,19935
60000,95,29953,0,0,30047,29953
80000,95,40085,0,0,39915,40085
100000,95,49910,0,0,50090,49910
2,96,2,0,0,0,2
3,96,1,0,0,2,1
100,96,46,0,0,54,46
200,96,97,0,0,103,97
2000,96,1015,0,0,985,1015
10000,96,4974,0,0,5026,4974
20000,96,9971,0,0,10029,9971
40000,96,20137,0,0,19863,20137
60000,96,30052,0,0,29948,30052
80000,96,39946,0,0,40054,39946
100000,96,49536,0,0,50464,49536
2,97,1,0,0,1,1
3,97,1,0,0,2,1
100,97,54,0,0,46,54
200,97,111,0,0,89,111
2000,97,1004,0,0,996,1004
10000,97,5003,0,0,4997,5003
20000,97,9898,0,0,10102,9898
40000,97,19846,0,0,20154,19846
60000,97,29956,0,0,30044,29956
80000,97,39944,0,0,40056,39944
100000,97,49967,0,0,50033,49967
2,98,1,0,0,1,1
3,98,2,0,0,1,2
100,98,58,0,0,42,58
200,98,114,0,0,86,114
2000,98,977,0,0,1023,977
10000,98,5043,0,0,4957,5043
20000,98,10057,0,0,9943,10057
40000,98,20026,0,0,19974,20026
60000,98,30016,0,0,29984,30016
80000,98,39897,0,0,40103,39897
100000,98,50192,0,0,49808,50192
2,99,0,0,0,2,0
3,99,2,0,0,1,2
100,99,47,0,0,53,47
200,99,100,0,0,100,100
2000,99,984,0,0,1016,984
10000,99,5035,0,0,4965,5035
20000,99,9886,0,0,10114,9886
40000,99,20064,0,0,19936,20064
60000,99,29974,0,0,30026,29974
80000,99,39864,0,0,40136,39864
100000,99,49834,0,0,50166,49834
2,100,1,0,0,1,1
3,100,3,0,0,0,3
100,100,57,0,0,43,57
200,100,105,0,0,95,105
2000,100,994,0,0,1006,994
10000,100,5025,0,0,4975,5025
20000,100,10047,0,0,9953,10047
40000,100,19873,0,0,20127,19873
60000,100,30036,0,0,29964,30036
80000,100,40149,0,0,39851,40149
100000,100,50094,0,0,49906,50094
