Time Horizon,Iteration,Total Reward,Suboptimal Arms Count,Total Regret,Zeros Count,Ones Count
2,1,2,0,0,0,2
3,1,3,0,0,0,3
100,1,88,0,0,12,88
200,1,179,0,0,21,179
2000,1,1812,0,0,188,1812
10000,1,9026,0,0,974,9026
20000,1,17988,0,0,2012,17988
40000,1,36007,0,0,3993,36007
60000,1,54040,0,0,5960,54040
80000,1,71989,0,0,8011,71989
100000,1,90029,0,0,9971,90029
2,2,2,0,0,0,2
3,2,2,0,0,1,2
100,2,89,0,0,11,89
200,2,179,0,0,21,179
2000,2,1810,0,0,190,1810
10000,2,8986,0,0,1014,8986
20000,2,17943,0,0,2057,17943
40000,2,36081,0,0,3919,36081
60000,2,53982,0,0,6018,53982
80000,2,71965,0,0,8035,71965
100000,2,89950,0,0,10050,89950
2,3,2,0,0,0,2
3,3,1,0,0,2,1
100,3,88,0,0,12,88
200,3,177,0,0,23,177
2000,3,1805,0,0,195,1805
10000,3,8956,0,0,1044,8956
20000,3,17995,0,0,2005,17995
40000,3,35976,0,0,4024,35976
60000,3,54081,0,0,5919,54081
80000,3,71985,0,0,8015,71985
100000,3,90095,0,0,9905,90095
2,4,1,0,0,1,1
3,4,3,0,0,0,3
100,4,85,0,0,15,85
200,4,183,0,0,17,183
2000,4,1790,0,0,210,1790
10000,4,9013,0,0,987,9013
20000,4,18042,0,0,1958,18042
40000,4,35904,0,0,4096,35904
60000,4,53847,0,0,6153,53847
80000,4,72103,0,0,7897,72103
100000,4,90129,0,0,9871,90129
2,5,2,0,0,0,2
3,5,3,0,0,0,3
100,5,96,0,0,4,96
200,5,182,0,0,18,182
2000,5,1791,0,0,209,1791
10000,5,8996,0,0,1004,8996
20000,5,17929,0,0,2071,17929
40000,5,35941,0,0,4059,35941
60000,5,54017,0,0,5983,54017
80000,5,72192,0,0,7808,72192
100000,5,89937,0,0,10063,89937
2,6,1,0,0,1,1
3,6,3,0,0,0,3
100,6,92,0,0,8,92
200,6,175,0,0,25,175
2000,6,1784,0,0,216,1784
10000,6,8983,0,0,1017,8983
20000,6,18058,0,0,1942,18058
40000,6,35959,0,0,4041,35959
60000,6,53942,0,0,6058,53942
80000,6,71957,0,0,8043,71957
100000,6,90185,0,0,9815,90185
2,7,2,0,0,0,2
3,7,3,0,0,0,3
100,7,91,0,0,9,91
200,7,182,0,0,18,182
2000,7,1800,0,0,200,1800
10000,7,8990,0,0,1010,8990
20000,7,18007,0,0,1993,18007
40000,7,35904,0,0,4096,35904
60000,7,54043,0,0,5957,54043
80000,7,72128,0,0,7872,72128
100000,7,90189,0,0,9811,90189
2,8,1,0,0,1,1
3,8,3,0,0,0,3
100,8,88,0,0,12,88
200,8,184,0,0,16,184
2000,8,1824,0,0,176,1824
10000,8,8996,0,0,1004,8996
20000,8,18045,0,0,1955,18045
40000,8,36012,0,0,3988,36012
60000,8,54026,0,0,5974,54026
80000,8,72005,0,0,7995,72005
100000,8,90059,0,0,9941,90059
2,9,2,0,0,0,2
3,9,3,0,0,0,3
100,9,83,0,0,17,83
200,9,177,0,0,23,177
2000,9,1797,0,0,203,1797
10000,9,9002,0,0,998,9002
20000,9,17982,0,0,2018,17982
40000,9,36054,0,0,3946,36054
60000,9,54007,0,0,5993,54007
80000,9,72075,0,0,7925,72075
100000,9,90038,0,0,9962,90038
2,10,2,0,0,0,2
3,10,3,0,0,0,3
100,10,95,0,0,5,95
200,10,182,0,0,18,182
2000,10,1775,0,0,225,1775
10000,10,8993,0,0,1007,8993
20000,10,18046,0,0,1954,18046
40000,10,36115,0,0,3885,36115
60000,10,54025,0,0,5975,54025
80000,10,72163,0,0,7837,72163
100000,10,90046,0,0,9954,90046
2,11,2,0,0,0,2
3,11,1,0,0,2,1
100,11,91,0,0,9,91
200,11,177,0,0,23,177
2000,11,1793,0,0,207,1793
10000,11,9029,0,0,971,9029
20000,11,18071,0,0,1929,18071
40000,11,35977,0,0,4023,35977
60000,11,53934,0,0,6066,53934
80000,11,72066,0,0,7934,72066
100000,11,89793,0,0,10207,89793
2,12,1,0,0,1,1
3,12,2,0,0,1,2
100,12,91,0,0,9,91
200,12,177,0,0,23,177
2000,12,1785,0,0,215,1785
10000,12,9017,0,0,983,9017
20000,12,18000,0,0,2000,18000
40000,12,35965,0,0,4035,35965
60000,12,53975,0,0,6025,53975
80000,12,71839,0,0,8161,71839
100000,12,89912,0,0,10088,89912
2,13,2,0,0,0,2
3,13,3,0,0,0,3
100,13,90,0,0,10,90
200,13,182,0,0,18,182
2000,13,1802,0,0,198,1802
10000,13,8998,0,0,1002,8998
20000,13,18025,0,0,1975,18025
40000,13,36086,0,0,3914,36086
60000,13,53941,0,0,6059,53941
80000,13,72072,0,0,7928,72072
100000,13,90251,0,0,9749,90251
2,14,2,0,0,0,2
3,14,2,0,0,1,2
100,14,87,0,0,13,87
200,14,185,0,0,15,185
2000,14,1806,0,0,194,1806
10000,14,8955,0,0,1045,8955
20000,14,18007,0,0,1993,18007
40000,14,35985,0,0,4015,35985
60000,14,54028,0,0,5972,54028
80000,14,72034,0,0,7966,72034
100000,14,90120,0,0,9880,90120
2,15,2,0,0,0,2
3,15,3,0,0,0,3
100,15,89,0,0,11,89
200,15,184,0,0,16,184
2000,15,1816,0,0,184,1816
10000,15,8955,0,0,1045,8955
20000,15,17953,0,0,2047,17953
40000,15,36045,0,0,3955,36045
60000,15,54013,0,0,5987,54013
80000,15,72002,0,0,7998,72002
100000,15,90098,0,0,9902,90098
2,16,2,0,0,0,2
3,16,3,0,0,0,3
100,16,95,0,0,5,95
200,16,180,0,0,20,180
2000,16,1772,0,0,228,1772
10000,16,9009,0,0,991,9009
20000,16,17961,0,0,2039,17961
40000,16,36075,0,0,3925,36075
60000,16,53940,0,0,6060,53940
80000,16,72024,0,0,7976,72024
100000,16,90100,0,0,9900,90100
2,17,1,0,0,1,1
3,17,1,0,0,2,1
100,17,91,0,0,9,91
200,17,176,0,0,24,176
2000,17,1809,0,0,191,1809
10000,17,8999,0,0,1001,8999
20000,17,17918,0,0,2082,17918
40000,17,36017,0,0,3983,36017
60000,17,53878,0,0,6122,53878
80000,17,72097,0,0,7903,72097
100000,17,90048,0,0,9952,90048
2,18,2,0,0,0,2
3,18,3,0,0,0,3
100,18,93,0,0,7,93
200,18,186,0,0,14,186
2000,18,1796,0,0,204,1796
10000,18,8964,0,0,1036,8964
20000,18,18004,0,0,1996,18004
40000,18,36051,0,0,3949,36051
60000,18,53960,0,0,6040,53960
80000,18,71947,0,0,8053,71947
100000,18,90051,0,0,9949,90051
2,19,2,0,0,0,2
3,19,2,0,0,1,2
100,19,88,0,0,12,88
200,19,187,0,0,13,187
2000,19,1816,0,0,184,1816
10000,19,8994,0,0,1006,8994
20000,19,18000,0,0,2000,18000
40000,19,36098,0,0,3902,36098
60000,19,54052,0,0,5948,54052
80000,19,71988,0,0,8012,71988
100000,19,89970,0,0,10030,89970
2,20,1,0,0,1,1
3,20,3,0,0,0,3
100,20,89,0,0,11,89
200,20,185,0,0,15,185
2000,20,1810,0,0,190,1810
10000,20,8977,0,0,1023,8977
20000,20,17991,0,0,2009,17991
40000,20,35964,0,0,4036,35964
60000,20,53975,0,0,6025,53975
80000,20,72017,0,0,7983,72017
100000,20,90146,0,0,9854,90146
2,21,2,0,0,0,2
3,21,3,0,0,0,3
100,21,94,0,0,6,94
200,21,180,0,0,20,180
2000,21,1778,0,0,222,1778
10000,21,9016,0,0,984,9016
20000,21,17986,0,0,2014,17986
40000,21,36035,0,0,3965,36035
60000,21,53965,0,0,6035,53965
80000,21,71989,0,0,8011,71989
100000,21,90093,0,0,9907,90093
2,22,2,0,0,0,2
3,22,3,0,0,0,3
100,22,92,0,0,8,92
200,22,184,0,0,16,184
2000,22,1802,0,0,198,1802
10000,22,8964,0,0,1036,8964
20000,22,17982,0,0,2018,17982
40000,22,36049,0,0,3951,36049
60000,22,53955,0,0,6045,53955
80000,22,71931,0,0,8069,71931
100000,22,89981,0,0,10019,89981
2,23,1,0,0,1,1
3,23,3,0,0,0,3
100,23,87,0,0,13,87
200,23,184,0,0,16,184
2000,23,1792,0,0,208,1792
10000,23,9000,0,0,1000,9000
20000,23,18011,0,0,1989,18011
40000,23,36022,0,0,3978,36022
60000,23,54026,0,0,5974,54026
80000,23,71983,0,0,8017,71983
100000,23,90050,0,0,9950,90050
2,24,2,0,0,0,2
3,24,3,0,0,0,3
100,24,86,0,0,14,86
200,24,175,0,0,25,175
2000,24,1813,0,0,187,1813
10000,24,9007,0,0,993,9007
20000,24,18075,0,0,1925,18075
40000,24,36029,0,0,3971,36029
60000,24,53863,0,0,6137,53863
80000,24,71974,0,0,8026,71974
100000,24,90131,0,0,9869,90131
2,25,1,0,0,1,1
3,25,3,0,0,0,3
100,25,92,0,0,8,92
200,25,185,0,0,15,185
2000,25,1788,0,0,212,1788
10000,25,9052,0,0,948,9052
20000,25,18012,0,0,1988,18012
40000,25,36061,0,0,3939,36061
60000,25,54039,0,0,5961,54039
80000,25,71831,0,0,8169,71831
100000,25,90199,0,0,9801,90199
2,26,2,0,0,0,2
3,26,3,0,0,0,3
100,26,92,0,0,8,92
200,26,187,0,0,13,187
2000,26,1812,0,0,188,1812
10000,26,9015,0,0,985,9015
20000,26,18012,0,0,1988,18012
40000,26,35989,0,0,4011,35989
60000,26,53983,0,0,6017,53983
80000,26,71930,0,0,8070,71930
100000,26,90127,0,0,9873,90127
2,27,2,0,0,0,2
3,27,2,0,0,1,2
100,27,89,0,0,11,89
200,27,178,0,0,22,178
2000,27,1789,0,0,211,1789
10000,27,9020,0,0,980,9020
20000,27,18033,0,0,1967,18033
40000,27,35974,0,0,4026,35974
60000,27,54064,0,0,5936,54064
80000,27,72037,0,0,7963,72037
100000,27,89789,0,0,10211,89789
2,28,2,0,0,0,2
3,28,3,0,0,0,3
100,28,91,0,0,9,91
200,28,189,0,0,11,189
2000,28,1786,0,0,214,1786
10000,28,8974,0,0,1026,8974
20000,28,18020,0,0,1980,18020
40000,28,36048,0,0,3952,36048
60000,28,54011,0,0,5989,54011
80000,28,72047,0,0,7953,72047
100000,28,90005,0,0,9995,90005
2,29,2,0,0,0,2
3,29,3,0,0,0,3
100,29,89,0,0,11,89
200,29,173,0,0,27,173
2000,29,1799,0,0,201,1799
10000,29,9041,0,0,959,9041
20000,29,17991,0,0,2009,17991
40000,29,35978,0,0,4022,35978
60000,29,53974,0,0,6026,53974
80000,29,72008,0,0,7992,72008
100000,29,90012,0,0,9988,90012
2,30,2,0,0,0,2
3,30,2,0,0,1,2
100,30,83,0,0,17,83
200,30,174,0,0,26,174
2000,30,1805,0,0,195,1805
10000,30,8985,0,0,1015,8985
20000,30,17984,0,0,2016,17984
40000,30,35911,0,0,4089,35911
60000,30,54113,0,0,5887,54113
80000,30,72123,0,0,7877,72123
100000,30,89970,0,0,10030,89970
2,31,2,0,0,0,2
3,31,3,0,0,0,3
100,31,89,0,0,11,89
200,31,172,0,0,28,172
2000,31,1779,0,0,221,1779
10000,31,8991,0,0,1009,8991
20000,31,17958,0,0,2042,17958
40000,31,36103,0,0,3897,36103
60000,31,54002,0,0,5998,54002
80000,31,72056,0,0,7944,72056
100000,31,89941,0,0,10059,89941
2,32,2,0,0,0,2
3,32,3,0,0,0,3
100,32,82,0,0,18,82
200,32,185,0,0,15,185
2000,32,1808,0,0,192,1808
10000,32,8971,0,0,1029,8971
20000,32,17963,0,0,2037,17963
40000,32,36022,0,0,3978,36022
60000,32,53986,0,0,6014,53986
80000,32,71996,0,0,8004,71996
100000,32,89968,0,0,10032,89968
2,33,2,0,0,0,2
3,33,3,0,0,0,3
100,33,92,0,0,8,92
200,33,181,0,0,19,181
2000,33,1784,0,0,216,1784
10000,33,9017,0,0,983,9017
20000,33,18018,0,0,1982,18018
40000,33,35983,0,0,4017,35983
60000,33,53900,0,0,6100,53900
80000,33,72000,0,0,8000,72000
100000,33,89914,0,0,10086,89914
2,34,2,0,0,0,2
3,34,2,0,0,1,2
100,34,92,0,0,8,92
200,34,182,0,0,18,182
2000,34,1798,0,0,202,1798
10000,34,8986,0,0,1014,8986
20000,34,17989,0,0,2011,17989
40000,34,35922,0,0,4078,35922
60000,34,53921,0,0,6079,53921
80000,34,71948,0,0,8052,71948
100000,34,90016,0,0,9984,90016
2,35,2,0,0,0,2
3,35,3,0,0,0,3
100,35,88,0,0,12,88
200,35,184,0,0,16,184
2000,35,1820,0,0,180,1820
10000,35,9002,0,0,998,9002
20000,35,17997,0,0,2003,17997
40000,35,36042,0,0,3958,36042
60000,35,54075,0,0,5925,54075
80000,35,72014,0,0,7986,72014
100000,35,89960,0,0,10040,89960
2,36,2,0,0,0,2
3,36,3,0,0,0,3
100,36,91,0,0,9,91
200,36,179,0,0,21,179
2000,36,1813,0,0,187,1813
10000,36,9011,0,0,989,9011
20000,36,18017,0,0,1983,18017
40000,36,35986,0,0,4014,35986
60000,36,54048,0,0,5952,54048
80000,36,71842,0,0,8158,71842
100000,36,90063,0,0,9937,90063
2,37,1,0,0,1,1
3,37,2,0,0,1,2
100,37,92,0,0,8,92
200,37,173,0,0,27,173
2000,37,1780,0,0,220,1780
10000,37,8973,0,0,1027,8973
20000,37,18046,0,0,1954,18046
40000,37,36045,0,0,3955,36045
60000,37,53940,0,0,6060,53940
80000,37,72066,0,0,7934,72066
100000,37,90146,0,0,9854,90146
2,38,2,0,0,0,2
3,38,3,0,0,0,3
100,38,91,0,0,9,91
200,38,171,0,0,29,171
2000,38,1812,0,0,188,1812
10000,38,9049,0,0,951,9049
20000,38,18017,0,0,1983,18017
40000,38,35935,0,0,4065,35935
60000,38,54033,0,0,5967,54033
80000,38,72100,0,0,7900,72100
100000,38,89913,0,0,10087,89913
2,39,2,0,0,0,2
3,39,2,0,0,1,2
100,39,87,0,0,13,87
200,39,175,0,0,25,175
2000,39,1787,0,0,213,1787
10000,39,8966,0,0,1034,8966
20000,39,17993,0,0,2007,17993
40000,39,35976,0,0,4024,35976
60000,39,54101,0,0,5899,54101
80000,39,71858,0,0,8142,71858
100000,39,89976,0,0,10024,89976
2,40,2,0,0,0,2
3,40,2,0,0,1,2
100,40,92,0,0,8,92
200,40,176,0,0,24,176
2000,40,1785,0,0,215,1785
10000,40,9031,0,0,969,9031
20000,40,17991,0,0,2009,17991
40000,40,35994,0,0,4006,35994
60000,40,53926,0,0,6074,53926
80000,40,71963,0,0,8037,71963
100000,40,90018,0,0,9982,90018
2,41,1,0,0,1,1
3,41,3,0,0,0,3
100,41,93,0,0,7,93
200,41,183,0,0,17,183
2000,41,1807,0,0,193,1807
10000,41,9047,0,0,953,9047
20000,41,18006,0,0,1994,18006
40000,41,36023,0,0,3977,36023
60000,41,53996,0,0,6004,53996
80000,41,71855,0,0,8145,71855
100000,41,90033,0,0,9967,90033
2,42,2,0,0,0,2
3,42,3,0,0,0,3
100,42,91,0,0,9,91
200,42,174,0,0,26,174
2000,42,1803,0,0,197,1803
10000,42,8961,0,0,1039,8961
20000,42,18037,0,0,1963,18037
40000,42,36144,0,0,3856,36144
60000,42,53940,0,0,6060,53940
80000,42,71865,0,0,8135,71865
100000,42,89947,0,0,10053,89947
2,43,2,0,0,0,2
3,43,3,0,0,0,3
100,43,93,0,0,7,93
200,43,182,0,0,18,182
2000,43,1811,0,0,189,1811
10000,43,9000,0,0,1000,9000
20000,43,18015,0,0,1985,18015
40000,43,36036,0,0,3964,36036
60000,43,53951,0,0,6049,53951
80000,43,72009,0,0,7991,72009
100000,43,89922,0,0,10078,89922
2,44,1,0,0,1,1
3,44,3,0,0,0,3
100,44,87,0,0,13,87
200,44,183,0,0,17,183
2000,44,1802,0,0,198,1802
10000,44,9040,0,0,960,9040
20000,44,17947,0,0,2053,17947
40000,44,35992,0,0,4008,35992
60000,44,53907,0,0,6093,53907
80000,44,72042,0,0,7958,72042
100000,44,89919,0,0,10081,89919
2,45,2,0,0,0,2
3,45,1,0,0,2,1
100,45,87,0,0,13,87
200,45,186,0,0,14,186
2000,45,1790,0,0,210,1790
10000,45,8992,0,0,1008,8992
20000,45,18020,0,0,1980,18020
40000,45,35942,0,0,4058,35942
60000,45,53994,0,0,6006,53994
80000,45,71997,0,0,8003,71997
100000,45,90079,0,0,9921,90079
2,46,0,0,0,2,0
3,46,3,0,0,0,3
100,46,89,0,0,11,89
200,46,177,0,0,23,177
2000,46,1808,0,0,192,1808
10000,46,8972,0,0,1028,8972
20000,46,17999,0,0,2001,17999
40000,46,35911,0,0,4089,35911
60000,46,53950,0,0,6050,53950
80000,46,71925,0,0,8075,71925
100000,46,89820,0,0,10180,89820
2,47,1,0,0,1,1
3,47,3,0,0,0,3
100,47,90,0,0,10,90
200,47,186,0,0,14,186
2000,47,1803,0,0,197,1803
10000,47,8967,0,0,1033,8967
20000,47,18007,0,0,1993,18007
40000,47,35949,0,0,4051,35949
60000,47,54037,0,0,5963,54037
80000,47,72022,0,0,7978,72022
100000,47,90112,0,0,9888,90112
2,48,2,0,0,0,2
3,48,2,0,0,1,2
100,48,92,0,0,8,92
200,48,180,0,0,20,180
2000,48,1794,0,0,206,1794
10000,48,8989,0,0,1011,8989
20000,48,18053,0,0,1947,18053
40000,48,35986,0,0,4014,35986
60000,48,54063,0,0,5937,54063
80000,48,72025,0,0,7975,72025
100000,48,90069,0,0,9931,90069
2,49,2,0,0,0,2
3,49,3,0,0,0,3
100,49,95,0,0,5,95
200,49,175,0,0,25,175
2000,49,1804,0,0,196,1804
10000,49,8919,0,0,1081,8919
20000,49,18042,0,0,1958,18042
40000,49,36003,0,0,3997,36003
60000,49,54058,0,0,5942,54058
80000,49,72055,0,0,7945,72055
100000,49,89996,0,0,10004,89996
2,50,2,0,0,0,2
3,50,3,0,0,0,3
100,50,91,0,0,9,91
200,50,181,0,0,19,181
2000,50,1791,0,0,209,1791
10000,50,8980,0,0,1020,8980
20000,50,18041,0,0,1959,18041
40000,50,35985,0,0,4015,35985
60000,50,53952,0,0,6048,53952
80000,50,72191,0,0,7809,72191
100000,50,90007,0,0,9993,90007
2,51,2,0,0,0,2
3,51,3,0,0,0,3
100,51,91,0,0,9,91
200,51,183,0,0,17,183
2000,51,1805,0,0,195,1805
10000,51,9008,0,0,992,9008
20000,51,18002,0,0,1998,18002
40000,51,35895,0,0,4105,35895
60000,51,54038,0,0,5962,54038
80000,51,72051,0,0,7949,72051
100000,51,90042,0,0,9958,90042
2,52,1,0,0,1,1
3,52,2,0,0,1,2
100,52,93,0,0,7,93
200,52,180,0,0,20,180
2000,52,1784,0,0,216,1784
10000,52,8940,0,0,1060,8940
20000,52,18006,0,0,1994,18006
40000,52,36005,0,0,3995,36005
60000,52,53938,0,0,6062,53938
80000,52,72028,0,0,7972,72028
100000,52,90046,0,0,9954,90046
2,53,2,0,0,0,2
3,53,3,0,0,0,3
100,53,93,0,0,7,93
200,53,181,0,0,19,181
2000,53,1787,0,0,213,1787
10000,53,8996,0,0,1004,8996
20000,53,17965,0,0,2035,17965
40000,53,36020,0,0,3980,36020
60000,53,53954,0,0,6046,53954
80000,53,71942,0,0,8058,71942
100000,53,89850,0,0,10150,89850
2,54,2,0,0,0,2
3,54,3,0,0,0,3
100,54,90,0,0,10,90
200,54,181,0,0,19,181
2000,54,1816,0,0,184,1816
10000,54,8975,0,0,1025,8975
20000,54,18060,0,0,1940,18060
40000,54,36019,0,0,3981,36019
60000,54,53945,0,0,6055,53945
80000,54,72073,0,0,7927,72073
100000,54,89990,0,0,10010,89990
2,55,2,0,0,0,2
3,55,3,0,0,0,3
100,55,86,0,0,14,86
200,55,182,0,0,18,182
2000,55,1797,0,0,203,1797
10000,55,9021,0,0,979,9021
20000,55,17998,0,0,2002,17998
40000,55,35942,0,0,4058,35942
60000,55,54064,0,0,5936,54064
80000,55,72071,0,0,7929,72071
100000,55,89973,0,0,10027,89973
2,56,0,0,0,2,0
3,56,3,0,0,0,3
100,56,90,0,0,10,90
200,56,183,0,0,17,183
2000,56,1784,0,0,216,1784
10000,56,8908,0,0,1092,8908
20000,56,18028,0,0,1972,18028
40000,56,36058,0,0,3942,36058
60000,56,54007,0,0,5993,54007
80000,56,72092,0,0,7908,72092
100000,56,89945,0,0,10055,89945
2,57,2,0,0,0,2
3,57,3,0,0,0,3
100,57,88,0,0,12,88
200,57,176,0,0,24,176
2000,57,1795,0,0,205,1795
10000,57,9005,0,0,995,9005
20000,57,17944,0,0,2056,17944
40000,57,36047,0,0,3953,36047
60000,57,54164,0,0,5836,54164
80000,57,72239,0,0,7761,72239
100000,57,90038,0,0,9962,90038
2,58,2,0,0,0,2
3,58,3,0,0,0,3
100,58,89,0,0,11,89
200,58,175,0,0,25,175
2000,58,1793,0,0,207,1793
10000,58,9013,0,0,987,9013
20000,58,18016,0,0,1984,18016
40000,58,35927,0,0,4073,35927
60000,58,53870,0,0,6130,53870
80000,58,71901,0,0,8099,71901
100000,58,90243,0,0,9757,90243
2,59,2,0,0,0,2
3,59,2,0,0,1,2
100,59,88,0,0,12,88
200,59,176,0,0,24,176
2000,59,1827,0,0,173,1827
10000,59,9006,0,0,994,9006
20000,59,18003,0,0,1997,18003
40000,59,35944,0,0,4056,35944
60000,59,54073,0,0,5927,54073
80000,59,72011,0,0,7989,72011
100000,59,90021,0,0,9979,90021
2,60,2,0,0,0,2
3,60,3,0,0,0,3
100,60,93,0,0,7,93
200,60,179,0,0,21,179
2000,60,1786,0,0,214,1786
10000,60,9002,0,0,998,9002
20000,60,17990,0,0,2010,17990
40000,60,35909,0,0,4091,35909
60000,60,54031,0,0,5969,54031
80000,60,71944,0,0,8056,71944
100000,60,89958,0,0,10042,89958
2,61,2,0,0,0,2
3,61,2,0,0,1,2
100,61,93,0,0,7,93
200,61,181,0,0,19,181
2000,61,1831,0,0,169,1831
10000,61,9022,0,0,978,9022
20000,61,17992,0,0,2008,17992
40000,61,35949,0,0,4051,35949
60000,61,53868,0,0,6132,53868
80000,61,72029,0,0,7971,72029
100000,61,89961,0,0,10039,89961
2,62,2,0,0,0,2
3,62,2,0,0,1,2
100,62,95,0,0,5,95
200,62,182,0,0,18,182
2000,62,1816,0,0,184,1816
10000,62,8967,0,0,1033,8967
20000,62,18068,0,0,1932,18068
40000,62,35908,0,0,4092,35908
60000,62,54097,0,0,5903,54097
80000,62,71948,0,0,8052,71948
100000,62,90133,0,0,9867,90133
2,63,2,0,0,0,2
3,63,2,0,0,1,2
100,63,93,0,0,7,93
200,63,175,0,0,25,175
2000,63,1805,0,0,195,1805
10000,63,9037,0,0,963,9037
20000,63,17981,0,0,2019,17981
40000,63,35969,0,0,4031,35969
60000,63,54088,0,0,5912,54088
80000,63,72020,0,0,7980,72020
100000,63,90006,0,0,9994,90006
2,64,2,0,0,0,2
3,64,2,0,0,1,2
100,64,90,0,0,10,90
200,64,178,0,0,22,178
2000,64,1795,0,0,205,1795
10000,64,8976,0,0,1024,8976
20000,64,17989,0,0,2011,17989
40000,64,35882,0,0,4118,35882
60000,64,54016,0,0,5984,54016
80000,64,72081,0,0,7919,72081
100000,64,90114,0,0,9886,90114
2,65,1,0,0,1,1
3,65,2,0,0,1,2
100,65,89,0,0,11,89
200,65,184,0,0,16,184
2000,65,1792,0,0,208,1792
10000,65,9071,0,0,929,9071
20000,65,18023,0,0,1977,18023
40000,65,36039,0,0,3961,36039
60000,65,53997,0,0,6003,53997
80000,65,72198,0,0,7802,72198
100000,65,89871,0,0,10129,89871
2,66,1,0,0,1,1
3,66,3,0,0,0,3
100,66,91,0,0,9,91
200,66,181,0,0,19,181
2000,66,1803,0,0,197,1803
10000,66,8970,0,0,1030,8970
20000,66,18068,0,0,1932,18068
40000,66,36018,0,0,3982,36018
60000,66,54035,0,0,5965,54035
80000,66,72036,0,0,7964,72036
100000,66,90087,0,0,9913,90087
2,67,2,0,0,0,2
3,67,3,0,0,0,3
100,67,92,0,0,8,92
200,67,185,0,0,15,185
2000,67,1813,0,0,187,1813
10000,67,8994,0,0,1006,8994
20000,67,18014,0,0,1986,18014
40000,67,35984,0,0,4016,35984
60000,67,54075,0,0,5925,54075
80000,67,72018,0,0,7982,72018
100000,67,90002,0,0,9998,90002
2,68,1,0,0,1,1
3,68,3,0,0,0,3
100,68,90,0,0,10,90
200,68,179,0,0,21,179
2000,68,1813,0,0,187,1813
10000,68,9005,0,0,995,9005
20000,68,17945,0,0,2055,17945
40000,68,35974,0,0,4026,35974
60000,68,54008,0,0,5992,54008
80000,68,72009,0,0,7991,72009
100000,68,90090,0,0,9910,90090
2,69,2,0,0,0,2
3,69,3,0,0,0,3
100,69,89,0,0,11,89
200,69,181,0,0,19,181
2000,69,1769,0,0,231,1769
10000,69,9059,0,0,941,9059
20000,69,18015,0,0,1985,18015
40000,69,36061,0,0,3939,36061
60000,69,54103,0,0,5897,54103
80000,69,71989,0,0,8011,71989
100000,69,89994,0,0,10006,89994
2,70,2,0,0,0,2
3,70,3,0,0,0,3
100,70,92,0,0,8,92
200,70,181,0,0,19,181
2000,70,1810,0,0,190,1810
10000,70,8983,0,0,1017,8983
20000,70,18003,0,0,1997,18003
40000,70,36014,0,0,3986,36014
60000,70,53896,0,0,6104,53896
80000,70,72011,0,0,7989,72011
100000,70,89948,0,0,10052,89948
2,71,2,0,0,0,2
3,71,3,0,0,0,3
100,71,93,0,0,7,93
200,71,180,0,0,20,180
2000,71,1781,0,0,219,1781
10000,71,8970,0,0,1030,8970
20000,71,18034,0,0,1966,18034
40000,71,36058,0,0,3942,36058
60000,71,54034,0,0,5966,54034
80000,71,71936,0,0,8064,71936
100000,71,90029,0,0,9971,90029
2,72,2,0,0,0,2
3,72,3,0,0,0,3
100,72,86,0,0,14,86
200,72,177,0,0,23,177
2000,72,1805,0,0,195,1805
10000,72,8998,0,0,1002,8998
20000,72,17952,0,0,2048,17952
40000,72,36017,0,0,3983,36017
60000,72,54073,0,0,5927,54073
80000,72,72050,0,0,7950,72050
100000,72,89835,0,0,10165,89835
2,73,2,0,0,0,2
3,73,1,0,0,2,1
100,73,90,0,0,10,90
200,73,182,0,0,18,182
2000,73,1801,0,0,199,1801
10000,73,8946,0,0,1054,8946
20000,73,17988,0,0,2012,17988
40000,73,36101,0,0,3899,36101
60000,73,53978,0,0,6022,53978
80000,73,72014,0,0,7986,72014
100000,73,89965,0,0,10035,89965
2,74,2,0,0,0,2
3,74,2,0,0,1,2
100,74,94,0,0,6,94
200,74,179,0,0,21,179
2000,74,1778,0,0,222,1778
10000,74,9022,0,0,978,9022
20000,74,18026,0,0,1974,18026
40000,74,35875,0,0,4125,35875
60000,74,53968,0,0,6032,53968
80000,74,72094,0,0,7906,72094
100000,74,89947,0,0,10053,89947
2,75,1,0,0,1,1
3,75,3,0,0,0,3
100,75,89,0,0,11,89
200,75,182,0,0,18,182
2000,75,1794,0,0,206,1794
10000,75,9033,0,0,967,9033
20000,75,18008,0,0,1992,18008
40000,75,36037,0,0,3963,36037
60000,75,54007,0,0,5993,54007
80000,75,72086,0,0,7914,72086
100000,75,89964,0,0,10036,89964
2,76,2,0,0,0,2
3,76,3,0,0,0,3
100,76,92,0,0,8,92
200,76,182,0,0,18,182
2000,76,1799,0,0,201,1799
10000,76,9062,0,0,938,9062
20000,76,17963,0,0,2037,17963
40000,76,35932,0,0,4068,35932
60000,76,53887,0,0,6113,53887
80000,76,71830,0,0,8170,71830
100000,76,89863,0,0,10137,89863
2,77,1,0,0,1,1
3,77,3,0,0,0,3
100,77,95,0,0,5,95
200,77,183,0,0,17,183
2000,77,1804,0,0,196,1804
10000,77,9014,0,0,986,9014
20000,77,18069,0,0,1931,18069
40000,77,35956,0,0,4044,35956
60000,77,53862,0,0,6138,53862
80000,77,72013,0,0,7987,72013
100000,77,90001,0,0,9999,90001
2,78,2,0,0,0,2
3,78,2,0,0,1,2
100,78,86,0,0,14,86
200,78,179,0,0,21,179
2000,78,1819,0,0,181,1819
10000,78,9038,0,0,962,9038
20000,78,18094,0,0,1906,18094
40000,78,36043,0,0,3957,36043
60000,78,54080,0,0,5920,54080
80000,78,72007,0,0,7993,72007
100000,78,90124,0,0,9876,90124
2,79,2,0,0,0,2
3,79,3,0,0,0,3
100,79,90,0,0,10,90
200,79,186,0,0,14,186
2000,79,1785,0,0,215,1785
10000,79,9001,0,0,999,9001
20000,79,17964,0,0,2036,17964
40000,79,35980,0,0,4020,35980
60000,79,53951,0,0,6049,53951
80000,79,72022,0,0,7978,72022
100000,79,89870,0,0,10130,89870
2,80,2,0,0,0,2
3,80,3,0,0,0,3
100,80,95,0,0,5,95
200,80,180,0,0,20,180
2000,80,1791,0,0,209,1791
10000,80,9006,0,0,994,9006
20000,80,18084,0,0,1916,18084
40000,80,35914,0,0,4086,35914
60000,80,54021,0,0,5979,54021
80000,80,72028,0,0,7972,72028
100000,80,89907,0,0,10093,89907
2,81,2,0,0,0,2
3,81,3,0,0,0,3
100,81,90,0,0,10,90
200,81,182,0,0,18,182
2000,81,1822,0,0,178,1822
10000,81,9036,0,0,964,9036
20000,81,18092,0,0,1908,18092
40000,81,36015,0,0,3985,36015
60000,81,54087,0,0,5913,54087
80000,81,71989,0,0,8011,71989
100000,81,90032,0,0,9968,90032
2,82,1,0,0,1,1
3,82,2,0,0,1,2
100,82,91,0,0,9,91
200,82,192,0,0,8,192
2000,82,1779,0,0,221,1779
10000,82,8973,0,0,1027,8973
20000,82,17924,0,0,2076,17924
40000,82,35996,0,0,4004,35996
60000,82,53947,0,0,6053,53947
80000,82,71922,0,0,8078,71922
100000,82,89927,0,0,10073,89927
2,83,2,0,0,0,2
3,83,2,0,0,1,2
100,83,87,0,0,13,87
200,83,172,0,0,28,172
2000,83,1805,0,0,195,1805
10000,83,9019,0,0,981,9019
20000,83,18017,0,0,1983,18017
40000,83,35947,0,0,4053,35947
60000,83,54025,0,0,5975,54025
80000,83,71957,0,0,8043,71957
100000,83,90136,0,0,9864,90136
2,84,2,0,0,0,2
3,84,1,0,0,2,1
100,84,89,0,0,11,89
200,84,176,0,0,24,176
2000,84,1812,0,0,188,1812
10000,84,9031,0,0,969,9031
20000,84,17936,0,0,2064,17936
40000,84,36083,0,0,3917,36083
60000,84,54032,0,0,5968,54032
80000,84,71963,0,0,8037,71963
100000,84,89863,0,0,10137,89863
2,85,2,0,0,0,2
3,85,2,0,0,1,2
100,85,88,0,0,12,88
200,85,175,0,0,25,175
2000,85,1801,0,0,199,1801
10000,85,9076,0,0,924,9076
20000,85,17960,0,0,2040,17960
40000,85,35865,0,0,4135,35865
60000,85,54062,0,0,5938,54062
80000,85,72026,0,0,7974,72026
100000,85,89814,0,0,10186,89814
2,86,1,0,0,1,1
3,86,2,0,0,1,2
100,86,90,0,0,10,90
200,86,179,0,0,21,179
2000,86,1813,0,0,187,1813
10000,86,9009,0,0,991,9009
20000,86,18060,0,0,1940,18060
40000,86,36031,0,0,3969,36031
60000,86,54147,0,0,5853,54147
80000,86,72032,0,0,7968,72032
100000,86,89925,0,0,10075,89925
2,87,2,0,0,0,2
3,87,3,0,0,0,3
100,87,91,0,0,9,91
200,87,180,0,0,20,180
2000,87,1808,0,0,192,1808
10000,87,9013,0,0,987,9013
20000,87,17969,0,0,2031,17969
40000,87,35953,0,0,4047,35953
60000,87,53891,0,0,6109,53891
80000,87,72046,0,0,7954,72046
100000,87,89945,0,0,10055,89945
2,88,2,0,0,0,2
3,88,2,0,0,1,2
100,88,94,0,0,6,94
200,88,183,0,0,17,183
2000,88,1787,0,0,213,1787
10000,88,9013,0,0,987,9013
20000,88,18012,0,0,1988,18012
40000,88,35970,0,0,4030,35970
60000,88,54008,0,0,5992,54008
80000,88,71940,0,0,8060,71940
100000,88,90149,0,0,9851,90149
2,89,2,0,0,0,2
3,89,1,0,0,2,1
100,89,92,0,0,8,92
200,89,180,0,0,20,180
2000,89,1795,0,0,205,1795
10000,89,9033,0,0,967,9033
20000,89,18023,0,0,1977,18023
40000,89,35964,0,0,4036,35964
60000,89,53868,0,0,6132,53868
80000,89,72013,0,0,7987,72013
100000,89,90104,0,0,9896,90104
2,90,2,0,0,0,2
3,90,3,0,0,0,3
100,90,89,0,0,11,89
200,90,176,0,0,24,176
2000,90,1800,0,0,200,1800
10000,90,9021,0,0,979,9021
20000,90,18032,0,0,1968,18032
40000,90,36047,0,0,3953,36047
60000,90,54016,0,0,5984,54016
80000,90,72174,0,0,7826,72174
100000,90,89821,0,0,10179,89821
2,91,2,0,0,0,2
3,91,3,0,0,0,3
100,91,87,0,0,13,87
200,91,187,0,0,13,187
2000,91,1802,0,0,198,1802
10000,91,8912,0,0,1088,8912
20000,91,17911,0,0,2089,17911
40000,91,36125,0,0,3875,36125
60000,91,54080,0,0,5920,54080
80000,91,72000,0,0,8000,72000
100000,91,89975,0,0,10025,89975
2,92,2,0,0,0,2
3,92,3,0,0,0,3
100,92,89,0,0,11,89
200,92,174,0,0,26,174
2000,92,1810,0,0,190,1810
10000,92,8964,0,0,1036,8964
20000,92,17955,0,0,2045,17955
40000,92,35919,0,0,4081,35919
60000,92,54031,0,0,5969,54031
80000,92,71914,0,0,8086,71914
100000,92,90080,0,0,9920,90080
2,93,2,0,0,0,2
3,93,3,0,0,0,3
100,93,89,0,0,11,89
200,93,183,0,0,17,183
2000,93,1804,0,0,196,1804
10000,93,9058,0,0,942,9058
20000,93,18047,0,0,1953,18047
40000,93,35995,0,0,4005,35995
60000,93,54137,0,0,5863,54137
80000,93,72083,0,0,7917,72083
100000,93,89960,0,0,10040,89960
2,94,2,0,0,0,2
3,94,3,0,0,0,3
100,94,91,0,0,9,91
200,94,184,0,0,16,184
2000,94,1798,0,0,202,1798
10000,94,8975,0,0,1025,8975
20000,94,18040,0,0,1960,18040
40000,94,35991,0,0,4009,35991
60000,94,54049,0,0,5951,54049
80000,94,71880,0,0,8120,71880
100000,94,90081,0,0,9919,90081
2,95,2,0,0,0,2
3,95,3,0,0,0,3
100,95,94,0,0,6,94
200,95,179,0,0,21,179
2000,95,1808,0,0,192,1808
10000,95,9046,0,0,954,9046
20000,95,17969,0,0,2031,17969
40000,95,35899,0,0,4101,35899
60000,95,54096,0,0,5904,54096
80000,95,71871,0,0,8129,71871
100000,95,89977,0,0,10023,89977
2,96,2,0,0,0,2
3,96,3,0,0,0,3
100,96,89,0,0,11,89
200,96,181,0,0,19,181
2000,96,1792,0,0,208,1792
10000,96,8984,0,0,1016,8984
20000,96,18037,0,0,1963,18037
40000,96,35997,0,0,4003,35997
60000,96,54013,0,0,5987,54013
80000,96,71924,0,0,8076,71924
100000,96,90128,0,0,9872,90128
2,97,2,0,0,0,2
3,97,2,0,0,1,2
100,97,90,0,0,10,90
200,97,187,0,0,13,187
2000,97,1799,0,0,201,1799
10000,97,8950,0,0,1050,8950
20000,97,18020,0,0,1980,18020
40000,97,35968,0,0,4032,35968
60000,97,53927,0,0,6073,53927
80000,97,72110,0,0,7890,72110
100000,97,89952,0,0,10048,89952
2,98,1,0,0,1,1
3,98,2,0,0,1,2
100,98,92,0,0,8,92
200,98,181,0,0,19,181
2000,98,1798,0,0,202,1798
10000,98,9048,0,0,952,9048
20000,98,18011,0,0,1989,18011
40000,98,36053,0,0,3947,36053
60000,98,54005,0,0,5995,54005
80000,98,72047,0,0,7953,72047
100000,98,90185,0,0,9815,90185
2,99,2,0,0,0,2
3,99,2,0,0,1,2
100,99,91,0,0,9,91
200,99,180,0,0,20,180
2000,99,1817,0,0,183,1817
10000,99,9001,0,0,999,9001
20000,99,17955,0,0,2045,17955
40000,99,36091,0,0,3909,36091
60000,99,54018,0,0,5982,54018
80000,99,72000,0,0,8000,72000
100000,99,90061,0,0,9939,90061
2,100,1,0,0,1,1
3,100,2,0,0,1,2
100,100,86,0,0,14,86
200,100,182,0,0,18,182
2000,100,1795,0,0,205,1795
10000,100,8981,0,0,1019,8981
20000,100,17975,0,0,2025,17975
40000,100,35884,0,0,4116,35884
60000,100,54065,0,0,5935,54065
80000,100,71993,0,0,8007,71993
100000,100,89803,0,0,10197,89803
