Time Horizon,Iteration,Total Reward,Suboptimal Arms Count,Total Regret,Zeros Count,Ones Count
2,1,1,1,0.01,1,1
3,1,3,2,0.01,0,3
100,1,88,22,0.11,12,88
200,1,176,138,0.69,24,176
2000,1,1803,854,4.27,197,1803
10000,1,8992,6144,30.72,1008,8992
20000,1,18031,9082,45.41,1969,18031
40000,1,35955,13686,68.43,4045,35955
60000,1,53971,30115,150.57,6029,53971
80000,1,71696,27509,137.54,8304,71696
100000,1,89927,17839,89.19,10073,89927
2,2,1,1,0.01,1,1
3,2,3,2,0.01,0,3
100,2,91,35,0.18,9,91
200,2,180,95,0.48,20,180
2000,2,1787,785,3.92,213,1787
10000,2,9017,4521,22.6,983,9017
20000,2,18035,11081,55.41,1965,18035
40000,2,35979,15112,75.56,4021,35979
60000,2,54004,12863,64.32,5996,54004
80000,2,71948,23522,117.61,8052,71948
100000,2,89981,16675,83.37,10019,89981
2,3,2,1,0.01,0,2
3,3,3,2,0.01,0,3
100,3,85,22,0.11,15,85
200,3,174,110,0.55,26,174
2000,3,1794,866,4.33,206,1794
10000,3,9012,2661,13.31,988,9012
20000,3,18008,6071,30.35,1992,18008
40000,3,35813,15469,77.35,4187,35813
60000,3,53979,17133,85.66,6021,53979
80000,3,71809,19899,99.49,8191,71809
100000,3,89667,22930,114.65,10333,89667
2,4,0,1,0.01,2,0
3,4,3,2,0.01,0,3
100,4,92,51,0.26,8,92
200,4,178,138,0.69,22,178
2000,4,1817,1358,6.79,183,1817
10000,4,9013,3683,18.42,987,9013
20000,4,18039,7987,39.94,1961,18039
40000,4,35798,16366,81.83,4202,35798
60000,4,53898,21591,107.95,6102,53898
80000,4,71916,24423,122.11,8084,71916
100000,4,89535,42348,211.74,10465,89535
2,5,2,1,0.01,0,2
3,5,3,2,0.01,0,3
100,5,92,83,0.42,8,92
200,5,176,84,0.42,24,176
2000,5,1812,965,4.82,188,1812
10000,5,8959,3678,18.39,1041,8959
20000,5,17909,6598,32.99,2091,17909
40000,5,36030,8418,42.09,3970,36030
60000,5,53956,13598,67.99,6044,53956
80000,5,71965,18279,91.39,8035,71965
100000,5,89989,26995,134.97,10011,89989
2,6,2,1,0.01,0,2
3,6,3,2,0.01,0,3
100,6,88,62,0.31,12,88
200,6,180,130,0.65,20,180
2000,6,1775,968,4.84,225,1775
10000,6,8980,1719,8.59,1020,8980
20000,6,17899,4923,24.61,2101,17899
40000,6,35945,17426,87.13,4055,35945
60000,6,53779,15902,79.51,6221,53779
80000,6,72016,36402,182.01,7984,72016
100000,6,89950,17586,87.93,10050,89950
2,7,2,1,0.01,0,2
3,7,2,2,0.01,1,2
100,7,95,64,0.32,5,95
200,7,182,119,0.6,18,182
2000,7,1814,980,4.9,186,1814
10000,7,8987,5258,26.29,1013,8987
20000,7,17941,6431,32.15,2059,17941
40000,7,35885,14254,71.27,4115,35885
60000,7,53865,21555,107.77,6135,53865
80000,7,72009,11531,57.66,7991,72009
100000,7,90031,15333,76.67,9969,90031
2,8,2,1,0.01,0,2
3,8,2,1,0.01,1,2
100,8,89,26,0.13,11,89
200,8,188,118,0.59,12,188
2000,8,1807,625,3.12,193,1807
10000,8,8983,4729,23.64,1017,8983
20000,8,17974,8082,40.41,2026,17974
40000,8,35866,26742,133.71,4134,35866
60000,8,53877,14160,70.8,6123,53877
80000,8,71808,29437,147.18,8192,71808
100000,8,89866,33525,167.62,10134,89866
2,9,2,1,0.01,0,2
3,9,3,2,0.01,0,3
100,9,90,54,0.27,10,90
200,9,170,95,0.48,30,170
2000,9,1818,401,2.0,182,1818
10000,9,8972,5379,26.89,1028,8972
20000,9,18007,4328,21.64,1993,18007
40000,9,35927,15583,77.92,4073,35927
60000,9,53782,19096,95.48,6218,53782
80000,9,71955,12875,64.38,8045,71955
100000,9,89883,39042,195.21,10117,89883
2,10,2,1,0.01,0,2
3,10,3,2,0.01,0,3
100,10,87,19,0.1,13,87
200,10,180,92,0.46,20,180
2000,10,1808,1015,5.07,192,1808
10000,10,8932,4389,21.94,1068,8932
20000,10,17924,9422,47.11,2076,17924
40000,10,36011,15233,76.17,3989,36011
60000,10,53939,32711,163.55,6061,53939
80000,10,71915,16747,83.73,8085,71915
100000,10,89948,41658,208.29,10052,89948
2,11,2,1,0.01,0,2
3,11,3,2,0.01,0,3
100,11,92,58,0.29,8,92
200,11,177,115,0.58,23,177
2000,11,1792,1411,7.05,208,1792
10000,11,8975,2909,14.55,1025,8975
20000,11,17859,6293,31.46,2141,17859
40000,11,35958,11573,57.87,4042,35958
60000,11,53966,11740,58.7,6034,53966
80000,11,71827,13874,69.37,8173,71827
100000,11,89874,24835,124.17,10126,89874
2,12,2,1,0.01,0,2
3,12,3,2,0.01,0,3
100,12,93,92,0.46,7,93
200,12,174,96,0.48,26,174
2000,12,1803,642,3.21,197,1803
10000,12,8962,3229,16.15,1038,8962
20000,12,17886,8947,44.74,2114,17886
40000,12,35933,15356,76.78,4067,35933
60000,12,53887,15271,76.36,6113,53887
80000,12,71880,24982,124.91,8120,71880
100000,12,89721,35844,179.22,10279,89721
2,13,2,1,0.01,0,2
3,13,3,2,0.01,0,3
100,13,89,46,0.23,11,89
200,13,186,132,0.66,14,186
2000,13,1787,717,3.58,213,1787
10000,13,8965,2399,12.0,1035,8965
20000,13,17897,8252,41.26,2103,17897
40000,13,36016,15066,75.33,3984,36016
60000,13,53991,19917,99.58,6009,53991
80000,13,71934,25477,127.38,8066,71934
100000,13,90005,29513,147.56,9995,90005
2,14,2,1,0.01,0,2
3,14,3,2,0.01,0,3
100,14,96,47,0.24,4,96
200,14,184,46,0.23,16,184
2000,14,1779,1347,6.73,221,1779
10000,14,8963,5741,28.7,1037,8963
20000,14,17936,11253,56.27,2064,17936
40000,14,35939,14023,70.12,4061,35939
60000,14,53901,19671,98.35,6099,53901
80000,14,72036,12180,60.9,7964,72036
100000,14,89878,40482,202.41,10122,89878
2,15,2,1,0.01,0,2
3,15,3,2,0.01,0,3
100,15,89,63,0.32,11,89
200,15,184,120,0.6,16,184
2000,15,1800,804,4.02,200,1800
10000,15,8942,6566,32.83,1058,8942
20000,15,17906,9752,48.76,2094,17906
40000,15,35807,18357,91.78,4193,35807
60000,15,53885,21632,108.16,6115,53885
80000,15,71776,29537,147.68,8224,71776
100000,15,89776,40926,204.63,10224,89776
2,16,2,1,0.01,0,2
3,16,3,2,0.01,0,3
100,16,89,49,0.25,11,89
200,16,183,120,0.6,17,183
2000,16,1790,850,4.25,210,1790
10000,16,8989,3254,16.27,1011,8989
20000,16,17962,5747,28.73,2038,17962
40000,16,35931,15849,79.25,4069,35931
60000,16,54001,20640,103.2,5999,54001
80000,16,71642,28811,144.05,8358,71642
100000,16,89920,27819,139.09,10080,89920
2,17,2,1,0.01,0,2
3,17,2,2,0.01,1,2
100,17,86,71,0.36,14,86
200,17,181,47,0.24,19,181
2000,17,1779,519,2.59,221,1779
10000,17,8957,4711,23.55,1043,8957
20000,17,17993,5583,27.91,2007,17993
40000,17,35826,8342,41.71,4174,35826
60000,17,53902,15979,79.89,6098,53902
80000,17,71872,25706,128.53,8128,71872
100000,17,89778,31857,159.28,10222,89778
2,18,2,1,0.01,0,2
3,18,2,2,0.01,1,2
100,18,95,50,0.25,5,95
200,18,177,87,0.44,23,177
2000,18,1796,1156,5.78,204,1796
10000,18,8996,3310,16.55,1004,8996
20000,18,18022,5295,26.47,1978,18022
40000,18,35886,15560,77.8,4114,35886
60000,18,53954,22806,114.03,6046,53954
80000,18,71839,27296,136.48,8161,71839
100000,18,89809,29563,147.81,10191,89809
2,19,2,1,0.01,0,2
3,19,2,2,0.01,1,2
100,19,88,17,0.09,12,88
200,19,177,96,0.48,23,177
2000,19,1789,827,4.13,211,1789
10000,19,8953,4771,23.85,1047,8953
20000,19,17959,10243,51.22,2041,17959
40000,19,35957,18031,90.15,4043,35957
60000,19,53833,25256,126.28,6167,53833
80000,19,71771,24201,121.0,8229,71771
100000,19,89967,27457,137.28,10033,89967
2,20,2,1,0.01,0,2
3,20,3,2,0.01,0,3
100,20,87,69,0.35,13,87
200,20,180,78,0.39,20,180
2000,20,1795,1274,6.37,205,1795
10000,20,8998,4012,20.06,1002,8998
20000,20,18010,8055,40.28,1990,18010
40000,20,36001,18880,94.4,3999,36001
60000,20,53826,20232,101.16,6174,53826
80000,20,71903,24036,120.18,8097,71903
100000,20,89859,28648,143.24,10141,89859
2,21,2,1,0.01,0,2
3,21,2,2,0.01,1,2
100,21,91,52,0.26,9,91
200,21,179,100,0.5,21,179
2000,21,1770,725,3.62,230,1770
10000,21,8960,3952,19.76,1040,8960
20000,21,17925,5557,27.78,2075,17925
40000,21,35954,13910,69.55,4046,35954
60000,21,54020,13170,65.85,5980,54020
80000,21,71923,23850,119.25,8077,71923
100000,21,89776,32672,163.36,10224,89776
2,22,2,1,0.01,0,2
3,22,3,2,0.01,0,3
100,22,91,33,0.17,9,91
200,22,181,129,0.65,19,181
2000,22,1814,676,3.38,186,1814
10000,22,9019,2642,13.21,981,9019
20000,22,17950,6425,32.12,2050,17950
40000,22,35923,13806,69.03,4077,35923
60000,22,53846,20051,100.25,6154,53846
80000,22,71938,28508,142.54,8062,71938
100000,22,89979,31361,156.8,10021,89979
2,23,2,1,0.01,0,2
3,23,3,2,0.01,0,3
100,23,93,34,0.17,7,93
200,23,183,110,0.55,17,183
2000,23,1805,1222,6.11,195,1805
10000,23,9001,3531,17.66,999,9001
20000,23,17886,5200,26.0,2114,17886
40000,23,35850,21282,106.41,4150,35850
60000,23,53995,14548,72.74,6005,53995
80000,23,71916,24224,121.12,8084,71916
100000,23,90018,25415,127.07,9982,90018
2,24,2,1,0.01,0,2
3,24,3,2,0.01,0,3
100,24,88,38,0.19,12,88
200,24,178,107,0.54,22,178
2000,24,1772,428,2.14,228,1772
10000,24,9051,1749,8.74,949,9051
20000,24,18003,8689,43.45,1997,18003
40000,24,35896,13989,69.95,4104,35896
60000,24,53961,13328,66.64,6039,53961
80000,24,71918,17987,89.93,8082,71918
100000,24,90091,27965,139.82,9909,90091
2,25,1,1,0.01,1,1
3,25,2,1,0.01,1,2
100,25,94,48,0.24,6,94
200,25,169,58,0.29,31,169
2000,25,1804,949,4.74,196,1804
10000,25,8988,5374,26.87,1012,8988
20000,25,17962,6618,33.09,2038,17962
40000,25,35877,10853,54.27,4123,35877
60000,25,54042,13059,65.3,5958,54042
80000,25,71832,29997,149.98,8168,71832
100000,25,89732,30833,154.16,10268,89732
2,26,2,1,0.01,0,2
3,26,2,2,0.01,1,2
100,26,92,53,0.27,8,92
200,26,178,106,0.53,22,178
2000,26,1804,1088,5.44,196,1804
10000,26,9024,2905,14.53,976,9024
20000,26,18001,6323,31.61,1999,18001
40000,26,35933,12911,64.56,4067,35933
60000,26,53879,23037,115.18,6121,53879
80000,26,71944,20657,103.28,8056,71944
100000,26,89885,25670,128.35,10115,89885
2,27,2,1,0.01,0,2
3,27,2,1,0.01,1,2
100,27,83,98,0.49,17,83
200,27,181,108,0.54,19,181
2000,27,1783,769,3.84,217,1783
10000,27,9012,3139,15.7,988,9012
20000,27,18036,12914,64.57,1964,18036
40000,27,35870,17308,86.54,4130,35870
60000,27,53982,24020,120.1,6018,53982
80000,27,71875,33122,165.61,8125,71875
100000,27,89797,30358,151.79,10203,89797
2,28,2,1,0.01,0,2
3,28,3,2,0.01,0,3
100,28,83,14,0.07,17,83
200,28,176,114,0.57,24,176
2000,28,1793,928,4.64,207,1793
10000,28,9027,2916,14.58,973,9027
20000,28,17923,6740,33.7,2077,17923
40000,28,36021,9390,46.95,3979,36021
60000,28,53934,15237,76.19,6066,53934
80000,28,71833,27847,139.23,8167,71833
100000,28,89841,26253,131.26,10159,89841
2,29,2,1,0.01,0,2
3,29,2,2,0.01,1,2
100,29,91,94,0.47,9,91
200,29,173,126,0.63,27,173
2000,29,1789,721,3.6,211,1789
10000,29,8949,6045,30.22,1051,8949
20000,29,18024,6098,30.49,1976,18024
40000,29,35948,21196,105.98,4052,35948
60000,29,54070,10349,51.75,5930,54070
80000,29,71803,9679,48.4,8197,71803
100000,29,89772,32307,161.53,10228,89772
2,30,2,1,0.01,0,2
3,30,3,2,0.01,0,3
100,30,90,38,0.19,10,90
200,30,169,33,0.17,31,169
2000,30,1779,1361,6.8,221,1779
10000,30,9026,4092,20.46,974,9026
20000,30,17967,6808,34.04,2033,17967
40000,30,36037,17221,86.1,3963,36037
60000,30,53910,8108,40.54,6090,53910
80000,30,71898,26839,134.19,8102,71898
100000,30,89829,26154,130.77,10171,89829
2,31,2,1,0.01,0,2
3,31,2,1,0.01,1,2
100,31,95,56,0.28,5,95
200,31,178,134,0.67,22,178
2000,31,1792,617,3.08,208,1792
10000,31,8943,3778,18.89,1057,8943
20000,31,17879,10307,51.54,2121,17879
40000,31,36010,9624,48.12,3990,36010
60000,31,53863,15008,75.04,6137,53863
80000,31,71962,31808,159.04,8038,71962
100000,31,89770,21174,105.87,10230,89770
2,32,1,1,0.01,1,1
3,32,3,2,0.01,0,3
100,32,96,47,0.24,4,96
200,32,173,153,0.77,27,173
2000,32,1814,1000,5.0,186,1814
10000,32,8923,5297,26.48,1077,8923
20000,32,18021,7334,36.67,1979,18021
40000,32,35921,14325,71.63,4079,35921
60000,32,53856,24297,121.48,6144,53856
80000,32,71944,37347,186.73,8056,71944
100000,32,89698,31862,159.31,10302,89698
2,33,2,1,0.01,0,2
3,33,2,2,0.01,1,2
100,33,97,41,0.21,3,97
200,33,171,169,0.85,29,171
2000,33,1794,954,4.77,206,1794
10000,33,9021,4420,22.1,979,9021
20000,33,18004,6831,34.15,1996,18004
40000,33,36003,12594,62.97,3997,36003
60000,33,53818,24096,120.48,6182,53818
80000,33,71898,19751,98.75,8102,71898
100000,33,89701,35154,175.77,10299,89701
2,34,1,1,0.01,1,1
3,34,3,2,0.01,0,3
100,34,95,45,0.23,5,95
200,34,188,105,0.53,12,188
2000,34,1813,938,4.69,187,1813
10000,34,8915,4218,21.09,1085,8915
20000,34,17917,7145,35.72,2083,17917
40000,34,35981,14951,74.76,4019,35981
60000,34,53873,16822,84.11,6127,53873
80000,34,71913,17444,87.22,8087,71913
100000,34,89847,27628,138.14,10153,89847
2,35,1,1,0.01,1,1
3,35,3,2,0.01,0,3
100,35,88,89,0.45,12,88
200,35,183,43,0.22,17,183
2000,35,1773,712,3.56,227,1773
10000,35,8926,4900,24.5,1074,8926
20000,35,18035,5472,27.36,1965,18035
40000,35,35978,15298,76.49,4022,35978
60000,35,53874,18509,92.54,6126,53874
80000,35,71855,36593,182.96,8145,71855
100000,35,89755,26432,132.16,10245,89755
2,36,2,1,0.01,0,2
3,36,3,2,0.01,0,3
100,36,90,67,0.34,10,90
200,36,185,99,0.5,15,185
2000,36,1792,321,1.6,208,1792
10000,36,9015,1947,9.74,985,9015
20000,36,17920,7354,36.77,2080,17920
40000,36,35898,16090,80.45,4102,35898
60000,36,53751,18464,92.32,6249,53751
80000,36,71923,12618,63.09,8077,71923
100000,36,89891,24049,120.24,10109,89891
2,37,1,1,0.01,1,1
3,37,1,2,0.01,2,1
100,37,94,50,0.25,6,94
200,37,181,104,0.52,19,181
2000,37,1809,646,3.23,191,1809
10000,37,8961,3566,17.83,1039,8961
20000,37,17930,9348,46.74,2070,17930
40000,37,35951,12486,62.43,4049,35951
60000,37,53814,14574,72.87,6186,53814
80000,37,71969,24304,121.52,8031,71969
100000,37,89766,19717,98.58,10234,89766
2,38,2,1,0.01,0,2
3,38,3,2,0.01,0,3
100,38,91,51,0.26,9,91
200,38,177,64,0.32,23,177
2000,38,1811,922,4.61,189,1811
10000,38,8992,4354,21.77,1008,8992
20000,38,17993,5994,29.97,2007,17993
40000,38,36013,15043,75.22,3987,36013
60000,38,53856,20108,100.54,6144,53856
80000,38,71738,29637,148.18,8262,71738
100000,38,89749,17775,88.87,10251,89749
2,39,2,1,0.01,0,2
3,39,3,2,0.01,0,3
100,39,87,40,0.2,13,87
200,39,181,102,0.51,19,181
2000,39,1820,820,4.1,180,1820
10000,39,8989,4680,23.4,1011,8989
20000,39,17910,14465,72.33,2090,17910
40000,39,36041,14963,74.82,3959,36041
60000,39,53976,18455,92.27,6024,53976
80000,39,72032,15370,76.85,7968,72032
100000,39,89766,17794,88.97,10234,89766
2,40,1,1,0.01,1,1
3,40,3,2,0.01,0,3
100,40,95,60,0.3,5,95
200,40,180,82,0.41,20,180
2000,40,1787,521,2.6,213,1787
10000,40,8972,5459,27.29,1028,8972
20000,40,17958,6994,34.97,2042,17958
40000,40,35939,12148,60.74,4061,35939
60000,40,53805,14940,74.7,6195,53805
80000,40,71944,21233,106.16,8056,71944
100000,40,90006,19744,98.72,9994,90006
2,41,2,1,0.01,0,2
3,41,3,2,0.01,0,3
100,41,90,48,0.24,10,90
200,41,181,104,0.52,19,181
2000,41,1806,901,4.5,194,1806
10000,41,8951,4401,22.0,1049,8951
20000,41,18079,4957,24.78,1921,18079
40000,41,35994,15964,79.82,4006,35994
60000,41,53949,20653,103.26,6051,53949
80000,41,71916,20018,100.09,8084,71916
100000,41,89970,15703,78.52,10030,89970
2,42,1,1,0.01,1,1
3,42,3,2,0.01,0,3
100,42,91,14,0.07,9,91
200,42,176,142,0.71,24,176
2000,42,1802,791,3.95,198,1802
10000,42,8993,4357,21.78,1007,8993
20000,42,17969,10062,50.31,2031,17969
40000,42,35856,21039,105.19,4144,35856
60000,42,53948,16160,80.8,6052,53948
80000,42,71878,26808,134.04,8122,71878
100000,42,89912,15885,79.43,10088,89912
2,43,2,1,0.01,0,2
3,43,3,2,0.01,0,3
100,43,91,51,0.26,9,91
200,43,181,123,0.62,19,181
2000,43,1803,876,4.38,197,1803
10000,43,8948,3949,19.75,1052,8948
20000,43,17969,2666,13.33,2031,17969
40000,43,35998,11234,56.17,4002,35998
60000,43,53875,25595,127.97,6125,53875
80000,43,71833,17197,85.98,8167,71833
100000,43,89971,34384,171.92,10029,89971
2,44,2,1,0.01,0,2
3,44,2,2,0.01,1,2
100,44,90,35,0.18,10,90
200,44,181,137,0.69,19,181
2000,44,1786,1022,5.11,214,1786
10000,44,9017,3558,17.79,983,9017
20000,44,17964,6226,31.13,2036,17964
40000,44,36001,10471,52.36,3999,36001
60000,44,54010,13552,67.76,5990,54010
80000,44,72000,13929,69.65,8000,72000
100000,44,89891,22844,114.22,10109,89891
2,45,2,1,0.01,0,2
3,45,2,1,0.01,1,2
100,45,87,26,0.13,13,87
200,45,180,87,0.44,20,180
2000,45,1799,711,3.55,201,1799
10000,45,8990,6925,34.62,1010,8990
20000,45,17987,7904,39.52,2013,17987
40000,45,36022,15727,78.64,3978,36022
60000,45,54028,17638,88.19,5972,54028
80000,45,71934,17880,89.4,8066,71934
100000,45,89765,23150,115.75,10235,89765
2,46,2,1,0.01,0,2
3,46,3,2,0.01,0,3
100,46,82,58,0.29,18,82
200,46,178,115,0.58,22,178
2000,46,1800,1115,5.57,200,1800
10000,46,8964,4919,24.59,1036,8964
20000,46,17988,7478,37.39,2012,17988
40000,46,36013,14733,73.67,3987,36013
60000,46,54028,17303,86.51,5972,54028
80000,46,71928,18912,94.56,8072,71928
100000,46,89753,20527,102.63,10247,89753
2,47,2,1,0.01,0,2
3,47,3,2,0.01,0,3
100,47,89,35,0.18,11,89
200,47,179,2,0.01,21,179
2000,47,1819,947,4.73,181,1819
10000,47,9021,3769,18.85,979,9021
20000,47,17962,8035,40.18,2038,17962
40000,47,36002,8782,43.91,3998,36002
60000,47,53792,23724,118.62,6208,53792
80000,47,71928,20981,104.9,8072,71928
100000,47,89914,18736,93.68,10086,89914
2,48,2,1,0.01,0,2
3,48,3,2,0.01,0,3
100,48,93,55,0.28,7,93
200,48,186,149,0.75,14,186
2000,48,1775,776,3.88,225,1775
10000,48,8952,3211,16.06,1048,8952
20000,48,17897,6911,34.55,2103,17897
40000,48,35955,10225,51.13,4045,35955
60000,48,53882,17357,86.78,6118,53882
80000,48,71863,19512,97.56,8137,71863
100000,48,89858,21593,107.96,10142,89858
2,49,2,1,0.01,0,2
3,49,3,2,0.01,0,3
100,49,79,94,0.47,21,79
200,49,176,131,0.66,24,176
2000,49,1789,1210,6.05,211,1789
10000,49,9036,3137,15.69,964,9036
20000,49,17994,8175,40.88,2006,17994
40000,49,35896,15804,79.02,4104,35896
60000,49,53843,18973,94.86,6157,53843
80000,49,71655,27890,139.45,8345,71655
100000,49,89959,34638,173.19,10041,89959
2,50,2,1,0.01,0,2
3,50,3,2,0.01,0,3
100,50,88,94,0.47,12,88
200,50,183,161,0.81,17,183
2000,50,1805,1240,6.2,195,1805
10000,50,8951,3982,19.91,1049,8951
20000,50,17998,9321,46.61,2002,17998
40000,50,35918,13391,66.96,4082,35918
60000,50,53975,18959,94.79,6025,53975
80000,50,72002,12492,62.46,7998,72002
100000,50,89957,35506,177.53,10043,89957
2,51,2,1,0.01,0,2
3,51,3,2,0.01,0,3
100,51,93,39,0.2,7,93
200,51,176,72,0.36,24,176
2000,51,1810,1080,5.4,190,1810
10000,51,8997,3119,15.6,1003,8997
20000,51,17931,3996,19.98,2069,17931
40000,51,35984,16003,80.01,4016,35984
60000,51,53854,22952,114.76,6146,53854
80000,51,71863,29242,146.21,8137,71863
100000,51,89974,23829,119.14,10026,89974
2,52,2,1,0.01,0,2
3,52,3,2,0.01,0,3
100,52,85,46,0.23,15,85
200,52,183,162,0.81,17,183
2000,52,1797,625,3.12,203,1797
10000,52,8980,2809,14.05,1020,8980
20000,52,17927,11400,57.0,2073,17927
40000,52,35940,10902,54.51,4060,35940
60000,52,53957,11184,55.92,6043,53957
80000,52,71996,18986,94.93,8004,71996
100000,52,89739,40035,200.17,10261,89739
2,53,2,1,0.01,0,2
3,53,1,2,0.01,2,1
100,53,87,51,0.26,13,87
200,53,179,74,0.37,21,179
2000,53,1805,404,2.02,195,1805
10000,53,8941,4734,23.67,1059,8941
20000,53,17956,10820,54.1,2044,17956
40000,53,35946,13055,65.28,4054,35946
60000,53,53906,10950,54.75,6094,53906
80000,53,71865,26482,132.41,8135,71865
100000,53,89705,28761,143.8,10295,89705
2,54,2,1,0.01,0,2
3,54,3,2,0.01,0,3
100,54,93,79,0.4,7,93
200,54,184,178,0.89,16,184
2000,54,1791,1280,6.4,209,1791
10000,54,8925,3469,17.35,1075,8925
20000,54,17964,5548,27.74,2036,17964
40000,54,35925,11190,55.95,4075,35925
60000,54,53855,17280,86.4,6145,53855
80000,54,71893,21337,106.68,8107,71893
100000,54,90030,17591,87.95,9970,90030
2,55,2,1,0.01,0,2
3,55,3,2,0.01,0,3
100,55,87,66,0.33,13,87
200,55,182,83,0.42,18,182
2000,55,1783,810,4.05,217,1783
10000,55,8944,3720,18.6,1056,8944
20000,55,17941,8322,41.61,2059,17941
40000,55,35897,10039,50.2,4103,35897
60000,55,53970,19505,97.52,6030,53970
80000,55,71885,25857,129.28,8115,71885
100000,55,89884,21241,106.2,10116,89884
2,56,2,1,0.01,0,2
3,56,2,1,0.01,1,2
100,56,91,46,0.23,9,91
200,56,183,100,0.5,17,183
2000,56,1812,1336,6.68,188,1812
10000,56,8967,3852,19.26,1033,8967
20000,56,18009,8083,40.42,1991,18009
40000,56,35942,13560,67.8,4058,35942
60000,56,53883,22518,112.59,6117,53883
80000,56,71987,22990,114.95,8013,71987
100000,56,89870,25322,126.61,10130,89870
2,57,1,1,0.01,1,1
3,57,2,1,0.01,1,2
100,57,93,60,0.3,7,93
200,57,188,133,0.67,12,188
2000,57,1784,527,2.63,216,1784
10000,57,8965,5313,26.56,1035,8965
20000,57,17989,5913,29.56,2011,17989
40000,57,35879,12088,60.44,4121,35879
60000,57,53938,25812,129.06,6062,53938
80000,57,71892,33358,166.79,8108,71892
100000,57,89813,34575,172.87,10187,89813
2,58,1,1,0.01,1,1
3,58,2,2,0.01,1,2
100,58,88,46,0.23,12,88
200,58,174,162,0.81,26,174
2000,58,1782,664,3.32,218,1782
10000,58,8987,3235,16.18,1013,8987
20000,58,17915,8104,40.52,2085,17915
40000,58,35890,15117,75.59,4110,35890
60000,58,53892,18622,93.11,6108,53892
80000,58,71891,26839,134.19,8109,71891
100000,58,89802,32631,163.15,10198,89802
2,59,2,1,0.01,0,2
3,59,3,2,0.01,0,3
100,59,92,18,0.09,8,92
200,59,186,129,0.65,14,186
2000,59,1790,1133,5.66,210,1790
10000,59,8990,3274,16.37,1010,8990
20000,59,17932,4187,20.94,2068,17932
40000,59,35885,10177,50.89,4115,35885
60000,59,53965,14205,71.03,6035,53965
80000,59,71888,31701,158.5,8112,71888
100000,59,89820,23086,115.43,10180,89820
2,60,2,1,0.01,0,2
3,60,3,2,0.01,0,3
100,60,93,50,0.25,7,93
200,60,179,40,0.2,21,179
2000,60,1796,1159,5.79,204,1796
10000,60,8973,3741,18.71,1027,8973
20000,60,17909,7348,36.74,2091,17909
40000,60,35905,15784,78.92,4095,35905
60000,60,53951,19725,98.62,6049,53951
80000,60,71935,29790,148.95,8065,71935
100000,60,89694,31424,157.12,10306,89694
2,61,2,1,0.01,0,2
3,61,2,2,0.01,1,2
100,61,86,45,0.23,14,86
200,61,177,58,0.29,23,177
2000,61,1792,1118,5.59,208,1792
10000,61,8981,3105,15.53,1019,8981
20000,61,17994,7085,35.42,2006,17994
40000,61,35957,15293,76.47,4043,35957
60000,61,53924,21232,106.16,6076,53924
80000,61,71826,30272,151.36,8174,71826
100000,61,89805,30445,152.22,10195,89805
2,62,2,1,0.01,0,2
3,62,3,2,0.01,0,3
100,62,85,62,0.31,15,85
200,62,176,58,0.29,24,176
2000,62,1784,682,3.41,216,1784
10000,62,8922,3581,17.91,1078,8922
20000,62,17938,3276,16.38,2062,17938
40000,62,35895,17198,85.99,4105,35895
60000,62,53895,23402,117.01,6105,53895
80000,62,71836,28347,141.73,8164,71836
100000,62,89682,34771,173.85,10318,89682
2,63,2,1,0.01,0,2
3,63,3,2,0.01,0,3
100,63,93,36,0.18,7,93
200,63,180,117,0.59,20,180
2000,63,1782,958,4.79,218,1782
10000,63,8968,4591,22.95,1032,8968
20000,63,17923,8654,43.27,2077,17923
40000,63,35939,16635,83.17,4061,35939
60000,63,54094,10470,52.35,5906,54094
80000,63,71859,23665,118.32,8141,71859
100000,63,89886,26302,131.51,10114,89886
2,64,2,1,0.01,0,2
3,64,3,2,0.01,0,3
100,64,95,64,0.32,5,95
200,64,178,118,0.59,22,178
2000,64,1799,298,1.49,201,1799
10000,64,8996,4128,20.64,1004,8996
20000,64,17931,7849,39.25,2069,17931
40000,64,35984,12967,64.84,4016,35984
60000,64,53984,24949,124.74,6016,53984
80000,64,71898,19625,98.12,8102,71898
100000,64,89868,33809,169.04,10132,89868
2,65,1,1,0.01,1,1
3,65,3,2,0.01,0,3
100,65,83,73,0.37,17,83
200,65,178,131,0.66,22,178
2000,65,1805,478,2.39,195,1805
10000,65,9013,3093,15.47,987,9013
20000,65,17951,6763,33.81,2049,17951
40000,65,35957,10095,50.48,4043,35957
60000,65,53956,9728,48.64,6044,53956
80000,65,71837,21960,109.8,8163,71837
100000,65,89847,25622,128.11,10153,89847
2,66,2,1,0.01,0,2
3,66,1,2,0.01,2,1
100,66,89,78,0.39,11,89
200,66,188,92,0.46,12,188
2000,66,1783,908,4.54,217,1783
10000,66,9008,5839,29.19,992,9008
20000,66,17999,5176,25.88,2001,17999
40000,66,35984,8905,44.53,4016,35984
60000,66,53945,26613,133.06,6055,53945
80000,66,71933,32292,161.46,8067,71933
100000,66,89795,38450,192.25,10205,89795
2,67,1,1,0.01,1,1
3,67,3,2,0.01,0,3
100,67,88,57,0.29,12,88
200,67,182,113,0.57,18,182
2000,67,1777,690,3.45,223,1777
10000,67,8997,2563,12.82,1003,8997
20000,67,17881,5966,29.83,2119,17881
40000,67,35961,8021,40.11,4039,35961
60000,67,53931,25499,127.49,6069,53931
80000,67,71794,21672,108.36,8206,71794
100000,67,89875,24636,123.18,10125,89875
2,68,1,1,0.01,1,1
3,68,3,2,0.01,0,3
100,68,92,53,0.27,8,92
200,68,189,131,0.66,11,189
2000,68,1801,1636,8.18,199,1801
10000,68,9021,2313,11.57,979,9021
20000,68,17986,5624,28.12,2014,17986
40000,68,35870,10588,52.94,4130,35870
60000,68,53866,20899,104.49,6134,53866
80000,68,71931,13834,69.17,8069,71931
100000,68,89870,39557,197.78,10130,89870
2,69,2,1,0.01,0,2
3,69,3,2,0.01,0,3
100,69,84,54,0.27,16,84
200,69,181,64,0.32,19,181
2000,69,1787,1079,5.39,213,1787
10000,69,9006,2432,12.16,994,9006
20000,69,17945,11014,55.07,2055,17945
40000,69,36008,10175,50.88,3992,36008
60000,69,53839,23505,117.52,6161,53839
80000,69,71952,16494,82.47,8048,71952
100000,69,89940,27957,139.78,10060,89940
2,70,2,1,0.01,0,2
3,70,1,2,0.01,2,1
100,70,94,50,0.25,6,94
200,70,179,145,0.73,21,179
2000,70,1807,1253,6.26,193,1807
10000,70,8990,4999,24.99,1010,8990
20000,70,17992,8772,43.86,2008,17992
40000,70,35929,10491,52.46,4071,35929
60000,70,53668,19945,99.72,6332,53668
80000,70,71744,25445,127.22,8256,71744
100000,70,89947,29209,146.04,10053,89947
2,71,2,1,0.01,0,2
3,71,3,2,0.01,0,3
100,71,92,65,0.33,8,92
200,71,184,107,0.54,16,184
2000,71,1823,962,4.81,177,1823
10000,71,9005,2703,13.52,995,9005
20000,71,17955,6038,30.19,2045,17955
40000,71,35822,10816,54.08,4178,35822
60000,71,53875,26886,134.43,6125,53875
80000,71,71830,14368,71.84,8170,71830
100000,71,90013,20974,104.87,9987,90013
2,72,2,1,0.01,0,2
3,72,2,2,0.01,1,2
100,72,84,60,0.3,16,84
200,72,181,123,0.62,19,181
2000,72,1805,823,4.11,195,1805
10000,72,8952,5851,29.25,1048,8952
20000,72,17926,5005,25.02,2074,17926
40000,72,36072,15503,77.52,3928,36072
60000,72,53893,20011,100.05,6107,53893
80000,72,71750,14976,74.88,8250,71750
100000,72,89772,22647,113.23,10228,89772
2,73,2,1,0.01,0,2
3,73,2,1,0.01,1,2
100,73,93,36,0.18,7,93
200,73,177,137,0.69,23,177
2000,73,1802,896,4.48,198,1802
10000,73,8967,3655,18.28,1033,8967
20000,73,18036,6648,33.24,1964,18036
40000,73,35931,9954,49.77,4069,35931
60000,73,53968,22300,111.5,6032,53968
80000,73,71841,36334,181.67,8159,71841
100000,73,89962,17102,85.51,10038,89962
2,74,2,1,0.01,0,2
3,74,3,2,0.01,0,3
100,74,94,68,0.34,6,94
200,74,180,145,0.73,20,180
2000,74,1796,1181,5.9,204,1796
10000,74,8994,2676,13.38,1006,8994
20000,74,17912,7274,36.37,2088,17912
40000,74,35932,7652,38.26,4068,35932
60000,74,53814,7072,35.36,6186,53814
80000,74,71852,33592,167.96,8148,71852
100000,74,89951,28616,143.08,10049,89951
2,75,2,1,0.01,0,2
3,75,2,1,0.01,1,2
100,75,93,64,0.32,7,93
200,75,177,128,0.64,23,177
2000,75,1775,906,4.53,225,1775
10000,75,9032,3620,18.1,968,9032
20000,75,17968,7095,35.47,2032,17968
40000,75,36029,13155,65.78,3971,36029
60000,75,53789,12384,61.92,6211,53789
80000,75,71910,19640,98.2,8090,71910
100000,75,90027,18813,94.06,9973,90027
2,76,2,1,0.01,0,2
3,76,3,2,0.01,0,3
100,76,87,63,0.32,13,87
200,76,175,124,0.62,25,175
2000,76,1779,613,3.06,221,1779
10000,76,8969,3876,19.38,1031,8969
20000,76,17975,7943,39.72,2025,17975
40000,76,36013,6441,32.2,3987,36013
60000,76,53973,12617,63.09,6027,53973
80000,76,71804,24387,121.93,8196,71804
100000,76,89935,23021,115.1,10065,89935
2,77,2,1,0.01,0,2
3,77,3,2,0.01,0,3
100,77,92,55,0.28,8,92
200,77,178,63,0.32,22,178
2000,77,1788,1492,7.46,212,1788
10000,77,8958,3331,16.66,1042,8958
20000,77,18001,5732,28.66,1999,18001
40000,77,35984,11812,59.06,4016,35984
60000,77,54028,19468,97.34,5972,54028
80000,77,71839,17699,88.49,8161,71839
100000,77,89838,24739,123.69,10162,89838
2,78,2,1,0.01,0,2
3,78,3,2,0.01,0,3
100,78,89,51,0.26,11,89
200,78,184,74,0.37,16,184
2000,78,1783,914,4.57,217,1783
10000,78,8968,6017,30.08,1032,8968
20000,78,18039,7019,35.09,1961,18039
40000,78,35943,14807,74.04,4057,35943
60000,78,53912,21201,106.0,6088,53912
80000,78,71808,22884,114.42,8192,71808
100000,78,89924,24340,121.7,10076,89924
2,79,1,1,0.01,1,1
3,79,3,2,0.01,0,3
100,79,95,64,0.32,5,95
200,79,182,110,0.55,18,182
2000,79,1789,1041,5.2,211,1789
10000,79,8990,1350,6.75,1010,8990
20000,79,17949,6708,33.54,2051,17949
40000,79,35848,21443,107.21,4152,35848
60000,79,53865,17179,85.89,6135,53865
80000,79,71827,16014,80.07,8173,71827
100000,79,89882,38747,193.73,10118,89882
2,80,2,1,0.01,0,2
3,80,3,2,0.01,0,3
100,80,84,41,0.21,16,84
200,80,186,121,0.61,14,186
2000,80,1785,992,4.96,215,1785
10000,80,8991,5033,25.16,1009,8991
20000,80,17866,8433,42.17,2134,17866
40000,80,35956,10944,54.72,4044,35956
60000,80,53874,14913,74.57,6126,53874
80000,80,71946,22199,110.99,8054,71946
100000,80,90031,21487,107.43,9969,90031
2,81,2,1,0.01,0,2
3,81,3,2,0.01,0,3
100,81,92,61,0.31,8,92
200,81,178,150,0.75,22,178
2000,81,1799,808,4.04,201,1799
10000,81,8977,2183,10.92,1023,8977
20000,81,17964,10357,51.79,2036,17964
40000,81,35976,13676,68.38,4024,35976
60000,81,53859,17711,88.55,6141,53859
80000,81,72016,24628,123.14,7984,72016
100000,81,89794,15653,78.27,10206,89794
2,82,1,1,0.01,1,1
3,82,3,2,0.01,0,3
100,82,89,63,0.32,11,89
200,82,180,98,0.49,20,180
2000,82,1808,1072,5.36,192,1808
10000,82,8964,4551,22.75,1036,8964
20000,82,17981,6474,32.37,2019,17981
40000,82,36064,11770,58.85,3936,36064
60000,82,53844,24885,124.42,6156,53844
80000,82,71868,28573,142.86,8132,71868
100000,82,89852,23487,117.43,10148,89852
2,83,1,1,0.01,1,1
3,83,3,2,0.01,0,3
100,83,82,36,0.18,18,82
200,83,177,59,0.3,23,177
2000,83,1787,784,3.92,213,1787
10000,83,8914,5778,28.89,1086,8914
20000,83,17995,5808,29.04,2005,17995
40000,83,35935,11687,58.44,4065,35935
60000,83,53884,14729,73.65,6116,53884
80000,83,72016,16197,80.98,7984,72016
100000,83,89945,23469,117.34,10055,89945
2,84,2,1,0.01,0,2
3,84,2,2,0.01,1,2
100,84,89,66,0.33,11,89
200,84,181,95,0.48,19,181
2000,84,1802,1073,5.36,198,1802
10000,84,9007,4795,23.97,993,9007
20000,84,17965,5951,29.75,2035,17965
40000,84,35930,20057,100.28,4070,35930
60000,84,53986,14195,70.98,6014,53986
80000,84,71856,21627,108.13,8144,71856
100000,84,89862,28065,140.32,10138,89862
2,85,2,1,0.01,0,2
3,85,3,2,0.01,0,3
100,85,88,45,0.23,12,88
200,85,174,170,0.85,26,174
2000,85,1785,894,4.47,215,1785
10000,85,8967,5784,28.92,1033,8967
20000,85,18060,6345,31.72,1940,18060
40000,85,35912,15385,76.93,4088,35912
60000,85,53792,15024,75.12,6208,53792
80000,85,71873,21334,106.67,8127,71873
100000,85,90119,16102,80.51,9881,90119
2,86,2,1,0.01,0,2
3,86,3,2,0.01,0,3
100,86,89,47,0.24,11,89
200,86,174,138,0.69,26,174
2000,86,1790,672,3.36,210,1790
10000,86,8977,3329,16.65,1023,8977
20000,86,17972,6266,31.33,2028,17972
40000,86,35889,16262,81.31,4111,35889
60000,86,53963,17081,85.4,6037,53963
80000,86,71890,18324,91.62,8110,71890
100000,86,90047,22158,110.79,9953,90047
2,87,2,1,0.01,0,2
3,87,3,2,0.01,0,3
100,87,89,50,0.25,11,89
200,87,183,91,0.46,17,183
2000,87,1781,292,1.46,219,1781
10000,87,8998,2760,13.8,1002,8998
20000,87,17952,5998,29.99,2048,17952
40000,87,35932,15228,76.14,4068,35932
60000,87,53975,12791,63.96,6025,53975
80000,87,71939,15656,78.28,8061,71939
100000,87,89824,30611,153.05,10176,89824
2,88,2,1,0.01,0,2
3,88,3,2,0.01,0,3
100,88,90,55,0.28,10,90
200,88,181,52,0.26,19,181
2000,88,1784,856,4.28,216,1784
10000,88,9016,6095,30.47,984,9016
20000,88,17989,4661,23.3,2011,17989
40000,88,35919,12555,62.78,4081,35919
60000,88,53894,11385,56.93,6106,53894
80000,88,71723,30930,154.65,8277,71723
100000,88,89697,22249,111.24,10303,89697
2,89,2,1,0.01,0,2
3,89,2,1,0.01,1,2
100,89,95,36,0.18,5,95
200,89,179,125,0.63,21,179
2000,89,1779,762,3.81,221,1779
10000,89,8944,5772,28.86,1056,8944
20000,89,17969,7821,39.11,2031,17969
40000,89,35851,9006,45.03,4149,35851
60000,89,53928,22872,114.36,6072,53928
80000,89,71912,20238,101.19,8088,71912
100000,89,89953,24293,121.46,10047,89953
2,90,2,1,0.01,0,2
3,90,3,2,0.01,0,3
100,90,90,20,0.1,10,90
200,90,180,117,0.59,20,180
2000,90,1792,1329,6.64,208,1792
10000,90,8977,4170,20.85,1023,8977
20000,90,17902,6937,34.68,2098,17902
40000,90,35993,10018,50.09,4007,35993
60000,90,54096,18257,91.28,5904,54096
80000,90,71948,7320,36.6,8052,71948
100000,90,89997,24714,123.57,10003,89997
2,91,2,1,0.01,0,2
3,91,3,2,0.01,0,3
100,91,88,21,0.11,12,88
200,91,184,39,0.2,16,184
2000,91,1812,676,3.38,188,1812
10000,91,8965,3976,19.88,1035,8965
20000,91,18008,6291,31.45,1992,18008
40000,91,35990,11565,57.83,4010,35990
60000,91,53950,9773,48.87,6050,53950
80000,91,71734,26084,130.42,8266,71734
100000,91,89741,33941,169.7,10259,89741
2,92,2,1,0.01,0,2
3,92,2,1,0.01,1,2
100,92,85,36,0.18,15,85
200,92,183,69,0.35,17,183
2000,92,1805,381,1.9,195,1805
10000,92,8996,3757,18.79,1004,8996
20000,92,17974,5065,25.32,2026,17974
40000,92,36014,17097,85.48,3986,36014
60000,92,53814,17966,89.83,6186,53814
80000,92,71949,21924,109.62,8051,71949
100000,92,89821,19298,96.49,10179,89821
2,93,2,1,0.01,0,2
3,93,2,2,0.01,1,2
100,93,95,52,0.26,5,95
200,93,180,187,0.94,20,180
2000,93,1816,1343,6.71,184,1816
10000,93,8973,4739,23.69,1027,8973
20000,93,17968,6959,34.79,2032,17968
40000,93,35945,15355,76.78,4055,35945
60000,93,53843,23778,118.89,6157,53843
80000,93,71915,35563,177.81,8085,71915
100000,93,89854,40665,203.32,10146,89854
2,94,2,1,0.01,0,2
3,94,3,2,0.01,0,3
100,94,94,58,0.29,6,94
200,94,180,32,0.16,20,180
2000,94,1767,855,4.27,233,1767
10000,94,8995,5379,26.89,1005,8995
20000,94,17957,8788,43.94,2043,17957
40000,94,35948,14157,70.79,4052,35948
60000,94,53952,15665,78.33,6048,53952
80000,94,71976,20185,100.92,8024,71976
100000,94,89893,25121,125.6,10107,89893
2,95,2,1,0.01,0,2
3,95,3,2,0.01,0,3
100,95,89,49,0.25,11,89
200,95,181,39,0.2,19,181
2000,95,1805,1313,6.56,195,1805
10000,95,8991,4165,20.83,1009,8991
20000,95,17897,10071,50.36,2103,17897
40000,95,35976,6928,34.64,4024,35976
60000,95,53775,15010,75.05,6225,53775
80000,95,71913,20039,100.19,8087,71913
100000,95,89752,27366,136.83,10248,89752
2,96,1,1,0.01,1,1
3,96,3,2,0.01,0,3
100,96,95,41,0.21,5,95
200,96,173,77,0.39,27,173
2000,96,1813,791,3.95,187,1813
10000,96,8991,4000,20.0,1009,8991
20000,96,17951,6348,31.74,2049,17951
40000,96,35999,8934,44.67,4001,35999
60000,96,53823,15180,75.9,6177,53823
80000,96,71853,33621,168.1,8147,71853
100000,96,89981,29641,148.2,10019,89981
2,97,2,1,0.01,0,2
3,97,2,1,0.01,1,2
100,97,90,81,0.41,10,90
200,97,180,54,0.27,20,180
2000,97,1820,1346,6.73,180,1820
10000,97,8973,3697,18.49,1027,8973
20000,97,17998,5972,29.86,2002,17998
40000,97,35925,19984,99.92,4075,35925
60000,97,53894,17465,87.32,6106,53894
80000,97,71789,23588,117.94,8211,71789
100000,97,89699,27440,137.2,10301,89699
2,98,1,1,0.01,1,1
3,98,3,2,0.01,0,3
100,98,96,65,0.33,4,96
200,98,177,105,0.53,23,177
2000,98,1787,977,4.88,213,1787
10000,98,8959,2559,12.8,1041,8959
20000,98,17957,7207,36.03,2043,17957
40000,98,36042,14135,70.68,3958,36042
60000,98,53929,17122,85.61,6071,53929
80000,98,72052,23848,119.24,7948,72052
100000,98,89812,38306,191.53,10188,89812
2,99,1,1,0.01,1,1
3,99,2,2,0.01,1,2
100,99,90,80,0.4,10,90
200,99,180,103,0.52,20,180
2000,99,1799,1006,5.03,201,1799
10000,99,8967,4050,20.25,1033,8967
20000,99,18012,8841,44.21,1988,18012
40000,99,35905,16265,81.32,4095,35905
60000,99,53823,25927,129.63,6177,53823
80000,99,71826,22482,112.41,8174,71826
100000,99,89742,28952,144.76,10258,89742
2,100,2,1,0.01,0,2
3,100,3,2,0.01,0,3
100,100,90,64,0.32,10,90
200,100,183,67,0.34,17,183
2000,100,1790,1228,6.14,210,1790
10000,100,8940,2881,14.41,1060,8940
20000,100,17933,5454,27.27,2067,17933
40000,100,35845,11481,57.41,4155,35845
60000,100,53887,11941,59.71,6113,53887
80000,100,71862,19493,97.46,8138,71862
100000,100,89952,39378,196.89,10048,89952
