Time Horizon,Iteration,Total Reward,Suboptimal Arms Count,Total Regret,Zeros Count,Ones Count
2,1,1,1,0.1,1,1
3,1,3,1,0.1,0,3
100,1,82,39,3.9,18,82
200,1,173,60,6.0,27,173
2000,1,1772,311,31.1,228,1772
10000,1,8906,946,94.6,1094,8906
20000,1,17821,1350,135.0,2179,17821
40000,1,35939,1777,177.7,4061,35939
60000,1,53758,1673,167.3,6242,53758
80000,1,71910,1557,155.7,8090,71910
100000,1,89910,1427,142.7,10090,89910
2,2,1,1,0.1,1,1
3,2,3,1,0.1,0,3
100,2,84,42,4.2,16,84
200,2,175,57,5.7,25,175
2000,2,1759,415,41.5,241,1759
10000,2,8941,617,61.7,1059,8941
20000,2,17857,997,99.7,2143,17857
40000,2,35836,1389,138.9,4164,35836
60000,2,54013,1748,174.8,5987,54013
80000,2,71759,1347,134.7,8241,71759
100000,2,89829,1819,181.9,10171,89829
2,3,2,1,0.1,0,2
3,3,3,1,0.1,0,3
100,3,90,44,4.4,10,90
200,3,175,36,3.6,25,175
2000,3,1770,262,26.2,230,1770
10000,3,8856,764,76.4,1144,8856
20000,3,17898,956,95.6,2102,17898
40000,3,35790,1494,149.4,4210,35790
60000,3,53807,1766,176.6,6193,53807
80000,3,71801,1399,139.9,8199,71801
100000,3,89768,1636,163.6,10232,89768
2,4,2,1,0.1,0,2
3,4,1,1,0.1,2,1
100,4,89,48,4.8,11,89
200,4,183,65,6.5,17,183
2000,4,1765,274,27.4,235,1765
10000,4,8875,999,99.9,1125,8875
20000,4,17999,1130,113.0,2001,17999
40000,4,35746,1337,133.7,4254,35746
60000,4,53899,1722,172.2,6101,53899
80000,4,71788,1621,162.1,8212,71788
100000,4,89790,1497,149.7,10210,89790
2,5,2,1,0.1,0,2
3,5,0,1,0.1,3,0
100,5,82,39,3.9,18,82
200,5,167,80,8.0,33,167
2000,5,1758,437,43.7,242,1758
10000,5,8936,664,66.4,1064,8936
20000,5,17919,1026,102.6,2081,17919
40000,5,35821,994,99.4,4179,35821
60000,5,53720,1219,121.9,6280,53720
80000,5,71818,1944,194.4,8182,71818
100000,5,89823,1274,127.4,10177,89823
2,6,1,1,0.1,1,1
3,6,3,1,0.1,0,3
100,6,77,25,2.5,23,77
200,6,170,66,6.6,30,170
2000,6,1756,296,29.6,244,1756
10000,6,8897,984,98.4,1103,8897
20000,6,17857,783,78.3,2143,17857
40000,6,35875,1334,133.4,4125,35875
60000,6,53815,1618,161.8,6185,53815
80000,6,71816,2092,209.2,8184,71816
100000,6,89836,1506,150.6,10164,89836
2,7,2,1,0.1,0,2
3,7,1,1,0.1,2,1
100,7,86,36,3.6,14,86
200,7,173,59,5.9,27,173
2000,7,1747,451,45.1,253,1747
10000,7,8879,937,93.7,1121,8879
20000,7,17950,1232,123.2,2050,17950
40000,7,35950,1306,130.6,4050,35950
60000,7,53888,1476,147.6,6112,53888
80000,7,71874,1327,132.7,8126,71874
100000,7,89977,1809,180.9,10023,89977
2,8,1,1,0.1,1,1
3,8,3,1,0.1,0,3
100,8,90,48,4.8,10,90
200,8,172,64,6.4,28,172
2000,8,1755,342,34.2,245,1755
10000,8,8925,769,76.9,1075,8925
20000,8,17873,1077,107.7,2127,17873
40000,8,35933,1572,157.2,4067,35933
60000,8,53904,1154,115.4,6096,53904
80000,8,71947,1875,187.5,8053,71947
100000,8,89769,1536,153.6,10231,89769
2,9,2,1,0.1,0,2
3,9,3,1,0.1,0,3
100,9,86,50,5.0,14,86
200,9,178,90,9.0,22,178
2000,9,1720,311,31.1,280,1720
10000,9,8946,695,69.5,1054,8946
20000,9,17907,1260,126.0,2093,17907
40000,9,35905,1236,123.6,4095,35905
60000,9,53734,1726,172.6,6266,53734
80000,9,71687,1839,183.9,8313,71687
100000,9,89783,1569,156.9,10217,89783
2,10,2,1,0.1,0,2
3,10,3,1,0.1,0,3
100,10,90,41,4.1,10,90
200,10,173,54,5.4,27,173
2000,10,1745,455,45.5,255,1745
10000,10,8878,968,96.8,1122,8878
20000,10,17859,1143,114.3,2141,17859
40000,10,35865,1671,167.1,4135,35865
60000,10,53836,1585,158.5,6164,53836
80000,10,71914,1852,185.2,8086,71914
100000,10,89894,1295,129.5,10106,89894
2,11,1,1,0.1,1,1
3,11,3,1,0.1,0,3
100,11,87,34,3.4,13,87
200,11,175,68,6.8,25,175
2000,11,1770,463,46.3,230,1770
10000,11,8922,813,81.3,1078,8922
20000,11,17902,1200,120.0,2098,17902
40000,11,35826,1177,117.7,4174,35826
60000,11,53746,1273,127.3,6254,53746
80000,11,71886,1253,125.3,8114,71886
100000,11,89929,1770,177.0,10071,89929
2,12,2,1,0.1,0,2
3,12,2,1,0.1,1,2
100,12,88,34,3.4,12,88
200,12,172,60,6.0,28,172
2000,12,1755,416,41.6,245,1755
10000,12,8888,761,76.1,1112,8888
20000,12,17869,1453,145.3,2131,17869
40000,12,36100,1537,153.7,3900,36100
60000,12,53745,1420,142.0,6255,53745
80000,12,71714,2538,253.8,8286,71714
100000,12,89844,2162,216.2,10156,89844
2,13,2,1,0.1,0,2
3,13,2,1,0.1,1,2
100,13,90,30,3.0,10,90
200,13,178,85,8.5,22,178
2000,13,1765,440,44.0,235,1765
10000,13,8908,803,80.3,1092,8908
20000,13,17822,1294,129.4,2178,17822
40000,13,35825,1365,136.5,4175,35825
60000,13,53839,1225,122.5,6161,53839
80000,13,71829,1180,118.0,8171,71829
100000,13,89845,1639,163.9,10155,89845
2,14,1,1,0.1,1,1
3,14,2,1,0.1,1,2
100,14,90,43,4.3,10,90
200,14,178,58,5.8,22,178
2000,14,1781,446,44.6,219,1781
10000,14,8985,785,78.5,1015,8985
20000,14,17855,1130,113.0,2145,17855
40000,14,35850,1800,180.0,4150,35850
60000,14,53872,1381,138.1,6128,53872
80000,14,71759,1764,176.4,8241,71759
100000,14,89811,1698,169.8,10189,89811
2,15,2,1,0.1,0,2
3,15,2,1,0.1,1,2
100,15,87,33,3.3,13,87
200,15,175,60,6.0,25,175
2000,15,1776,409,40.9,224,1776
10000,15,8934,688,68.8,1066,8934
20000,15,17867,1328,132.8,2133,17867
40000,15,35958,1532,153.2,4042,35958
60000,15,53797,1761,176.1,6203,53797
80000,15,71946,1643,164.3,8054,71946
100000,15,89807,1846,184.6,10193,89807
2,16,2,1,0.1,0,2
3,16,3,1,0.1,0,3
100,16,93,41,4.1,7,93
200,16,172,69,6.9,28,172
2000,16,1745,375,37.5,255,1745
10000,16,8883,923,92.3,1117,8883
20000,16,17897,1170,117.0,2103,17897
40000,16,35928,1388,138.8,4072,35928
60000,16,53895,1588,158.8,6105,53895
80000,16,71897,1773,177.3,8103,71897
100000,16,89902,1608,160.8,10098,89902
2,17,2,1,0.1,0,2
3,17,3,1,0.1,0,3
100,17,82,34,3.4,18,82
200,17,179,81,8.1,21,179
2000,17,1768,389,38.9,232,1768
10000,17,8894,1142,114.2,1106,8894
20000,17,17893,1175,117.5,2107,17893
40000,17,35900,1263,126.3,4100,35900
60000,17,53895,1430,143.0,6105,53895
80000,17,71999,1071,107.1,8001,71999
100000,17,89721,1997,199.7,10279,89721
2,18,1,1,0.1,1,1
3,18,2,1,0.1,1,2
100,18,88,52,5.2,12,88
200,18,175,68,6.8,25,175
2000,18,1779,388,38.8,221,1779
10000,18,8886,1092,109.2,1114,8886
20000,18,17881,1111,111.1,2119,17881
40000,18,35833,1676,167.6,4167,35833
60000,18,53813,1848,184.8,6187,53813
80000,18,71705,1967,196.7,8295,71705
100000,18,89716,1991,199.1,10284,89716
2,19,2,1,0.1,0,2
3,19,3,1,0.1,0,3
100,19,83,43,4.3,17,83
200,19,170,77,7.7,30,170
2000,19,1770,395,39.5,230,1770
10000,19,8903,1072,107.2,1097,8903
20000,19,17885,1132,113.2,2115,17885
40000,19,35770,1632,163.2,4230,35770
60000,19,53894,1127,112.7,6106,53894
80000,19,71662,1665,166.5,8338,71662
100000,19,89672,1679,167.9,10328,89672
2,20,2,1,0.1,0,2
3,20,3,1,0.1,0,3
100,20,90,41,4.1,10,90
200,20,174,66,6.6,26,174
2000,20,1747,382,38.2,253,1747
10000,20,8891,929,92.9,1109,8891
20000,20,17882,1461,146.1,2118,17882
40000,20,35963,1258,125.8,4037,35963
60000,20,53951,1726,172.6,6049,53951
80000,20,71864,1325,132.5,8136,71864
100000,20,89817,1888,188.8,10183,89817
2,21,2,1,0.1,0,2
3,21,3,1,0.1,0,3
100,21,90,30,3.0,10,90
200,21,169,82,8.2,31,169
2000,21,1746,252,25.2,254,1746
10000,21,8970,1001,100.1,1030,8970
20000,21,17934,1067,106.7,2066,17934
40000,21,35875,1281,128.1,4125,35875
60000,21,53889,1438,143.8,6111,53889
80000,21,71877,1797,179.7,8123,71877
100000,21,89789,1526,152.6,10211,89789
2,22,2,1,0.1,0,2
3,22,3,1,0.1,0,3
100,22,86,43,4.3,14,86
200,22,167,63,6.3,33,167
2000,22,1746,305,30.5,254,1746
10000,22,9006,838,83.8,994,9006
20000,22,17925,1712,171.2,2075,17925
40000,22,35834,1520,152.0,4166,35834
60000,22,53862,1560,156.0,6138,53862
80000,22,71741,1883,188.3,8259,71741
100000,22,89832,1954,195.4,10168,89832
2,23,1,1,0.1,1,1
3,23,2,1,0.1,1,2
100,23,93,47,4.7,7,93
200,23,172,90,9.0,28,172
2000,23,1777,399,39.9,223,1777
10000,23,8976,747,74.7,1024,8976
20000,23,17875,1151,115.1,2125,17875
40000,23,35948,1245,124.5,4052,35948
60000,23,53839,1630,163.0,6161,53839
80000,23,71872,2136,213.6,8128,71872
100000,23,89801,1738,173.8,10199,89801
2,24,2,1,0.1,0,2
3,24,2,1,0.1,1,2
100,24,88,39,3.9,12,88
200,24,170,55,5.5,30,170
2000,24,1769,280,28.0,231,1769
10000,24,8961,764,76.4,1039,8961
20000,24,17946,910,91.0,2054,17946
40000,24,35935,1467,146.7,4065,35935
60000,24,53861,1409,140.9,6139,53861
80000,24,71973,1974,197.4,8027,71973
100000,24,89755,1703,170.3,10245,89755
2,25,2,1,0.1,0,2
3,25,3,1,0.1,0,3
100,25,83,36,3.6,17,83
200,25,169,44,4.4,31,169
2000,25,1755,322,32.2,245,1755
10000,25,8884,1002,100.2,1116,8884
20000,25,17889,1250,125.0,2111,17889
40000,25,35920,1191,119.1,4080,35920
60000,25,53912,1417,141.7,6088,53912
80000,25,71829,1691,169.1,8171,71829
100000,25,89698,1662,166.2,10302,89698
2,26,2,1,0.1,0,2
3,26,2,1,0.1,1,2
100,26,91,37,3.7,9,91
200,26,175,65,6.5,25,175
2000,26,1753,447,44.7,247,1753
10000,26,8954,684,68.4,1046,8954
20000,26,17833,1374,137.4,2167,17833
40000,26,35935,891,89.1,4065,35935
60000,26,53994,1742,174.2,6006,53994
80000,26,71724,1177,117.7,8276,71724
100000,26,89883,1634,163.4,10117,89883
2,27,2,1,0.1,0,2
3,27,2,1,0.1,1,2
100,27,84,35,3.5,16,84
200,27,173,84,8.4,27,173
2000,27,1768,534,53.4,232,1768
10000,27,8918,674,67.4,1082,8918
20000,27,17874,980,98.0,2126,17874
40000,27,35878,959,95.9,4122,35878
60000,27,53939,1673,167.3,6061,53939
80000,27,71781,2279,227.9,8219,71781
100000,27,89774,2100,210.0,10226,89774
2,28,2,1,0.1,0,2
3,28,3,1,0.1,0,3
100,28,82,46,4.6,18,82
200,28,177,49,4.9,23,177
2000,28,1762,270,27.0,238,1762
10000,28,8855,1134,113.4,1145,8855
20000,28,17899,958,95.8,2101,17899
40000,28,35894,1343,134.3,4106,35894
60000,28,53960,937,93.7,6040,53960
80000,28,71900,1849,184.9,8100,71900
100000,28,89846,2001,200.1,10154,89846
2,29,2,1,0.1,0,2
3,29,2,1,0.1,1,2
100,29,86,59,5.9,14,86
200,29,176,102,10.2,24,176
2000,29,1752,308,30.8,248,1752
10000,29,8898,897,89.7,1102,8898
20000,29,17861,1214,121.4,2139,17861
40000,29,35857,1536,153.6,4143,35857
60000,29,53735,1798,179.8,6265,53735
80000,29,71742,2018,201.8,8258,71742
100000,29,89733,1934,193.4,10267,89733
2,30,2,1,0.1,0,2
3,30,3,1,0.1,0,3
100,30,85,42,4.2,15,85
200,30,170,93,9.3,30,170
2000,30,1756,375,37.5,244,1756
10000,30,8957,915,91.5,1043,8957
20000,30,17887,918,91.8,2113,17887
40000,30,35783,1744,174.4,4217,35783
60000,30,53768,1403,140.3,6232,53768
80000,30,71971,1781,178.1,8029,71971
100000,30,89699,1691,169.1,10301,89699
2,31,2,1,0.1,0,2
3,31,3,1,0.1,0,3
100,31,86,29,2.9,14,86
200,31,169,55,5.5,31,169
2000,31,1752,444,44.4,248,1752
10000,31,8923,1040,104.0,1077,8923
20000,31,17893,1056,105.6,2107,17893
40000,31,35941,1299,129.9,4059,35941
60000,31,53859,1558,155.8,6141,53859
80000,31,71918,1092,109.2,8082,71918
100000,31,89812,1758,175.8,10188,89812
2,32,2,1,0.1,0,2
3,32,3,1,0.1,0,3
100,32,87,28,2.8,13,87
200,32,171,86,8.6,29,171
2000,32,1772,265,26.5,228,1772
10000,32,8910,1179,117.9,1090,8910
20000,32,17871,1122,112.2,2129,17871
40000,32,35835,1456,145.6,4165,35835
60000,32,53817,1531,153.1,6183,53817
80000,32,71777,1956,195.6,8223,71777
100000,32,89827,1819,181.9,10173,89827
2,33,2,1,0.1,0,2
3,33,3,1,0.1,0,3
100,33,80,50,5.0,20,80
200,33,173,79,7.9,27,173
2000,33,1766,311,31.1,234,1766
10000,33,8931,725,72.5,1069,8931
20000,33,17941,1281,128.1,2059,17941
40000,33,35832,1365,136.5,4168,35832
60000,33,53847,1711,171.1,6153,53847
80000,33,71715,1314,131.4,8285,71715
100000,33,89776,1789,178.9,10224,89776
2,34,2,1,0.1,0,2
3,34,1,1,0.1,2,1
100,34,90,25,2.5,10,90
200,34,171,80,8.0,29,171
2000,34,1763,423,42.3,237,1763
10000,34,8911,828,82.8,1089,8911
20000,34,17806,1282,128.2,2194,17806
40000,34,35744,1510,151.0,4256,35744
60000,34,53834,1902,190.2,6166,53834
80000,34,71955,1952,195.2,8045,71955
100000,34,89866,1663,166.3,10134,89866
2,35,2,1,0.1,0,2
3,35,3,1,0.1,0,3
100,35,82,32,3.2,18,82
200,35,172,69,6.9,28,172
2000,35,1757,400,40.0,243,1757
10000,35,8916,983,98.3,1084,8916
20000,35,17883,1058,105.8,2117,17883
40000,35,35783,1675,167.5,4217,35783
60000,35,53796,1196,119.6,6204,53796
80000,35,71806,1622,162.2,8194,71806
100000,35,89828,1650,165.0,10172,89828
2,36,2,1,0.1,0,2
3,36,2,2,0.2,1,2
100,36,89,39,3.9,11,89
200,36,168,86,8.6,32,168
2000,36,1775,478,47.8,225,1775
10000,36,8879,920,92.0,1121,8879
20000,36,17917,921,92.1,2083,17917
40000,36,35796,1329,132.9,4204,35796
60000,36,53787,1553,155.3,6213,53787
80000,36,71765,1465,146.5,8235,71765
100000,36,89802,1674,167.4,10198,89802
2,37,2,1,0.1,0,2
3,37,2,1,0.1,1,2
100,37,86,43,4.3,14,86
200,37,168,54,5.4,32,168
2000,37,1755,425,42.5,245,1755
10000,37,8977,783,78.3,1023,8977
20000,37,17871,981,98.1,2129,17871
40000,37,35894,1236,123.6,4106,35894
60000,37,53800,1563,156.3,6200,53800
80000,37,71799,1586,158.6,8201,71799
100000,37,89739,1639,163.9,10261,89739
2,38,2,1,0.1,0,2
3,38,3,1,0.1,0,3
100,38,86,36,3.6,14,86
200,38,173,103,10.3,27,173
2000,38,1778,362,36.2,222,1778
10000,38,8955,644,64.4,1045,8955
20000,38,17883,1341,134.1,2117,17883
40000,38,35778,901,90.1,4222,35778
60000,38,53859,1395,139.5,6141,53859
80000,38,71742,1556,155.6,8258,71742
100000,38,89755,1730,173.0,10245,89755
2,39,2,1,0.1,0,2
3,39,3,1,0.1,0,3
100,39,83,37,3.7,17,83
200,39,164,59,5.9,36,164
2000,39,1765,392,39.2,235,1765
10000,39,8893,638,63.8,1107,8893
20000,39,17846,1238,123.8,2154,17846
40000,39,35957,994,99.4,4043,35957
60000,39,53905,2172,217.2,6095,53905
80000,39,71836,2040,204.0,8164,71836
100000,39,89805,1702,170.2,10195,89805
2,40,2,1,0.1,0,2
3,40,3,1,0.1,0,3
100,40,88,34,3.4,12,88
200,40,174,69,6.9,26,174
2000,40,1742,332,33.2,258,1742
10000,40,8819,1118,111.8,1181,8819
20000,40,17903,1116,111.6,2097,17903
40000,40,35864,855,85.5,4136,35864
60000,40,53719,1700,170.0,6281,53719
80000,40,71739,1482,148.2,8261,71739
100000,40,89983,1781,178.1,10017,89983
2,41,1,1,0.1,1,1
3,41,3,1,0.1,0,3
100,41,84,39,3.9,16,84
200,41,177,38,3.8,23,177
2000,41,1766,431,43.1,234,1766
10000,41,8920,667,66.7,1080,8920
20000,41,17910,1105,110.5,2090,17910
40000,41,35888,1225,122.5,4112,35888
60000,41,53659,1942,194.2,6341,53659
80000,41,71894,1989,198.9,8106,71894
100000,41,89910,1721,172.1,10090,89910
2,42,2,1,0.1,0,2
3,42,3,1,0.1,0,3
100,42,82,33,3.3,18,82
200,42,174,87,8.7,26,174
2000,42,1780,523,52.3,220,1780
10000,42,8966,833,83.3,1034,8966
20000,42,17935,864,86.4,2065,17935
40000,42,35815,1658,165.8,4185,35815
60000,42,53758,1352,135.2,6242,53758
80000,42,71894,1671,167.1,8106,71894
100000,42,89728,2463,246.3,10272,89728
2,43,2,1,0.1,0,2
3,43,2,2,0.2,1,2
100,43,84,23,2.3,16,84
200,43,172,60,6.0,28,172
2000,43,1762,313,31.3,238,1762
10000,43,8928,671,67.1,1072,8928
20000,43,17797,1053,105.3,2203,17797
40000,43,35867,1483,148.3,4133,35867
60000,43,53866,1578,157.8,6134,53866
80000,43,71702,1995,199.5,8298,71702
100000,43,89874,1975,197.5,10126,89874
2,44,2,1,0.1,0,2
3,44,3,1,0.1,0,3
100,44,89,34,3.4,11,89
200,44,174,81,8.1,26,174
2000,44,1760,312,31.2,240,1760
10000,44,8894,1040,104.0,1106,8894
20000,44,17890,1310,131.0,2110,17890
40000,44,35820,1834,183.4,4180,35820
60000,44,53790,1900,190.0,6210,53790
80000,44,71744,1771,177.1,8256,71744
100000,44,89910,1523,152.3,10090,89910
2,45,2,1,0.1,0,2
3,45,1,2,0.2,2,1
100,45,79,39,3.9,21,79
200,45,178,75,7.5,22,178
2000,45,1737,434,43.4,263,1737
10000,45,8924,799,79.9,1076,8924
20000,45,17853,1075,107.5,2147,17853
40000,45,35803,1221,122.1,4197,35803
60000,45,53894,1312,131.2,6106,53894
80000,45,71899,1505,150.5,8101,71899
100000,45,89808,1955,195.5,10192,89808
2,46,1,1,0.1,1,1
3,46,3,1,0.1,0,3
100,46,82,38,3.8,18,82
200,46,168,62,6.2,32,168
2000,46,1759,535,53.5,241,1759
10000,46,8916,793,79.3,1084,8916
20000,46,17914,970,97.0,2086,17914
40000,46,35998,1362,136.2,4002,35998
60000,46,53757,1762,176.2,6243,53757
80000,46,71908,1832,183.2,8092,71908
100000,46,89735,2256,225.6,10265,89735
2,47,2,1,0.1,0,2
3,47,3,1,0.1,0,3
100,47,81,50,5.0,19,81
200,47,175,76,7.6,25,175
2000,47,1749,479,47.9,251,1749
10000,47,8900,575,57.5,1100,8900
20000,47,17935,848,84.8,2065,17935
40000,47,35959,1295,129.5,4041,35959
60000,47,53913,1229,122.9,6087,53913
80000,47,71763,1393,139.3,8237,71763
100000,47,89990,1536,153.6,10010,89990
2,48,1,1,0.1,1,1
3,48,2,1,0.1,1,2
100,48,86,40,4.0,14,86
200,48,170,65,6.5,30,170
2000,48,1742,406,40.6,258,1742
10000,48,8956,685,68.5,1044,8956
20000,48,17916,941,94.1,2084,17916
40000,48,35825,1338,133.8,4175,35825
60000,48,53862,1752,175.2,6138,53862
80000,48,71839,1398,139.8,8161,71839
100000,48,89860,1679,167.9,10140,89860
2,49,2,1,0.1,0,2
3,49,3,1,0.1,0,3
100,49,87,44,4.4,13,87
200,49,166,79,7.9,34,166
2000,49,1766,268,26.8,234,1766
10000,49,8936,876,87.6,1064,8936
20000,49,18020,944,94.4,1980,18020
40000,49,35846,1080,108.0,4154,35846
60000,49,53847,1434,143.4,6153,53847
80000,49,71782,1344,134.4,8218,71782
100000,49,89956,1354,135.4,10044,89956
2,50,2,1,0.1,0,2
3,50,3,1,0.1,0,3
100,50,91,45,4.5,9,91
200,50,175,57,5.7,25,175
2000,50,1775,338,33.8,225,1775
10000,50,8902,1231,123.1,1098,8902
20000,50,17951,904,90.4,2049,17951
40000,50,35857,1112,111.2,4143,35857
60000,50,53861,1388,138.8,6139,53861
80000,50,71812,1542,154.2,8188,71812
100000,50,89898,1866,186.6,10102,89898
2,51,2,1,0.1,0,2
3,51,2,1,0.1,1,2
100,51,89,45,4.5,11,89
200,51,173,91,9.1,27,173
2000,51,1743,483,48.3,257,1743
10000,51,8884,569,56.9,1116,8884
20000,51,17802,1128,112.8,2198,17802
40000,51,35705,1848,184.8,4295,35705
60000,51,53908,1334,133.4,6092,53908
80000,51,71819,1236,123.6,8181,71819
100000,51,89924,1710,171.0,10076,89924
2,52,2,1,0.1,0,2
3,52,2,1,0.1,1,2
100,52,84,45,4.5,16,84
200,52,174,50,5.0,26,174
2000,52,1761,334,33.4,239,1761
10000,52,8854,1011,101.1,1146,8854
20000,52,17835,1333,133.3,2165,17835
40000,52,35840,1469,146.9,4160,35840
60000,52,53842,1268,126.8,6158,53842
80000,52,71831,1613,161.3,8169,71831
100000,52,89749,1681,168.1,10251,89749
2,53,2,1,0.1,0,2
3,53,2,1,0.1,1,2
100,53,87,44,4.4,13,87
200,53,170,67,6.7,30,170
2000,53,1749,461,46.1,251,1749
10000,53,8849,845,84.5,1151,8849
20000,53,17879,1242,124.2,2121,17879
40000,53,35804,841,84.1,4196,35804
60000,53,53903,1432,143.2,6097,53903
80000,53,71752,1697,169.7,8248,71752
100000,53,89953,1373,137.3,10047,89953
2,54,2,1,0.1,0,2
3,54,3,1,0.1,0,3
100,54,88,41,4.1,12,88
200,54,167,75,7.5,33,167
2000,54,1749,527,52.7,251,1749
10000,54,8902,693,69.3,1098,8902
20000,54,17915,1155,115.5,2085,17915
40000,54,35879,1105,110.5,4121,35879
60000,54,53783,1661,166.1,6217,53783
80000,54,71805,1829,182.9,8195,71805
100000,54,89974,1750,175.0,10026,89974
2,55,1,1,0.1,1,1
3,55,3,1,0.1,0,3
100,55,85,35,3.5,15,85
200,55,179,76,7.6,21,179
2000,55,1770,374,37.4,230,1770
10000,55,8971,686,68.6,1029,8971
20000,55,17944,907,90.7,2056,17944
40000,55,35873,1582,158.2,4127,35873
60000,55,53923,1809,180.9,6077,53923
80000,55,71874,2086,208.6,8126,71874
100000,55,89745,1724,172.4,10255,89745
2,56,2,1,0.1,0,2
3,56,3,1,0.1,0,3
100,56,86,41,4.1,14,86
200,56,176,73,7.3,24,176
2000,56,1770,381,38.1,230,1770
10000,56,8896,1100,110.0,1104,8896
20000,56,17828,1369,136.9,2172,17828
40000,56,35857,920,92.0,4143,35857
60000,56,53771,1653,165.3,6229,53771
80000,56,71791,1785,178.5,8209,71791
100000,56,89885,1828,182.8,10115,89885
2,57,2,1,0.1,0,2
3,57,3,1,0.1,0,3
100,57,81,37,3.7,19,81
200,57,174,60,6.0,26,174
2000,57,1758,401,40.1,242,1758
10000,57,8920,585,58.5,1080,8920
20000,57,17811,1093,109.3,2189,17811
40000,57,35824,1279,127.9,4176,35824
60000,57,53834,1231,123.1,6166,53834
80000,57,71861,1217,121.7,8139,71861
100000,57,89844,2175,217.5,10156,89844
2,58,2,1,0.1,0,2
3,58,2,1,0.1,1,2
100,58,85,49,4.9,15,85
200,58,169,76,7.6,31,169
2000,58,1768,365,36.5,232,1768
10000,58,8919,1201,120.1,1081,8919
20000,58,17909,957,95.7,2091,17909
40000,58,35952,1315,131.5,4048,35952
60000,58,53812,2003,200.3,6188,53812
80000,58,71629,2179,217.9,8371,71629
100000,58,89915,1504,150.4,10085,89915
2,59,2,1,0.1,0,2
3,59,3,1,0.1,0,3
100,59,88,51,5.1,12,88
200,59,165,67,6.7,35,165
2000,59,1761,407,40.7,239,1761
10000,59,8895,989,98.9,1105,8895
20000,59,17851,1161,116.1,2149,17851
40000,59,35954,1219,121.9,4046,35954
60000,59,53887,1675,167.5,6113,53887
80000,59,71740,1814,181.4,8260,71740
100000,59,89770,1689,168.9,10230,89770
2,60,2,1,0.1,0,2
3,60,3,1,0.1,0,3
100,60,88,53,5.3,12,88
200,60,178,62,6.2,22,178
2000,60,1757,442,44.2,243,1757
10000,60,8877,869,86.9,1123,8877
20000,60,17938,1033,103.3,2062,17938
40000,60,35892,1315,131.5,4108,35892
60000,60,53807,1296,129.6,6193,53807
80000,60,71823,1712,171.2,8177,71823
100000,60,89910,1530,153.0,10090,89910
2,61,2,1,0.1,0,2
3,61,3,1,0.1,0,3
100,61,91,37,3.7,9,91
200,61,173,57,5.7,27,173
2000,61,1770,408,40.8,230,1770
10000,61,8886,992,99.2,1114,8886
20000,61,17879,1011,101.1,2121,17879
40000,61,35770,2010,201.0,4230,35770
60000,61,53833,1356,135.6,6167,53833
80000,61,71851,1742,174.2,8149,71851
100000,61,89746,1649,164.9,10254,89746
2,62,0,1,0.1,2,0
3,62,2,1,0.1,1,2
100,62,82,39,3.9,18,82
200,62,181,61,6.1,19,181
2000,62,1765,375,37.5,235,1765
10000,62,8905,688,68.8,1095,8905
20000,62,17832,1065,106.5,2168,17832
40000,62,35913,1248,124.8,4087,35913
60000,62,53843,1469,146.9,6157,53843
80000,62,71869,1198,119.8,8131,71869
100000,62,89902,1282,128.2,10098,89902
2,63,2,1,0.1,0,2
3,63,2,1,0.1,1,2
100,63,91,40,4.0,9,91
200,63,172,82,8.2,28,172
2000,63,1760,291,29.1,240,1760
10000,63,8941,860,86.0,1059,8941
20000,63,17823,1020,102.0,2177,17823
40000,63,35951,1131,113.1,4049,35951
60000,63,53892,1350,135.0,6108,53892
80000,63,72012,1493,149.3,7988,72012
100000,63,89751,2206,220.6,10249,89751
2,64,2,1,0.1,0,2
3,64,3,1,0.1,0,3
100,64,86,40,4.0,14,86
200,64,178,87,8.7,22,178
2000,64,1767,367,36.7,233,1767
10000,64,8897,843,84.3,1103,8897
20000,64,17913,954,95.4,2087,17913
40000,64,35853,1327,132.7,4147,35853
60000,64,53959,1661,166.1,6041,53959
80000,64,72033,1344,134.4,7967,72033
100000,64,89945,1526,152.6,10055,89945
2,65,2,1,0.1,0,2
3,65,2,1,0.1,1,2
100,65,79,41,4.1,21,79
200,65,174,71,7.1,26,174
2000,65,1770,383,38.3,230,1770
10000,65,8927,771,77.1,1073,8927
20000,65,17913,1168,116.8,2087,17913
40000,65,35889,1427,142.7,4111,35889
60000,65,53809,1770,177.0,6191,53809
80000,65,71964,1765,176.5,8036,71964
100000,65,89847,1695,169.5,10153,89847
2,66,1,1,0.1,1,1
3,66,3,1,0.1,0,3
100,66,88,33,3.3,12,88
200,66,172,88,8.8,28,172
2000,66,1770,581,58.1,230,1770
10000,66,8918,857,85.7,1082,8918
20000,66,17937,793,79.3,2063,17937
40000,66,35886,1460,146.0,4114,35886
60000,66,53905,1651,165.1,6095,53905
80000,66,71950,1734,173.4,8050,71950
100000,66,89738,1544,154.4,10262,89738
2,67,2,1,0.1,0,2
3,67,2,1,0.1,1,2
100,67,83,40,4.0,17,83
200,67,170,100,10.0,30,170
2000,67,1766,386,38.6,234,1766
10000,67,8972,886,88.6,1028,8972
20000,67,17824,1061,106.1,2176,17824
40000,67,35863,1379,137.9,4137,35863
60000,67,53766,1447,144.7,6234,53766
80000,67,71669,2412,241.2,8331,71669
100000,67,89733,1675,167.5,10267,89733
2,68,2,1,0.1,0,2
3,68,2,2,0.2,1,2
100,68,92,44,4.4,8,92
200,68,167,71,7.1,33,167
2000,68,1738,284,28.4,262,1738
10000,68,8954,835,83.5,1046,8954
20000,68,17941,1036,103.6,2059,17941
40000,68,35947,1444,144.4,4053,35947
60000,68,53840,1498,149.8,6160,53840
80000,68,71788,1812,181.2,8212,71788
100000,68,89867,1810,181.0,10133,89867
2,69,1,1,0.1,1,1
3,69,3,1,0.1,0,3
100,69,89,46,4.6,11,89
200,69,171,80,8.0,29,171
2000,69,1752,393,39.3,248,1752
10000,69,8815,1525,152.5,1185,8815
20000,69,17978,1051,105.1,2022,17978
40000,69,35868,1379,137.9,4132,35868
60000,69,53635,1423,142.3,6365,53635
80000,69,71913,1488,148.8,8087,71913
100000,69,89814,2010,201.0,10186,89814
2,70,2,1,0.1,0,2
3,70,3,1,0.1,0,3
100,70,89,36,3.6,11,89
200,70,165,76,7.6,35,165
2000,70,1764,417,41.7,236,1764
10000,70,8868,1125,112.5,1132,8868
20000,70,17896,1525,152.5,2104,17896
40000,70,35895,1570,157.0,4105,35895
60000,70,53793,1404,140.4,6207,53793
80000,70,71900,1320,132.0,8100,71900
100000,70,89617,1701,170.1,10383,89617
2,71,2,1,0.1,0,2
3,71,3,1,0.1,0,3
100,71,86,41,4.1,14,86
200,71,172,81,8.1,28,172
2000,71,1773,398,39.8,227,1773
10000,71,8908,562,56.2,1092,8908
20000,71,17803,1180,118.0,2197,17803
40000,71,35911,1254,125.4,4089,35911
60000,71,53809,1928,192.8,6191,53809
80000,71,71838,1785,178.5,8162,71838
100000,71,89892,1996,199.6,10108,89892
2,72,2,1,0.1,0,2
3,72,3,1,0.1,0,3
100,72,87,49,4.9,13,87
200,72,166,49,4.9,34,166
2000,72,1778,424,42.4,222,1778
10000,72,8928,920,92.0,1072,8928
20000,72,17903,1156,115.6,2097,17903
40000,72,35975,1115,111.5,4025,35975
60000,72,53742,1869,186.9,6258,53742
80000,72,71840,1343,134.3,8160,71840
100000,72,89846,1547,154.7,10154,89846
2,73,2,1,0.1,0,2
3,73,3,1,0.1,0,3
100,73,81,40,4.0,19,81
200,73,175,81,8.1,25,175
2000,73,1747,399,39.9,253,1747
10000,73,8938,1122,112.2,1062,8938
20000,73,17856,1041,104.1,2144,17856
40000,73,35782,1381,138.1,4218,35782
60000,73,53921,1453,145.3,6079,53921
80000,73,71775,1885,188.5,8225,71775
100000,73,89828,2060,206.0,10172,89828
2,74,2,1,0.1,0,2
3,74,2,2,0.2,1,2
100,74,86,54,5.4,14,86
200,74,182,71,7.1,18,182
2000,74,1767,432,43.2,233,1767
10000,74,8915,1025,102.5,1085,8915
20000,74,17899,1201,120.1,2101,17899
40000,74,35814,1595,159.5,4186,35814
60000,74,53925,1675,167.5,6075,53925
80000,74,72011,1403,140.3,7989,72011
100000,74,89909,1882,188.2,10091,89909
2,75,0,1,0.1,2,0
3,75,3,1,0.1,0,3
100,75,90,37,3.7,10,90
200,75,171,70,7.0,29,171
2000,75,1773,275,27.5,227,1773
10000,75,8913,922,92.2,1087,8913
20000,75,17828,1212,121.2,2172,17828
40000,75,35786,1372,137.2,4214,35786
60000,75,53825,1286,128.6,6175,53825
80000,75,71949,1584,158.4,8051,71949
100000,75,89560,2217,221.7,10440,89560
2,76,0,1,0.1,2,0
3,76,3,1,0.1,0,3
100,76,87,49,4.9,13,87
200,76,174,82,8.2,26,174
2000,76,1767,324,32.4,233,1767
10000,76,8865,801,80.1,1135,8865
20000,76,17885,1082,108.2,2115,17885
40000,76,35903,1780,178.0,4097,35903
60000,76,53828,1585,158.5,6172,53828
80000,76,71934,1918,191.8,8066,71934
100000,76,89847,1379,137.9,10153,89847
2,77,2,1,0.1,0,2
3,77,3,1,0.1,0,3
100,77,85,34,3.4,15,85
200,77,171,55,5.5,29,171
2000,77,1751,424,42.4,249,1751
10000,77,8843,919,91.9,1157,8843
20000,77,17835,806,80.6,2165,17835
40000,77,35763,1309,130.9,4237,35763
60000,77,53859,1546,154.6,6141,53859
80000,77,72070,1053,105.3,7930,72070
100000,77,89785,1565,156.5,10215,89785
2,78,2,1,0.1,0,2
3,78,2,1,0.1,1,2
100,78,88,50,5.0,12,88
200,78,159,114,11.4,41,159
2000,78,1754,376,37.6,246,1754
10000,78,8921,530,53.0,1079,8921
20000,78,17930,1098,109.8,2070,17930
40000,78,35961,1300,130.0,4039,35961
60000,78,53831,1859,185.9,6169,53831
80000,78,71990,1183,118.3,8010,71990
100000,78,89945,1958,195.8,10055,89945
2,79,1,1,0.1,1,1
3,79,2,2,0.2,1,2
100,79,86,36,3.6,14,86
200,79,173,89,8.9,27,173
2000,79,1774,335,33.5,226,1774
10000,79,8902,979,97.9,1098,8902
20000,79,17889,1083,108.3,2111,17889
40000,79,35936,1346,134.6,4064,35936
60000,79,53886,1611,161.1,6114,53886
80000,79,71649,1607,160.7,8351,71649
100000,79,89841,1669,166.9,10159,89841
2,80,2,1,0.1,0,2
3,80,3,1,0.1,0,3
100,80,83,35,3.5,17,83
200,80,167,81,8.1,33,167
2000,80,1756,354,35.4,244,1756
10000,80,8922,997,99.7,1078,8922
20000,80,17882,1187,118.7,2118,17882
40000,80,36026,1016,101.6,3974,36026
60000,80,53968,1359,135.9,6032,53968
80000,80,72028,1742,174.2,7972,72028
100000,80,89828,1502,150.2,10172,89828
2,81,2,1,0.1,0,2
3,81,3,1,0.1,0,3
100,81,88,36,3.6,12,88
200,81,173,79,7.9,27,173
2000,81,1764,466,46.6,236,1764
10000,81,8905,997,99.7,1095,8905
20000,81,17985,966,96.6,2015,17985
40000,81,35844,1515,151.5,4156,35844
60000,81,53890,1534,153.4,6110,53890
80000,81,72034,1266,126.6,7966,72034
100000,81,89614,2117,211.7,10386,89614
2,82,2,1,0.1,0,2
3,82,2,1,0.1,1,2
100,82,88,39,3.9,12,88
200,82,174,69,6.9,26,174
2000,82,1762,432,43.2,238,1762
10000,82,8907,1078,107.8,1093,8907
20000,82,17799,1197,119.7,2201,17799
40000,82,35939,1642,164.2,4061,35939
60000,82,53759,1498,149.8,6241,53759
80000,82,71744,942,94.2,8256,71744
100000,82,89789,1647,164.7,10211,89789
2,83,2,1,0.1,0,2
3,83,2,1,0.1,1,2
100,83,93,31,3.1,7,93
200,83,169,82,8.2,31,169
2000,83,1762,377,37.7,238,1762
10000,83,8900,700,70.0,1100,8900
20000,83,17922,824,82.4,2078,17922
40000,83,35843,1198,119.8,4157,35843
60000,83,53877,1898,189.8,6123,53877
80000,83,71899,1785,178.5,8101,71899
100000,83,89783,1458,145.8,10217,89783
2,84,2,1,0.1,0,2
3,84,3,1,0.1,0,3
100,84,87,44,4.4,13,87
200,84,167,58,5.8,33,167
2000,84,1771,472,47.2,229,1771
10000,84,8958,822,82.2,1042,8958
20000,84,17849,1438,143.8,2151,17849
40000,84,35900,1426,142.6,4100,35900
60000,84,53863,1388,138.8,6137,53863
80000,84,71801,1530,153.0,8199,71801
100000,84,89733,1999,199.9,10267,89733
2,85,1,1,0.1,1,1
3,85,3,1,0.1,0,3
100,85,88,17,1.7,12,88
200,85,169,73,7.3,31,169
2000,85,1750,328,32.8,250,1750
10000,85,8895,928,92.8,1105,8895
20000,85,17734,1354,135.4,2266,17734
40000,85,35910,1161,116.1,4090,35910
60000,85,53824,1648,164.8,6176,53824
80000,85,71976,1369,136.9,8024,71976
100000,85,89990,1810,181.0,10010,89990
2,86,2,1,0.1,0,2
3,86,2,1,0.1,1,2
100,86,89,39,3.9,11,89
200,86,161,76,7.6,39,161
2000,86,1784,208,20.8,216,1784
10000,86,8913,769,76.9,1087,8913
20000,86,17841,1567,156.7,2159,17841
40000,86,35923,1242,124.2,4077,35923
60000,86,53971,1074,107.4,6029,53971
80000,86,71679,2035,203.5,8321,71679
100000,86,89935,1856,185.6,10065,89935
2,87,2,1,0.1,0,2
3,87,2,1,0.1,1,2
100,87,88,28,2.8,12,88
200,87,175,87,8.7,25,175
2000,87,1768,347,34.7,232,1768
10000,87,8876,871,87.1,1124,8876
20000,87,17941,751,75.1,2059,17941
40000,87,35813,1121,112.1,4187,35813
60000,87,53797,1950,195.0,6203,53797
80000,87,71701,2223,222.3,8299,71701
100000,87,89903,1233,123.3,10097,89903
2,88,1,1,0.1,1,1
3,88,2,1,0.1,1,2
100,88,86,29,2.9,14,86
200,88,171,90,9.0,29,171
2000,88,1762,326,32.6,238,1762
10000,88,8919,616,61.6,1081,8919
20000,88,17966,997,99.7,2034,17966
40000,88,35782,1350,135.0,4218,35782
60000,88,53773,1715,171.5,6227,53773
80000,88,71936,1707,170.7,8064,71936
100000,88,89738,2301,230.1,10262,89738
2,89,2,1,0.1,0,2
3,89,3,1,0.1,0,3
100,89,83,33,3.3,17,83
200,89,176,102,10.2,24,176
2000,89,1768,427,42.7,232,1768
10000,89,8972,976,97.6,1028,8972
20000,89,17879,1190,119.0,2121,17879
40000,89,35819,1221,122.1,4181,35819
60000,89,53745,1322,132.2,6255,53745
80000,89,71925,1640,164.0,8075,71925
100000,89,89778,1575,157.5,10222,89778
2,90,2,1,0.1,0,2
3,90,3,1,0.1,0,3
100,90,83,43,4.3,17,83
200,90,163,77,7.7,37,163
2000,90,1779,322,32.2,221,1779
10000,90,8934,871,87.1,1066,8934
20000,90,17869,1058,105.8,2131,17869
40000,90,35860,1314,131.4,4140,35860
60000,90,53860,1773,177.3,6140,53860
80000,90,71910,1283,128.3,8090,71910
100000,90,89771,1729,172.9,10229,89771
2,91,2,1,0.1,0,2
3,91,3,1,0.1,0,3
100,91,85,43,4.3,15,85
200,91,173,88,8.8,27,173
2000,91,1777,432,43.2,223,1777
10000,91,8905,763,76.3,1095,8905
20000,91,17907,768,76.8,2093,17907
40000,91,35915,1234,123.4,4085,35915
60000,91,53984,1005,100.5,6016,53984
80000,91,71814,1877,187.7,8186,71814
100000,91,90002,1438,143.8,9998,90002
2,92,2,1,0.1,0,2
3,92,2,1,0.1,1,2
100,92,80,27,2.7,20,80
200,92,172,53,5.3,28,172
2000,92,1782,465,46.5,218,1782
10000,92,8917,786,78.6,1083,8917
20000,92,17886,1417,141.7,2114,17886
40000,92,35852,1355,135.5,4148,35852
60000,92,53940,1453,145.3,6060,53940
80000,92,71813,1391,139.1,8187,71813
100000,92,89799,2364,236.4,10201,89799
2,93,2,1,0.1,0,2
3,93,2,1,0.1,1,2
100,93,90,33,3.3,10,90
200,93,171,80,8.0,29,171
2000,93,1751,411,41.1,249,1751
10000,93,8896,756,75.6,1104,8896
20000,93,17894,950,95.0,2106,17894
40000,93,35917,1624,162.4,4083,35917
60000,93,53936,1537,153.7,6064,53936
80000,93,71984,1729,172.9,8016,71984
100000,93,89828,1463,146.3,10172,89828
2,94,2,1,0.1,0,2
3,94,1,1,0.1,2,1
100,94,85,50,5.0,15,85
200,94,173,60,6.0,27,173
2000,94,1748,350,35.0,252,1748
10000,94,8892,786,78.6,1108,8892
20000,94,17949,950,95.0,2051,17949
40000,94,35880,1588,158.8,4120,35880
60000,94,53793,1787,178.7,6207,53793
80000,94,71732,1541,154.1,8268,71732
100000,94,89743,1590,159.0,10257,89743
2,95,1,1,0.1,1,1
3,95,2,1,0.1,1,2
100,95,88,32,3.2,12,88
200,95,179,62,6.2,21,179
2000,95,1768,502,50.2,232,1768
10000,95,8968,982,98.2,1032,8968
20000,95,17906,1036,103.6,2094,17906
40000,95,35862,1476,147.6,4138,35862
60000,95,54014,1201,120.1,5986,54014
80000,95,71798,1656,165.6,8202,71798
100000,95,89870,1759,175.9,10130,89870
2,96,2,1,0.1,0,2
3,96,3,1,0.1,0,3
100,96,90,59,5.9,10,90
200,96,172,78,7.8,28,172
2000,96,1758,338,33.8,242,1758
10000,96,8925,565,56.5,1075,8925
20000,96,17895,1156,115.6,2105,17895
40000,96,35710,1618,161.8,4290,35710
60000,96,53888,1408,140.8,6112,53888
80000,96,72030,1625,162.5,7970,72030
100000,96,89755,1723,172.3,10245,89755
2,97,2,1,0.1,0,2
3,97,2,2,0.2,1,2
100,97,81,29,2.9,19,81
200,97,173,68,6.8,27,173
2000,97,1757,455,45.5,243,1757
10000,97,8915,1120,112.0,1085,8915
20000,97,17959,946,94.6,2041,17959
40000,97,35842,1196,119.6,4158,35842
60000,97,53760,1627,162.7,6240,53760
80000,97,71998,1375,137.5,8002,71998
100000,97,89852,1744,174.4,10148,89852
2,98,2,1,0.1,0,2
3,98,2,1,0.1,1,2
100,98,83,33,3.3,17,83
200,98,179,91,9.1,21,179
2000,98,1755,523,52.3,245,1755
10000,98,8922,903,90.3,1078,8922
20000,98,17886,949,94.9,2114,17886
40000,98,35877,1293,129.3,4123,35877
60000,98,53889,1585,158.5,6111,53889
80000,98,71847,1919,191.9,8153,71847
100000,98,89762,2071,207.1,10238,89762
2,99,2,1,0.1,0,2
3,99,2,1,0.1,1,2
100,99,82,49,4.9,18,82
200,99,169,85,8.5,31,169
2000,99,1760,373,37.3,240,1760
10000,99,8936,981,98.1,1064,8936
20000,99,17989,856,85.6,2011,17989
40000,99,35821,1712,171.2,4179,35821
60000,99,53836,1149,114.9,6164,53836
80000,99,71751,2314,231.4,8249,71751
100000,99,89857,1638,163.8,10143,89857
2,100,1,1,0.1,1,1
3,100,3,1,0.1,0,3
100,100,80,62,6.2,20,80
200,100,177,86,8.6,23,177
2000,100,1772,424,42.4,228,1772
10000,100,8900,1216,121.6,1100,8900
20000,100,17813,974,97.4,2187,17813
40000,100,35818,1658,165.8,4182,35818
60000,100,53731,1819,181.9,6269,53731
80000,100,71894,1366,136.6,8106,71894
100000,100,89934,1878,187.8,10066,89934
