Timestep,Iteration,Total Reward,Suboptimal Arms,Total Regret,Zeros Count,Ones Count
2,1,1,1,0.0,1,1
3,1,2,1,0.0,1,2
100,1,49,59,0.3,51,49
200,1,102,73,0.4,98,102
2000,1,985,855,4.3,1015,985
10000,1,4915,5370,26.8,5085,4915
20000,1,9893,10767,53.8,10107,9893
40000,1,20041,14438,72.2,19959,20041
60000,1,29595,28407,142.0,30405,29595
80000,1,39798,32274,161.4,40202,39798
100000,1,49991,46251,231.3,50009,49991
2,2,0,1,0.0,2,0
3,2,2,1,0.0,1,2
100,2,40,63,0.3,60,40
200,2,107,77,0.4,93,107
2000,2,995,883,4.4,1005,995
10000,2,5006,4358,21.8,4994,5006
20000,2,10002,5680,28.4,9998,10002
40000,2,19905,17571,87.9,20095,19905
60000,2,29798,24369,121.8,30202,29798
80000,2,39913,38122,190.6,40087,39913
100000,2,49753,39791,199.0,50247,49753
2,3,1,1,0.0,1,1
3,3,2,2,0.0,1,2
100,3,46,61,0.3,54,46
200,3,106,72,0.4,94,106
2000,3,990,900,4.5,1010,990
10000,3,4976,5394,27.0,5024,4976
20000,3,9932,5568,27.8,10068,9932
40000,3,19801,15134,75.7,20199,19801
60000,3,29811,21683,108.4,30189,29811
80000,3,39713,29062,145.3,40287,39713
100000,3,49756,46804,234.0,50244,49756
2,4,0,1,0.0,2,0
3,4,1,1,0.0,2,1
100,4,44,41,0.2,56,44
200,4,97,89,0.4,103,97
2000,4,996,940,4.7,1004,996
10000,4,4961,4539,22.7,5039,4961
20000,4,9808,4602,23.0,10192,9808
40000,4,19920,16643,83.2,20080,19920
60000,4,29900,27864,139.3,30100,29900
80000,4,39832,32457,162.3,40168,39832
100000,4,49987,47613,238.1,50013,49987
2,5,2,1,0.0,0,2
3,5,0,2,0.0,3,0
100,5,54,39,0.2,46,54
200,5,103,67,0.3,97,103
2000,5,977,1025,5.1,1023,977
10000,5,4945,3997,20.0,5055,4945
20000,5,9978,7098,35.5,10022,9978
40000,5,19958,20015,100.1,20042,19958
60000,5,29607,25282,126.4,30393,29607
80000,5,39743,33283,166.4,40257,39743
100000,5,49809,29440,147.2,50191,49809
2,6,0,1,0.0,2,0
3,6,1,2,0.0,2,1
100,6,49,44,0.2,51,49
200,6,98,121,0.6,102,98
2000,6,975,1247,6.2,1025,975
10000,6,4919,3609,18.0,5081,4919
20000,6,9960,9520,47.6,10040,9960
40000,6,19883,13382,66.9,20117,19883
60000,6,29968,35665,178.3,30032,29968
80000,6,39903,34539,172.7,40097,39903
100000,6,49810,42339,211.7,50190,49810
2,7,1,1,0.0,1,1
3,7,2,1,0.0,1,2
100,7,42,49,0.2,58,42
200,7,94,87,0.4,106,94
2000,7,1027,1324,6.6,973,1027
10000,7,4976,4976,24.9,5024,4976
20000,7,9987,9039,45.2,10013,9987
40000,7,19819,17906,89.5,20181,19819
60000,7,29749,21718,108.6,30251,29749
80000,7,39948,26637,133.2,40052,39948
100000,7,49764,34312,171.6,50236,49764
2,8,1,1,0.0,1,1
3,8,2,2,0.0,1,2
100,8,59,63,0.3,41,59
200,8,105,74,0.4,95,105
2000,8,976,998,5.0,1024,976
10000,8,5050,4761,23.8,4950,5050
20000,8,9990,7926,39.6,10010,9990
40000,8,19945,15410,77.1,20055,19945
60000,8,30038,20017,100.1,29962,30038
80000,8,39682,41002,205.0,40318,39682
100000,8,49858,43159,215.8,50142,49858
2,9,2,1,0.0,0,2
3,9,3,2,0.0,0,3
100,9,40,66,0.3,60,40
200,9,98,111,0.6,102,98
2000,9,1004,697,3.5,996,1004
10000,9,4914,4396,22.0,5086,4914
20000,9,9919,7699,38.5,10081,9919
40000,9,19915,17560,87.8,20085,19915
60000,9,30140,31036,155.2,29860,30140
80000,9,39750,33818,169.1,40250,39750
100000,9,49916,31301,156.5,50084,49916
2,10,1,1,0.0,1,1
3,10,1,2,0.0,2,1
100,10,51,49,0.2,49,51
200,10,103,45,0.2,97,103
2000,10,1008,1018,5.1,992,1008
10000,10,4964,4805,24.0,5036,4964
20000,10,9945,9382,46.9,10055,9945
40000,10,19976,9385,46.9,20024,19976
60000,10,30015,20106,100.5,29985,30015
80000,10,39870,23106,115.5,40130,39870
100000,10,49937,35598,178.0,50063,49937
2,11,2,1,0.0,0,2
3,11,1,2,0.0,2,1
100,11,52,56,0.3,48,52
200,11,106,111,0.6,94,106
2000,11,1000,1248,6.2,1000,1000
10000,11,5038,4069,20.3,4962,5038
20000,11,10000,8637,43.2,10000,10000
40000,11,19936,21708,108.5,20064,19936
60000,11,29878,28777,143.9,30122,29878
80000,11,39791,21808,109.0,40209,39791
100000,11,49782,34135,170.7,50218,49782
2,12,2,1,0.0,0,2
3,12,2,2,0.0,1,2
100,12,57,54,0.3,43,57
200,12,97,112,0.6,103,97
2000,12,984,650,3.2,1016,984
10000,12,4942,4253,21.3,5058,4942
20000,12,10018,8555,42.8,9982,10018
40000,12,19897,17970,89.8,20103,19897
60000,12,29977,26918,134.6,30023,29977
80000,12,39792,23453,117.3,40208,39792
100000,12,49847,39347,196.7,50153,49847
2,13,0,1,0.0,2,0
3,13,2,1,0.0,1,2
100,13,47,65,0.3,53,47
200,13,114,111,0.6,86,114
2000,13,1003,1041,5.2,997,1003
10000,13,4949,5041,25.2,5051,4949
20000,13,9863,9282,46.4,10137,9863
40000,13,19902,16433,82.2,20098,19902
60000,13,29830,18843,94.2,30170,29830
80000,13,39727,41516,207.6,40273,39727
100000,13,49659,40359,201.8,50341,49659
2,14,0,1,0.0,2,0
3,14,1,2,0.0,2,1
100,14,48,70,0.4,52,48
200,14,90,98,0.5,110,90
2000,14,1005,749,3.7,995,1005
10000,14,4961,4008,20.0,5039,4961
20000,14,10019,9474,47.4,9981,10019
40000,14,19803,15771,78.9,20197,19803
60000,14,29875,26980,134.9,30125,29875
80000,14,39890,35937,179.7,40110,39890
100000,14,49647,40847,204.2,50353,49647
2,15,0,1,0.0,2,0
3,15,1,2,0.0,2,1
100,15,42,40,0.2,58,42
200,15,89,90,0.5,111,89
2000,15,965,979,4.9,1035,965
10000,15,4948,4164,20.8,5052,4948
20000,15,9917,11077,55.4,10083,9917
40000,15,19920,14377,71.9,20080,19920
60000,15,29887,23431,117.2,30113,29887
80000,15,39788,30950,154.7,40212,39788
100000,15,49946,36351,181.8,50054,49946
2,16,0,1,0.0,2,0
3,16,2,1,0.0,1,2
100,16,52,38,0.2,48,52
200,16,94,136,0.7,106,94
2000,16,1008,697,3.5,992,1008
10000,16,5028,5253,26.3,4972,5028
20000,16,9877,8196,41.0,10123,9877
40000,16,19977,15464,77.3,20023,19977
60000,16,30022,20524,102.6,29978,30022
80000,16,39946,27543,137.7,40054,39946
100000,16,49856,37737,188.7,50144,49856
2,17,1,1,0.0,1,1
3,17,1,2,0.0,2,1
100,17,45,39,0.2,55,45
200,17,107,101,0.5,93,107
2000,17,1032,740,3.7,968,1032
10000,17,4981,4390,21.9,5019,4981
20000,17,10015,10078,50.4,9985,10015
40000,17,19844,18146,90.7,20156,19844
60000,17,29890,21977,109.9,30110,29890
80000,17,39731,33256,166.3,40269,39731
100000,17,49820,32288,161.4,50180,49820
2,18,0,1,0.0,2,0
3,18,1,1,0.0,2,1
100,18,52,42,0.2,48,52
200,18,90,75,0.4,110,90
2000,18,1024,865,4.3,976,1024
10000,18,4974,5087,25.4,5026,4974
20000,18,10021,9103,45.5,9979,10021
40000,18,19742,16347,81.7,20258,19742
60000,18,29930,25802,129.0,30070,29930
80000,18,39626,28919,144.6,40374,39626
100000,18,49565,39259,196.3,50435,49565
2,19,0,1,0.0,2,0
3,19,1,1,0.0,2,1
100,19,55,55,0.3,45,55
200,19,91,72,0.4,109,91
2000,19,992,1271,6.4,1008,992
10000,19,4928,4369,21.8,5072,4928
20000,19,10064,8702,43.5,9936,10064
40000,19,20012,16003,80.0,19988,20012
60000,19,29842,25458,127.3,30158,29842
80000,19,39866,27590,137.9,40134,39866
100000,19,49784,43200,216.0,50216,49784
2,20,0,1,0.0,2,0
3,20,1,2,0.0,2,1
100,20,51,48,0.2,49,51
200,20,89,83,0.4,111,89
2000,20,986,935,4.7,1014,986
10000,20,5090,5347,26.7,4910,5090
20000,20,9999,8330,41.7,10001,9999
40000,20,19884,17262,86.3,20116,19884
60000,20,29688,29751,148.8,30312,29688
80000,20,39756,34205,171.0,40244,39756
100000,20,49964,50282,251.4,50036,49964
2,21,1,1,0.0,1,1
3,21,2,1,0.0,1,2
100,21,51,34,0.2,49,51
200,21,101,84,0.4,99,101
2000,21,980,800,4.0,1020,980
10000,21,4957,4458,22.3,5043,4957
20000,21,9920,10093,50.5,10080,9920
40000,21,19953,13104,65.5,20047,19953
60000,21,29922,24194,121.0,30078,29922
80000,21,39885,38858,194.3,40115,39885
100000,21,49988,37511,187.6,50012,49988
2,22,1,1,0.0,1,1
3,22,1,1,0.0,2,1
100,22,53,65,0.3,47,53
200,22,103,97,0.5,97,103
2000,22,1012,812,4.1,988,1012
10000,22,5007,4012,20.1,4993,5007
20000,22,9892,9045,45.2,10108,9892
40000,22,19898,21742,108.7,20102,19898
60000,22,29697,29103,145.5,30303,29697
80000,22,39753,34643,173.2,40247,39753
100000,22,49833,33796,169.0,50167,49833
2,23,2,1,0.0,0,2
3,23,1,2,0.0,2,1
100,23,42,65,0.3,58,42
200,23,106,86,0.4,94,106
2000,23,1014,822,4.1,986,1014
10000,23,4933,5184,25.9,5067,4933
20000,23,10031,8631,43.2,9969,10031
40000,23,19972,19739,98.7,20028,19972
60000,23,29752,33477,167.4,30248,29752
80000,23,39772,23625,118.1,40228,39772
100000,23,49392,34183,170.9,50608,49392
2,24,1,1,0.0,1,1
3,24,1,1,0.0,2,1
100,24,52,41,0.2,48,52
200,24,91,74,0.4,109,91
2000,24,998,848,4.2,1002,998
10000,24,5004,5578,27.9,4996,5004
20000,24,10185,5832,29.2,9815,10185
40000,24,20008,16275,81.4,19992,20008
60000,24,30007,25293,126.5,29993,30007
80000,24,39835,34487,172.4,40165,39835
100000,24,49776,31299,156.5,50224,49776
2,25,1,1,0.0,1,1
3,25,2,1,0.0,1,2
100,25,51,58,0.3,49,51
200,25,92,78,0.4,108,92
2000,25,980,699,3.5,1020,980
10000,25,4994,3182,15.9,5006,4994
20000,25,9890,7346,36.7,10110,9890
40000,25,19852,19783,98.9,20148,19852
60000,25,29783,31073,155.4,30217,29783
80000,25,39623,32910,164.5,40377,39623
100000,25,49805,33744,168.7,50195,49805
2,26,1,1,0.0,1,1
3,26,1,2,0.0,2,1
100,26,50,38,0.2,50,50
200,26,100,119,0.6,100,100
2000,26,1019,921,4.6,981,1019
10000,26,5004,5420,27.1,4996,5004
20000,26,9825,10862,54.3,10175,9825
40000,26,19869,16644,83.2,20131,19869
60000,26,29957,29696,148.5,30043,29957
80000,26,39882,27862,139.3,40118,39882
100000,26,49788,39164,195.8,50212,49788
2,27,0,1,0.0,2,0
3,27,3,2,0.0,0,3
100,27,55,27,0.1,45,55
200,27,114,115,0.6,86,114
2000,27,995,1367,6.8,1005,995
10000,27,4935,4733,23.7,5065,4935
20000,27,9830,9900,49.5,10170,9830
40000,27,19755,15784,78.9,20245,19755
60000,27,29830,22423,112.1,30170,29830
80000,27,39909,26791,134.0,40091,39909
100000,27,49620,41078,205.4,50380,49620
2,28,1,1,0.0,1,1
3,28,0,2,0.0,3,0
100,28,52,53,0.3,48,52
200,28,105,52,0.3,95,105
2000,28,1025,905,4.5,975,1025
10000,28,5006,3890,19.5,4994,5006
20000,28,10025,8964,44.8,9975,10025
40000,28,19826,17071,85.4,20174,19826
60000,28,30044,25507,127.5,29956,30044
80000,28,39721,34417,172.1,40279,39721
100000,28,49829,33805,169.0,50171,49829
2,29,1,1,0.0,1,1
3,29,1,1,0.0,2,1
100,29,50,54,0.3,50,50
200,29,98,66,0.3,102,98
2000,29,994,1262,6.3,1006,994
10000,29,4930,4476,22.4,5070,4930
20000,29,9988,7697,38.5,10012,9988
40000,29,19755,21705,108.5,20245,19755
60000,29,29743,31578,157.9,30257,29743
80000,29,39748,24213,121.1,40252,39748
100000,29,49870,33380,166.9,50130,49870
2,30,2,1,0.0,0,2
3,30,2,1,0.0,1,2
100,30,56,47,0.2,44,56
200,30,102,91,0.5,98,102
2000,30,1007,1007,5.0,993,1007
10000,30,4905,5068,25.3,5095,4905
20000,30,9975,10882,54.4,10025,9975
40000,30,19773,15315,76.6,20227,19773
60000,30,29867,22446,112.2,30133,29867
80000,30,39738,33410,167.0,40262,39738
100000,30,49796,52334,261.7,50204,49796
2,31,0,1,0.0,2,0
3,31,3,2,0.0,0,3
100,31,45,52,0.3,55,45
200,31,98,128,0.6,102,98
2000,31,1055,1134,5.7,945,1055
10000,31,5073,4487,22.4,4927,5073
20000,31,9952,10853,54.3,10048,9952
40000,31,19888,21559,107.8,20112,19888
60000,31,29970,20955,104.8,30030,29970
80000,31,40095,27999,140.0,39905,40095
100000,31,49817,28269,141.3,50183,49817
2,32,2,1,0.0,0,2
3,32,0,2,0.0,3,0
100,32,44,41,0.2,56,44
200,32,87,53,0.3,113,87
2000,32,971,1255,6.3,1029,971
10000,32,4888,4384,21.9,5112,4888
20000,32,9983,8276,41.4,10017,9983
40000,32,19660,20041,100.2,20340,19660
60000,32,30019,30575,152.9,29981,30019
80000,32,39639,31592,158.0,40361,39639
100000,32,49959,42814,214.1,50041,49959
2,33,0,1,0.0,2,0
3,33,2,2,0.0,1,2
100,33,57,53,0.3,43,57
200,33,86,88,0.4,114,86
2000,33,976,944,4.7,1024,976
10000,33,5034,3664,18.3,4966,5034
20000,33,9939,9476,47.4,10061,9939
40000,33,19837,16226,81.1,20163,19837
60000,33,29762,23491,117.5,30238,29762
80000,33,39700,31595,158.0,40300,39700
100000,33,49852,54856,274.3,50148,49852
2,34,2,1,0.0,0,2
3,34,0,2,0.0,3,0
100,34,47,57,0.3,53,47
200,34,101,102,0.5,99,101
2000,34,957,1134,5.7,1043,957
10000,34,4993,4693,23.5,5007,4993
20000,34,9963,6011,30.1,10037,9963
40000,34,19982,21847,109.2,20018,19982
60000,34,30085,22838,114.2,29915,30085
80000,34,39569,44353,221.8,40431,39569
100000,34,49902,30739,153.7,50098,49902
2,35,0,1,0.0,2,0
3,35,1,1,0.0,2,1
100,35,52,60,0.3,48,52
200,35,103,103,0.5,97,103
2000,35,982,1261,6.3,1018,982
10000,35,4959,3187,15.9,5041,4959
20000,35,9965,9100,45.5,10035,9965
40000,35,19869,12220,61.1,20131,19869
60000,35,29548,29578,147.9,30452,29548
80000,35,39747,33743,168.7,40253,39747
100000,35,49854,32304,161.5,50146,49854
2,36,2,1,0.0,0,2
3,36,1,1,0.0,2,1
100,36,52,57,0.3,48,52
200,36,91,82,0.4,109,91
2000,36,987,945,4.7,1013,987
10000,36,4947,5502,27.5,5053,4947
20000,36,9983,9404,47.0,10017,9983
40000,36,20197,21641,108.2,19803,20197
60000,36,29998,15738,78.7,30002,29998
80000,36,39919,31167,155.8,40081,39919
100000,36,49804,51404,257.0,50196,49804
2,37,2,1,0.0,0,2
3,37,2,2,0.0,1,2
100,37,55,56,0.3,45,55
200,37,92,89,0.4,108,92
2000,37,988,998,5.0,1012,988
10000,37,4932,4474,22.4,5068,4932
20000,37,10012,9457,47.3,9988,10012
40000,37,19900,17972,89.9,20100,19900
60000,37,30102,28737,143.7,29898,30102
80000,37,39745,31218,156.1,40255,39745
100000,37,49821,39896,199.5,50179,49821
2,38,2,1,0.0,0,2
3,38,3,2,0.0,0,3
100,38,46,29,0.1,54,46
200,38,112,112,0.6,88,112
2000,38,1015,1213,6.1,985,1015
10000,38,4983,3895,19.5,5017,4983
20000,38,9964,8614,43.1,10036,9964
40000,38,19837,16379,81.9,20163,19837
60000,38,29821,19034,95.2,30179,29821
80000,38,39798,38262,191.3,40202,39798
100000,38,49816,53421,267.1,50184,49816
2,39,2,1,0.0,0,2
3,39,1,2,0.0,2,1
100,39,44,44,0.2,56,44
200,39,104,93,0.5,96,104
2000,39,1008,1206,6.0,992,1008
10000,39,4930,3964,19.8,5070,4930
20000,39,9976,8338,41.7,10024,9976
40000,39,19942,13885,69.4,20058,19942
60000,39,29928,22950,114.7,30072,29928
80000,39,39986,27120,135.6,40014,39986
100000,39,49808,30933,154.7,50192,49808
2,40,0,1,0.0,2,0
3,40,1,1,0.0,2,1
100,40,58,61,0.3,42,58
200,40,101,98,0.5,99,101
2000,40,976,1116,5.6,1024,976
10000,40,4969,3106,15.5,5031,4969
20000,40,9901,8480,42.4,10099,9901
40000,40,19845,14526,72.6,20155,19845
60000,40,29876,26681,133.4,30124,29876
80000,40,39996,25967,129.8,40004,39996
100000,40,49939,33897,169.5,50061,49939
2,41,0,1,0.0,2,0
3,41,2,1,0.0,1,2
100,41,41,47,0.2,59,41
200,41,107,87,0.4,93,107
2000,41,950,774,3.9,1050,950
10000,41,5000,4996,25.0,5000,5000
20000,41,10004,7523,37.6,9996,10004
40000,41,19959,18274,91.4,20041,19959
60000,41,29594,25664,128.3,30406,29594
80000,41,39875,28414,142.1,40125,39875
100000,41,49694,44215,221.1,50306,49694
2,42,1,1,0.0,1,1
3,42,2,2,0.0,1,2
100,42,57,49,0.2,43,57
200,42,106,44,0.2,94,106
2000,42,992,1046,5.2,1008,992
10000,42,4897,3753,18.8,5103,4897
20000,42,9928,6381,31.9,10072,9928
40000,42,19999,14935,74.7,20001,19999
60000,42,29767,25873,129.4,30233,29767
80000,42,39601,31664,158.3,40399,39601
100000,42,50140,38764,193.8,49860,50140
2,43,0,1,0.0,2,0
3,43,1,2,0.0,2,1
100,43,49,53,0.3,51,49
200,43,98,85,0.4,102,98
2000,43,978,595,3.0,1022,978
10000,43,4932,3660,18.3,5068,4932
20000,43,10033,9682,48.4,9967,10033
40000,43,19850,14767,73.8,20150,19850
60000,43,29645,22327,111.6,30355,29645
80000,43,39778,33768,168.8,40222,39778
100000,43,49793,52385,261.9,50207,49793
2,44,0,1,0.0,2,0
3,44,2,2,0.0,1,2
100,44,60,62,0.3,40,60
200,44,101,122,0.6,99,101
2000,44,1032,988,4.9,968,1032
10000,44,4935,4771,23.9,5065,4935
20000,44,9907,11583,57.9,10093,9907
40000,44,19772,18474,92.4,20228,19772
60000,44,29913,29306,146.5,30087,29913
80000,44,39756,43453,217.3,40244,39756
100000,44,50090,39383,196.9,49910,50090
2,45,1,1,0.0,1,1
3,45,1,1,0.0,2,1
100,45,47,21,0.1,53,47
200,45,101,112,0.6,99,101
2000,45,975,1205,6.0,1025,975
10000,45,4925,5392,27.0,5075,4925
20000,45,10056,9458,47.3,9944,10056
40000,45,19840,23552,117.8,20160,19840
60000,45,30008,21683,108.4,29992,30008
80000,45,39759,26731,133.7,40241,39759
100000,45,50019,38154,190.8,49981,50019
2,46,1,1,0.0,1,1
3,46,0,2,0.0,3,0
100,46,58,53,0.3,42,58
200,46,102,69,0.3,98,102
2000,46,994,931,4.7,1006,994
10000,46,4934,4845,24.2,5066,4934
20000,46,9955,10992,55.0,10045,9955
40000,46,19997,15797,79.0,20003,19997
60000,46,29926,32870,164.3,30074,29926
80000,46,39865,22025,110.1,40135,39865
100000,46,50027,33772,168.9,49973,50027
2,47,1,1,0.0,1,1
3,47,3,2,0.0,0,3
100,47,52,48,0.2,48,52
200,47,99,117,0.6,101,99
2000,47,985,1045,5.2,1015,985
10000,47,4991,4507,22.5,5009,4991
20000,47,9916,8985,44.9,10084,9916
40000,47,19829,20051,100.3,20171,19829
60000,47,29793,17046,85.2,30207,29793
80000,47,39591,46842,234.2,40409,39591
100000,47,49692,42706,213.5,50308,49692
2,48,1,1,0.0,1,1
3,48,0,2,0.0,3,0
100,48,57,53,0.3,43,57
200,48,105,140,0.7,95,105
2000,48,1015,884,4.4,985,1015
10000,48,5038,3917,19.6,4962,5038
20000,48,9971,14501,72.5,10029,9971
40000,48,19972,15479,77.4,20028,19972
60000,48,29808,18270,91.3,30192,29808
80000,48,40112,26134,130.7,39888,40112
100000,48,50022,48141,240.7,49978,50022
2,49,1,1,0.0,1,1
3,49,0,2,0.0,3,0
100,49,49,68,0.3,51,49
200,49,101,103,0.5,99,101
2000,49,1011,1093,5.5,989,1011
10000,49,4952,3195,16.0,5048,4952
20000,49,10005,8048,40.2,9995,10005
40000,49,20048,17100,85.5,19952,20048
60000,49,30191,23670,118.3,29809,30191
80000,49,39892,32342,161.7,40108,39892
100000,49,50002,46981,234.9,49998,50002
2,50,2,1,0.0,0,2
3,50,3,2,0.0,0,3
100,50,51,49,0.2,49,51
200,50,114,86,0.4,86,114
2000,50,986,874,4.4,1014,986
10000,50,4918,4786,23.9,5082,4918
20000,50,9869,8171,40.9,10131,9869
40000,50,19905,21537,107.7,20095,19905
60000,50,29844,27689,138.4,30156,29844
80000,50,39868,42285,211.4,40132,39868
100000,50,49854,54558,272.8,50146,49854
2,51,1,1,0.0,1,1
3,51,2,2,0.0,1,2
100,51,55,74,0.4,45,55
200,51,100,120,0.6,100,100
2000,51,1018,957,4.8,982,1018
10000,51,4917,4092,20.5,5083,4917
20000,51,9956,8175,40.9,10044,9956
40000,51,19966,20253,101.3,20034,19966
60000,51,29701,38762,193.8,30299,29701
80000,51,39776,29630,148.1,40224,39776
100000,51,50007,39621,198.1,49993,50007
2,52,0,1,0.0,2,0
3,52,0,2,0.0,3,0
100,52,42,41,0.2,58,42
200,52,96,80,0.4,104,96
2000,52,996,763,3.8,1004,996
10000,52,4905,4347,21.7,5095,4905
20000,52,9963,10350,51.8,10037,9963
40000,52,19884,15881,79.4,20116,19884
60000,52,29869,23039,115.2,30131,29869
80000,52,40074,26341,131.7,39926,40074
100000,52,49703,43036,215.2,50297,49703
2,53,2,1,0.0,0,2
3,53,2,1,0.0,1,2
100,53,52,51,0.3,48,52
200,53,95,98,0.5,105,95
2000,53,999,1005,5.0,1001,999
10000,53,4997,5056,25.3,5003,4997
20000,53,10024,5817,29.1,9976,10024
40000,53,19863,15461,77.3,20137,19863
60000,53,29848,28341,141.7,30152,29848
80000,53,39735,36989,184.9,40265,39735
100000,53,49907,48720,243.6,50093,49907
2,54,2,1,0.0,0,2
3,54,2,2,0.0,1,2
100,54,56,65,0.3,44,56
200,54,97,108,0.5,103,97
2000,54,1004,873,4.4,996,1004
10000,54,4960,4606,23.0,5040,4960
20000,54,10038,10175,50.9,9962,10038
40000,54,20090,17622,88.1,19910,20090
60000,54,29792,22282,111.4,30208,29792
80000,54,39807,30034,150.2,40193,39807
100000,54,49956,29471,147.4,50044,49956
2,55,2,1,0.0,0,2
3,55,2,2,0.0,1,2
100,55,45,64,0.3,55,45
200,55,97,121,0.6,103,97
2000,55,1007,1037,5.2,993,1007
10000,55,4954,5218,26.1,5046,4954
20000,55,9994,6124,30.6,10006,9994
40000,55,19930,17111,85.6,20070,19930
60000,55,29693,20780,103.9,30307,29693
80000,55,39796,29272,146.4,40204,39796
100000,55,50107,23744,118.7,49893,50107
2,56,0,1,0.0,2,0
3,56,1,2,0.0,2,1
100,56,55,34,0.2,45,55
200,56,91,82,0.4,109,91
2000,56,984,1324,6.6,1016,984
10000,56,4974,5107,25.5,5026,4974
20000,56,9764,10373,51.9,10236,9764
40000,56,19992,17596,88.0,20008,19992
60000,56,29717,25142,125.7,30283,29717
80000,56,39830,19954,99.8,40170,39830
100000,56,49722,35297,176.5,50278,49722
2,57,1,1,0.0,1,1
3,57,1,2,0.0,2,1
100,57,46,39,0.2,54,46
200,57,103,98,0.5,97,103
2000,57,987,1230,6.1,1013,987
10000,57,5104,3306,16.5,4896,5104
20000,57,10090,12858,64.3,9910,10090
40000,57,20116,16844,84.2,19884,20116
60000,57,29799,28073,140.4,30201,29799
80000,57,39963,31665,158.3,40037,39963
100000,57,49543,54094,270.5,50457,49543
2,58,0,1,0.0,2,0
3,58,1,2,0.0,2,1
100,58,49,52,0.3,51,49
200,58,99,73,0.4,101,99
2000,58,1004,1036,5.2,996,1004
10000,58,5004,5575,27.9,4996,5004
20000,58,9910,8021,40.1,10090,9910
40000,58,19866,18514,92.6,20134,19866
60000,58,29945,20363,101.8,30055,29945
80000,58,39771,31184,155.9,40229,39771
100000,58,49633,35293,176.5,50367,49633
2,59,2,1,0.0,0,2
3,59,2,2,0.0,1,2
100,59,57,39,0.2,43,57
200,59,84,143,0.7,116,84
2000,59,978,987,4.9,1022,978
10000,59,5001,3595,18.0,4999,5001
20000,59,10021,10644,53.2,9979,10021
40000,59,19831,16727,83.6,20169,19831
60000,59,30050,15492,77.5,29950,30050
80000,59,39846,41004,205.0,40154,39846
100000,59,49732,27426,137.1,50268,49732
2,60,1,1,0.0,1,1
3,60,0,2,0.0,3,0
100,60,40,38,0.2,60,40
200,60,116,57,0.3,84,116
2000,60,999,903,4.5,1001,999
10000,60,4884,4702,23.5,5116,4884
20000,60,10024,7758,38.8,9976,10024
40000,60,19869,20345,101.7,20131,19869
60000,60,29638,22259,111.3,30362,29638
80000,60,39831,23771,118.9,40169,39831
100000,60,49881,38852,194.3,50119,49881
2,61,2,1,0.0,0,2
3,61,2,1,0.0,1,2
100,61,48,55,0.3,52,48
200,61,109,94,0.5,91,109
2000,61,1000,931,4.7,1000,1000
10000,61,4967,4819,24.1,5033,4967
20000,61,9769,8375,41.9,10231,9769
40000,61,19808,13813,69.1,20192,19808
60000,61,29768,26293,131.5,30232,29768
80000,61,39780,37694,188.5,40220,39780
100000,61,49865,38088,190.4,50135,49865
2,62,0,1,0.0,2,0
3,62,2,1,0.0,1,2
100,62,39,53,0.3,61,39
200,62,114,122,0.6,86,114
2000,62,965,973,4.9,1035,965
10000,62,4966,4230,21.2,5034,4966
20000,62,9940,7245,36.2,10060,9940
40000,62,19814,20373,101.9,20186,19814
60000,62,29971,19726,98.6,30029,29971
80000,62,39779,26461,132.3,40221,39779
100000,62,49718,51052,255.3,50282,49718
2,63,2,1,0.0,0,2
3,63,3,2,0.0,0,3
100,63,55,49,0.2,45,55
200,63,94,95,0.5,106,94
2000,63,1011,863,4.3,989,1011
10000,63,4907,5097,25.5,5093,4907
20000,63,9847,7980,39.9,10153,9847
40000,63,19980,19156,95.8,20020,19980
60000,63,30014,29716,148.6,29986,30014
80000,63,39864,24487,122.4,40136,39864
100000,63,50086,42809,214.0,49914,50086
2,64,2,1,0.0,0,2
3,64,1,2,0.0,2,1
100,64,39,46,0.2,61,39
200,64,95,126,0.6,105,95
2000,64,1010,1024,5.1,990,1010
10000,64,4963,5612,28.1,5037,4963
20000,64,10001,10276,51.4,9999,10001
40000,64,20058,16742,83.7,19942,20058
60000,64,29642,20658,103.3,30358,29642
80000,64,39639,34712,173.6,40361,39639
100000,64,49774,28288,141.4,50226,49774
2,65,1,1,0.0,1,1
3,65,2,2,0.0,1,2
100,65,46,57,0.3,54,46
200,65,107,109,0.5,93,107
2000,65,991,731,3.7,1009,991
10000,65,5004,4395,22.0,4996,5004
20000,65,10088,10363,51.8,9912,10088
40000,65,19831,18668,93.3,20169,19831
60000,65,30066,32737,163.7,29934,30066
80000,65,39891,25523,127.6,40109,39891
100000,65,49762,36805,184.0,50238,49762
2,66,1,1,0.0,1,1
3,66,3,2,0.0,0,3
100,66,49,59,0.3,51,49
200,66,105,67,0.3,95,105
2000,66,964,827,4.1,1036,964
10000,66,5009,5383,26.9,4991,5009
20000,66,10043,9752,48.8,9957,10043
40000,66,20008,17278,86.4,19992,20008
60000,66,29940,20493,102.5,30060,29940
80000,66,39800,27926,139.6,40200,39800
100000,66,49943,46267,231.3,50057,49943
2,67,1,1,0.0,1,1
3,67,2,2,0.0,1,2
100,67,60,44,0.2,40,60
200,67,91,117,0.6,109,91
2000,67,997,974,4.9,1003,997
10000,67,4945,5024,25.1,5055,4945
20000,67,9853,10239,51.2,10147,9853
40000,67,19907,16558,82.8,20093,19907
60000,67,29860,32038,160.2,30140,29860
80000,67,39761,35830,179.1,40239,39761
100000,67,49565,53657,268.3,50435,49565
2,68,1,1,0.0,1,1
3,68,1,2,0.0,2,1
100,68,46,43,0.2,54,46
200,68,103,113,0.6,97,103
2000,68,1057,1308,6.5,943,1057
10000,68,5019,2894,14.5,4981,5019
20000,68,9989,8011,40.1,10011,9989
40000,68,19938,14436,72.2,20062,19938
60000,68,29826,26923,134.6,30174,29826
80000,68,39928,24190,120.9,40072,39928
100000,68,49633,50354,251.8,50367,49633
2,69,1,1,0.0,1,1
3,69,1,1,0.0,2,1
100,69,47,52,0.3,53,47
200,69,105,73,0.4,95,105
2000,69,1041,935,4.7,959,1041
10000,69,4950,3861,19.3,5050,4950
20000,69,9967,7421,37.1,10033,9967
40000,69,20001,14484,72.4,19999,20001
60000,69,29921,23242,116.2,30079,29921
80000,69,39780,32877,164.4,40220,39780
100000,69,49765,47931,239.7,50235,49765
2,70,1,1,0.0,1,1
3,70,2,2,0.0,1,2
100,70,48,38,0.2,52,48
200,70,102,104,0.5,98,102
2000,70,1007,804,4.0,993,1007
10000,70,4949,6394,32.0,5051,4949
20000,70,9858,9189,45.9,10142,9858
40000,70,19936,16946,84.7,20064,19936
60000,70,29909,21339,106.7,30091,29909
80000,70,39974,42520,212.6,40026,39974
100000,70,49780,40553,202.8,50220,49780
2,71,1,1,0.0,1,1
3,71,1,1,0.0,2,1
100,71,50,67,0.3,50,50
200,71,91,119,0.6,109,91
2000,71,996,1182,5.9,1004,996
10000,71,5035,3614,18.1,4965,5035
20000,71,9941,9149,45.7,10059,9941
40000,71,19881,13948,69.7,20119,19881
60000,71,29681,28212,141.1,30319,29681
80000,71,39902,32783,163.9,40098,39902
100000,71,49566,46553,232.8,50434,49566
2,72,1,1,0.0,1,1
3,72,3,2,0.0,0,3
100,72,54,51,0.3,46,54
200,72,102,72,0.4,98,102
2000,72,961,928,4.6,1039,961
10000,72,4972,4131,20.7,5028,4972
20000,72,10016,5960,29.8,9984,10016
40000,72,19916,19010,95.0,20084,19916
60000,72,29931,28010,140.0,30069,29931
80000,72,39837,30995,155.0,40163,39837
100000,72,49554,44315,221.6,50446,49554
2,73,0,1,0.0,2,0
3,73,0,2,0.0,3,0
100,73,49,46,0.2,51,49
200,73,99,91,0.5,101,99
2000,73,1007,931,4.7,993,1007
10000,73,4953,6021,30.1,5047,4953
20000,73,9995,9785,48.9,10005,9995
40000,73,19817,21388,106.9,20183,19817
60000,73,29834,20089,100.4,30166,29834
80000,73,39892,29251,146.3,40108,39892
100000,73,49704,38900,194.5,50296,49704
2,74,2,1,0.0,0,2
3,74,3,2,0.0,0,3
100,74,40,57,0.3,60,40
200,74,92,99,0.5,108,92
2000,74,998,833,4.2,1002,998
10000,74,5041,4208,21.0,4959,5041
20000,74,9960,8521,42.6,10040,9960
40000,74,19813,22418,112.1,20187,19813
60000,74,29867,21835,109.2,30133,29867
80000,74,39708,28713,143.6,40292,39708
100000,74,49763,35188,175.9,50237,49763
2,75,1,1,0.0,1,1
3,75,1,2,0.0,2,1
100,75,56,44,0.2,44,56
200,75,112,71,0.4,88,112
2000,75,992,1123,5.6,1008,992
10000,75,4924,5042,25.2,5076,4924
20000,75,9941,8287,41.4,10059,9941
40000,75,19763,16631,83.2,20237,19763
60000,75,29909,22762,113.8,30091,29909
80000,75,39874,22347,111.7,40126,39874
100000,75,49879,33871,169.4,50121,49879
2,76,1,1,0.0,1,1
3,76,1,2,0.0,2,1
100,76,39,65,0.3,61,39
200,76,86,86,0.4,114,86
2000,76,965,1069,5.3,1035,965
10000,76,4973,4386,21.9,5027,4973
20000,76,9940,11060,55.3,10060,9940
40000,76,19839,16997,85.0,20161,19839
60000,76,29961,28000,140.0,30039,29961
80000,76,40047,35981,179.9,39953,40047
100000,76,49720,30097,150.5,50280,49720
2,77,2,1,0.0,0,2
3,77,2,2,0.0,1,2
100,77,52,47,0.2,48,52
200,77,99,96,0.5,101,99
2000,77,986,1111,5.6,1014,986
10000,77,4937,4051,20.3,5063,4937
20000,77,9792,10333,51.7,10208,9792
40000,77,19964,15741,78.7,20036,19964
60000,77,29891,26306,131.5,30109,29891
80000,77,39917,33653,168.3,40083,39917
100000,77,49626,43755,218.8,50374,49626
2,78,2,1,0.0,0,2
3,78,1,1,0.0,2,1
100,78,56,41,0.2,44,56
200,78,99,66,0.3,101,99
2000,78,996,940,4.7,1004,996
10000,78,4921,4572,22.9,5079,4921
20000,78,9946,8191,41.0,10054,9946
40000,78,20105,14454,72.3,19895,20105
60000,78,29819,24699,123.5,30181,29819
80000,78,39980,29780,148.9,40020,39980
100000,78,49956,28730,143.6,50044,49956
2,79,2,1,0.0,0,2
3,79,3,2,0.0,0,3
100,79,45,46,0.2,55,45
200,79,96,123,0.6,104,96
2000,79,1002,1079,5.4,998,1002
10000,79,5027,3888,19.4,4973,5027
20000,79,10074,8879,44.4,9926,10074
40000,79,19980,12519,62.6,20020,19980
60000,79,29708,19965,99.8,30292,29708
80000,79,39691,32899,164.5,40309,39691
100000,79,49848,26940,134.7,50152,49848
2,80,2,1,0.0,0,2
3,80,0,2,0.0,3,0
100,80,51,40,0.2,49,51
200,80,90,108,0.5,110,90
2000,80,975,1249,6.2,1025,975
10000,80,5100,3871,19.4,4900,5100
20000,80,10004,10388,51.9,9996,10004
40000,80,19916,15813,79.1,20084,19916
60000,80,29818,25759,128.8,30182,29818
80000,80,39887,37904,189.5,40113,39887
100000,80,49775,40408,202.0,50225,49775
2,81,2,1,0.0,0,2
3,81,2,1,0.0,1,2
100,81,47,54,0.3,53,47
200,81,95,53,0.3,105,95
2000,81,1016,770,3.8,984,1016
10000,81,4971,4730,23.6,5029,4971
20000,81,9961,9773,48.9,10039,9961
40000,81,19923,20162,100.8,20077,19923
60000,81,30001,19785,98.9,29999,30001
80000,81,39563,28914,144.6,40437,39563
100000,81,49866,27170,135.8,50134,49866
2,82,2,1,0.0,0,2
3,82,1,1,0.0,2,1
100,82,47,56,0.3,53,47
200,82,102,123,0.6,98,102
2000,82,986,908,4.5,1014,986
10000,82,4905,4641,23.2,5095,4905
20000,82,9929,8361,41.8,10071,9929
40000,82,20021,14201,71.0,19979,20021
60000,82,29971,18385,91.9,30029,29971
80000,82,39512,28249,141.2,40488,39512
100000,82,49916,44731,223.7,50084,49916
2,83,1,1,0.0,1,1
3,83,3,2,0.0,0,3
100,83,50,39,0.2,50,50
200,83,91,133,0.7,109,91
2000,83,1054,815,4.1,946,1054
10000,83,5016,5220,26.1,4984,5016
20000,83,9987,11080,55.4,10013,9987
40000,83,19913,20897,104.5,20087,19913
60000,83,29853,27494,137.5,30147,29853
80000,83,39987,27161,135.8,40013,39987
100000,83,49859,55433,277.2,50141,49859
2,84,1,1,0.0,1,1
3,84,0,2,0.0,3,0
100,84,38,74,0.4,62,38
200,84,97,98,0.5,103,97
2000,84,975,822,4.1,1025,975
10000,84,4867,5707,28.5,5133,4867
20000,84,9971,9337,46.7,10029,9971
40000,84,19828,22808,114.0,20172,19828
60000,84,29770,26872,134.4,30230,29770
80000,84,39695,48397,242.0,40305,39695
100000,84,49882,28428,142.1,50118,49882
2,85,1,1,0.0,1,1
3,85,2,2,0.0,1,2
100,85,54,55,0.3,46,54
200,85,93,66,0.3,107,93
2000,85,987,512,2.6,1013,987
10000,85,4929,5484,27.4,5071,4929
20000,85,9885,6776,33.9,10115,9885
40000,85,19781,19356,96.8,20219,19781
60000,85,29816,18167,90.8,30184,29816
80000,85,39834,39114,195.6,40166,39834
100000,85,50026,46755,233.8,49974,50026
2,86,1,1,0.0,1,1
3,86,0,2,0.0,3,0
100,86,60,57,0.3,40,60
200,86,92,84,0.4,108,92
2000,86,972,1105,5.5,1028,972
10000,86,5031,4198,21.0,4969,5031
20000,86,9936,8968,44.8,10064,9936
40000,86,19787,20861,104.3,20213,19787
60000,86,29855,20000,100.0,30145,29855
80000,86,40011,32730,163.6,39989,40011
100000,86,49799,36706,183.5,50201,49799
2,87,1,1,0.0,1,1
3,87,1,1,0.0,2,1
100,87,52,52,0.3,48,52
200,87,97,92,0.5,103,97
2000,87,960,806,4.0,1040,960
10000,87,4990,4019,20.1,5010,4990
20000,87,9826,11661,58.3,10174,9826
40000,87,19871,16970,84.8,20129,19871
60000,87,29797,24675,123.4,30203,29797
80000,87,39604,25366,126.8,40396,39604
100000,87,50044,33380,166.9,49956,50044
2,88,1,1,0.0,1,1
3,88,2,2,0.0,1,2
100,88,51,39,0.2,49,51
200,88,97,75,0.4,103,97
2000,88,989,1192,6.0,1011,989
10000,88,4930,4524,22.6,5070,4930
20000,88,9986,7029,35.1,10014,9986
40000,88,19990,13629,68.1,20010,19990
60000,88,29913,24565,122.8,30087,29913
80000,88,39861,37309,186.5,40139,39861
100000,88,49726,62048,310.2,50274,49726
2,89,1,1,0.0,1,1
3,89,2,2,0.0,1,2
100,89,50,72,0.4,50,50
200,89,107,158,0.8,93,107
2000,89,1011,606,3.0,989,1011
10000,89,4901,3202,16.0,5099,4901
20000,89,10008,7397,37.0,9992,10008
40000,89,19797,16791,84.0,20203,19797
60000,89,29905,24239,121.2,30095,29905
80000,89,39779,29961,149.8,40221,39779
100000,89,49950,49817,249.1,50050,49950
2,90,2,1,0.0,0,2
3,90,0,2,0.0,3,0
100,90,46,59,0.3,54,46
200,90,95,83,0.4,105,95
2000,90,1013,710,3.5,987,1013
10000,90,4918,2496,12.5,5082,4918
20000,90,10013,8749,43.7,9987,10013
40000,90,19838,15598,78.0,20162,19838
60000,90,29933,31112,155.6,30067,29933
80000,90,39784,37779,188.9,40216,39784
100000,90,49989,30671,153.4,50011,49989
2,91,0,1,0.0,2,0
3,91,2,2,0.0,1,2
100,91,49,37,0.2,51,49
200,91,106,47,0.2,94,106
2000,91,976,738,3.7,1024,976
10000,91,4926,3044,15.2,5074,4926
20000,91,9901,9039,45.2,10099,9901
40000,91,19887,13812,69.1,20113,19887
60000,91,29701,24100,120.5,30299,29701
80000,91,40115,29504,147.5,39885,40115
100000,91,49831,44739,223.7,50169,49831
2,92,1,1,0.0,1,1
3,92,2,2,0.0,1,2
100,92,55,57,0.3,45,55
200,92,103,91,0.5,97,103
2000,92,1000,1059,5.3,1000,1000
10000,92,4919,4875,24.4,5081,4919
20000,92,9993,10600,53.0,10007,9993
40000,92,19760,19739,98.7,20240,19760
60000,92,29857,20626,103.1,30143,29857
80000,92,40062,35935,179.7,39938,40062
100000,92,49864,48514,242.6,50136,49864
2,93,1,1,0.0,1,1
3,93,1,1,0.0,2,1
100,93,43,57,0.3,57,43
200,93,97,95,0.5,103,97
2000,93,999,848,4.2,1001,999
10000,93,5014,3874,19.4,4986,5014
20000,93,9952,9242,46.2,10048,9952
40000,93,19815,19274,96.4,20185,19815
60000,93,29818,31328,156.6,30182,29818
80000,93,39697,29753,148.8,40303,39697
100000,93,49717,31751,158.8,50283,49717
2,94,0,1,0.0,2,0
3,94,1,2,0.0,2,1
100,94,46,57,0.3,54,46
200,94,97,130,0.7,103,97
2000,94,956,735,3.7,1044,956
10000,94,5036,4374,21.9,4964,5036
20000,94,10026,11331,56.7,9974,10026
40000,94,19789,16461,82.3,20211,19789
60000,94,29764,22466,112.3,30236,29764
80000,94,40118,26500,132.5,39882,40118
100000,94,49886,35172,175.9,50114,49886
2,95,1,1,0.0,1,1
3,95,3,2,0.0,0,3
100,95,47,50,0.3,53,47
200,95,91,136,0.7,109,91
2000,95,1015,1107,5.5,985,1015
10000,95,4972,5753,28.8,5028,4972
20000,95,9830,11205,56.0,10170,9830
40000,95,19838,13973,69.9,20162,19838
60000,95,29903,21960,109.8,30097,29903
80000,95,39827,43977,219.9,40173,39827
100000,95,49869,35764,178.8,50131,49869
2,96,1,1,0.0,1,1
3,96,1,2,0.0,2,1
100,96,46,44,0.2,54,46
200,96,104,81,0.4,96,104
2000,96,1004,812,4.1,996,1004
10000,96,5087,4074,20.4,4913,5087
20000,96,9843,7593,38.0,10157,9843
40000,96,19979,20319,101.6,20021,19979
60000,96,29907,26500,132.5,30093,29907
80000,96,39810,38582,192.9,40190,39810
100000,96,49553,38536,192.7,50447,49553
2,97,1,1,0.0,1,1
3,97,2,1,0.0,1,2
100,97,54,77,0.4,46,54
200,97,103,103,0.5,97,103
2000,97,980,1135,5.7,1020,980
10000,97,4995,3913,19.6,5005,4995
20000,97,10067,9509,47.5,9933,10067
40000,97,19952,15735,78.7,20048,19952
60000,97,29692,31919,159.6,30308,29692
80000,97,39867,30646,153.2,40133,39867
100000,97,49870,31553,157.8,50130,49870
2,98,2,1,0.0,0,2
3,98,1,2,0.0,2,1
100,98,47,42,0.2,53,47
200,98,103,68,0.3,97,103
2000,98,1025,637,3.2,975,1025
10000,98,4958,3946,19.7,5042,4958
20000,98,10022,4935,24.7,9978,10022
40000,98,20035,24526,122.6,19965,20035
60000,98,29876,27492,137.5,30124,29876
80000,98,39778,33280,166.4,40222,39778
100000,98,49644,51259,256.3,50356,49644
2,99,2,1,0.0,0,2
3,99,1,2,0.0,2,1
100,99,56,43,0.2,44,56
200,99,101,82,0.4,99,101
2000,99,988,615,3.1,1012,988
10000,99,4961,4566,22.8,5039,4961
20000,99,10120,7088,35.4,9880,10120
40000,99,19920,17471,87.4,20080,19920
60000,99,29991,25138,125.7,30009,29991
80000,99,39660,40172,200.9,40340,39660
100000,99,50053,29210,146.0,49947,50053
2,100,1,1,0.0,1,1
3,100,3,2,0.0,0,3
100,100,54,59,0.3,46,54
200,100,97,82,0.4,103,97
2000,100,956,939,4.7,1044,956
10000,100,4889,5097,25.5,5111,4889
20000,100,10016,9790,49.0,9984,10016
40000,100,19803,21752,108.8,20197,19803
60000,100,30044,20192,101.0,29956,30044
80000,100,39739,29876,149.4,40261,39739
100000,100,49472,43325,216.6,50528,49472
