Timestep,Iteration,Total Reward,Suboptimal Arms Count,Total Regret,Zeros Count,Ones Count
2,1,2,1,0.1,0,2
3,1,2,1,0.1,1,2
100,1,92,25,2.5,8,92
200,1,186,7,0.7,14,186
2000,1,1778,51,5.1,222,1778
10000,1,8994,130,13.0,1006,8994
20000,1,17991,251,25.1,2009,17991
40000,1,35947,47,4.7,4053,35947
60000,1,54058,214,21.4,5942,54058
80000,1,71953,191,19.1,8047,71953
100000,1,90089,186,18.6,9911,90089
2,2,2,1,0.1,0,2
3,2,3,1,0.1,0,3
100,2,74,98,9.8,26,74
200,2,165,39,3.9,35,165
2000,2,1773,100,10.0,227,1773
10000,2,9031,176,17.6,969,9031
20000,2,17974,68,6.8,2026,17974
40000,2,35969,124,12.4,4031,35969
60000,2,53864,137,13.7,6136,53864
80000,2,71895,290,29.0,8105,71895
100000,2,89843,374,37.4,10157,89843
2,3,2,1,0.1,0,2
3,3,2,1,0.1,1,2
100,3,87,5,0.5,13,87
200,3,181,27,2.7,19,181
2000,3,1775,55,5.5,225,1775
10000,3,9033,208,20.8,967,9033
20000,3,17949,466,46.6,2051,17949
40000,3,36161,163,16.3,3839,36161
60000,3,53893,371,37.1,6107,53893
80000,3,71884,366,36.6,8116,71884
100000,3,90050,184,18.4,9950,90050
2,4,2,1,0.1,0,2
3,4,3,1,0.1,0,3
100,4,90,56,5.6,10,90
200,4,175,4,0.4,25,175
2000,4,1785,134,13.4,215,1785
10000,4,8933,266,26.6,1067,8933
20000,4,17984,191,19.1,2016,17984
40000,4,35948,53,5.3,4052,35948
60000,4,54014,114,11.4,5986,54014
80000,4,71926,217,21.7,8074,71926
100000,4,89985,417,41.7,10015,89985
2,5,1,1,0.1,1,1
3,5,3,1,0.1,0,3
100,5,91,9,0.9,9,91
200,5,167,11,1.1,33,167
2000,5,1817,42,4.2,183,1817
10000,5,9008,25,2.5,992,9008
20000,5,18011,280,28.0,1989,18011
40000,5,36049,120,12.0,3951,36049
60000,5,53943,22,2.2,6057,53943
80000,5,72086,129,12.9,7914,72086
100000,5,90116,149,14.9,9884,90116
2,6,2,1,0.1,0,2
3,6,2,1,0.1,1,2
100,6,87,10,1.0,13,87
200,6,171,11,1.1,29,171
2000,6,1775,185,18.5,225,1775
10000,6,9019,285,28.5,981,9019
20000,6,17986,299,29.9,2014,17986
40000,6,36023,302,30.2,3977,36023
60000,6,53910,198,19.8,6090,53910
80000,6,72009,144,14.4,7991,72009
100000,6,89976,49,4.9,10024,89976
2,7,2,1,0.1,0,2
3,7,2,1,0.1,1,2
100,7,86,33,3.3,14,86
200,7,170,63,6.3,30,170
2000,7,1801,116,11.6,199,1801
10000,7,8932,165,16.5,1068,8932
20000,7,17935,91,9.1,2065,17935
40000,7,35932,185,18.5,4068,35932
60000,7,54081,284,28.4,5919,54081
80000,7,71876,298,29.8,8124,71876
100000,7,89752,206,20.6,10248,89752
2,8,2,1,0.1,0,2
3,8,3,1,0.1,0,3
100,8,91,10,1.0,9,91
200,8,175,53,5.3,25,175
2000,8,1780,95,9.5,220,1780
10000,8,9013,30,3.0,987,9013
20000,8,18067,65,6.5,1933,18067
40000,8,35907,250,25.0,4093,35907
60000,8,54104,185,18.5,5896,54104
80000,8,71995,155,15.5,8005,71995
100000,8,89956,80,8.0,10044,89956
2,9,1,1,0.1,1,1
3,9,3,1,0.1,0,3
100,9,89,7,0.7,11,89
200,9,177,28,2.8,23,177
2000,9,1774,107,10.7,226,1774
10000,9,8979,431,43.1,1021,8979
20000,9,17954,311,31.1,2046,17954
40000,9,35972,127,12.7,4028,35972
60000,9,53932,113,11.3,6068,53932
80000,9,72039,115,11.5,7961,72039
100000,9,89866,59,5.9,10134,89866
2,10,2,1,0.1,0,2
3,10,3,1,0.1,0,3
100,10,90,17,1.7,10,90
200,10,176,39,3.9,24,176
2000,10,1795,3,0.3,205,1795
10000,10,8945,103,10.3,1055,8945
20000,10,18028,84,8.4,1972,18028
40000,10,36054,135,13.5,3946,36054
60000,10,53880,200,20.0,6120,53880
80000,10,71986,272,27.2,8014,71986
100000,10,89979,490,49.0,10021,89979
2,11,2,1,0.1,0,2
3,11,2,1,0.1,1,2
100,11,85,3,0.3,15,85
200,11,177,15,1.5,23,177
2000,11,1792,17,1.7,208,1792
10000,11,8991,178,17.8,1009,8991
20000,11,17976,256,25.6,2024,17976
40000,11,36002,221,22.1,3998,36002
60000,11,54039,271,27.1,5961,54039
80000,11,72035,253,25.3,7965,72035
100000,11,90041,243,24.3,9959,90041
2,12,1,1,0.1,1,1
3,12,3,1,0.1,0,3
100,12,87,54,5.4,13,87
200,12,175,58,5.8,25,175
2000,12,1808,88,8.8,192,1808
10000,12,9000,136,13.6,1000,9000
20000,12,17855,342,34.2,2145,17855
40000,12,36000,308,30.8,4000,36000
60000,12,53857,546,54.6,6143,53857
80000,12,71964,103,10.3,8036,71964
100000,12,89925,241,24.1,10075,89925
2,13,2,1,0.1,0,2
3,13,3,1,0.1,0,3
100,13,76,72,7.2,24,76
200,13,172,42,4.2,28,172
2000,13,1777,254,25.4,223,1777
10000,13,8985,79,7.9,1015,8985
20000,13,17950,227,22.7,2050,17950
40000,13,36063,169,16.9,3937,36063
60000,13,53891,185,18.5,6109,53891
80000,13,71959,73,7.3,8041,71959
100000,13,89928,352,35.2,10072,89928
2,14,2,1,0.1,0,2
3,14,3,1,0.1,0,3
100,14,83,52,5.2,17,83
200,14,168,113,11.3,32,168
2000,14,1808,43,4.3,192,1808
10000,14,8974,90,9.0,1026,8974
20000,14,17972,76,7.6,2028,17972
40000,14,35954,278,27.8,4046,35954
60000,14,53906,201,20.1,6094,53906
80000,14,72107,217,21.7,7893,72107
100000,14,90153,266,26.6,9847,90153
2,15,1,1,0.1,1,1
3,15,2,1,0.1,1,2
100,15,91,21,2.1,9,91
200,15,175,49,4.9,25,175
2000,15,1769,146,14.6,231,1769
10000,15,8962,285,28.5,1038,8962
20000,15,17978,168,16.8,2022,17978
40000,15,35976,225,22.5,4024,35976
60000,15,53910,328,32.8,6090,53910
80000,15,71978,110,11.0,8022,71978
100000,15,90145,152,15.2,9855,90145
2,16,1,1,0.1,1,1
3,16,3,1,0.1,0,3
100,16,91,24,2.4,9,91
200,16,179,23,2.3,21,179
2000,16,1816,13,1.3,184,1816
10000,16,8999,168,16.8,1001,8999
20000,16,17955,108,10.8,2045,17955
40000,16,35936,35,3.5,4064,35936
60000,16,53981,175,17.5,6019,53981
80000,16,71911,147,14.7,8089,71911
100000,16,89878,156,15.6,10122,89878
2,17,2,1,0.1,0,2
3,17,3,1,0.1,0,3
100,17,90,3,0.3,10,90
200,17,178,6,0.6,22,178
2000,17,1793,110,11.0,207,1793
10000,17,8969,142,14.2,1031,8969
20000,17,18024,179,17.9,1976,18024
40000,17,35967,110,11.0,4033,35967
60000,17,54034,122,12.2,5966,54034
80000,17,71952,684,68.4,8048,71952
100000,17,89974,446,44.6,10026,89974
2,18,1,1,0.1,1,1
3,18,2,1,0.1,1,2
100,18,89,14,1.4,11,89
200,18,176,41,4.1,24,176
2000,18,1774,284,28.4,226,1774
10000,18,8950,42,4.2,1050,8950
20000,18,17954,87,8.7,2046,17954
40000,18,35973,523,52.3,4027,35973
60000,18,53973,120,12.0,6027,53973
80000,18,72154,255,25.5,7846,72154
100000,18,89932,307,30.7,10068,89932
2,19,1,1,0.1,1,1
3,19,3,1,0.1,0,3
100,19,88,22,2.2,12,88
200,19,183,10,1.0,17,183
2000,19,1807,61,6.1,193,1807
10000,19,8992,82,8.2,1008,8992
20000,19,17997,118,11.8,2003,17997
40000,19,36032,185,18.5,3968,36032
60000,19,53876,341,34.1,6124,53876
80000,19,71835,407,40.7,8165,71835
100000,19,90110,231,23.1,9890,90110
2,20,2,1,0.1,0,2
3,20,3,1,0.1,0,3
100,20,82,21,2.1,18,82
200,20,170,87,8.7,30,170
2000,20,1791,72,7.2,209,1791
10000,20,8971,90,9.0,1029,8971
20000,20,17993,257,25.7,2007,17993
40000,20,35838,237,23.7,4162,35838
60000,20,54015,137,13.7,5985,54015
80000,20,72115,45,4.5,7885,72115
100000,20,90031,107,10.7,9969,90031
2,21,2,1,0.1,0,2
3,21,3,1,0.1,0,3
100,21,92,20,2.0,8,92
200,21,183,2,0.2,17,183
2000,21,1793,71,7.1,207,1793
10000,21,9024,7,0.7,976,9024
20000,21,17996,83,8.3,2004,17996
40000,21,36037,283,28.3,3963,36037
60000,21,54007,209,20.9,5993,54007
80000,21,71990,399,39.9,8010,71990
100000,21,89833,261,26.1,10167,89833
2,22,2,1,0.1,0,2
3,22,3,1,0.1,0,3
100,22,91,10,1.0,9,91
200,22,175,58,5.8,25,175
2000,22,1804,81,8.1,196,1804
10000,22,9030,63,6.3,970,9030
20000,22,18020,122,12.2,1980,18020
40000,22,35932,528,52.8,4068,35932
60000,22,53930,295,29.5,6070,53930
80000,22,72013,33,3.3,7987,72013
100000,22,90030,441,44.1,9970,90030
2,23,1,1,0.1,1,1
3,23,1,2,0.2,2,1
100,23,89,67,6.7,11,89
200,23,180,2,0.2,20,180
2000,23,1790,92,9.2,210,1790
10000,23,8973,321,32.1,1027,8973
20000,23,18052,96,9.6,1948,18052
40000,23,36101,313,31.3,3899,36101
60000,23,53998,183,18.3,6002,53998
80000,23,71955,229,22.9,8045,71955
100000,23,89973,464,46.4,10027,89973
2,24,2,1,0.1,0,2
3,24,2,2,0.2,1,2
100,24,90,18,1.8,10,90
200,24,180,73,7.3,20,180
2000,24,1798,25,2.5,202,1798
10000,24,8973,340,34.0,1027,8973
20000,24,18013,99,9.9,1987,18013
40000,24,36104,183,18.3,3896,36104
60000,24,53991,369,36.9,6009,53991
80000,24,71958,259,25.9,8042,71958
100000,24,89864,213,21.3,10136,89864
2,25,1,1,0.1,1,1
3,25,3,1,0.1,0,3
100,25,89,34,3.4,11,89
200,25,177,42,4.2,23,177
2000,25,1806,60,6.0,194,1806
10000,25,8947,197,19.7,1053,8947
20000,25,17960,272,27.2,2040,17960
40000,25,35949,178,17.8,4051,35949
60000,25,53909,488,48.8,6091,53909
80000,25,71930,264,26.4,8070,71930
100000,25,89981,220,22.0,10019,89981
2,26,1,1,0.1,1,1
3,26,0,1,0.1,3,0
100,26,81,17,1.7,19,81
200,26,182,45,4.5,18,182
2000,26,1794,177,17.7,206,1794
10000,26,9000,143,14.3,1000,9000
20000,26,17909,266,26.6,2091,17909
40000,26,35958,206,20.6,4042,35958
60000,26,53828,298,29.8,6172,53828
80000,26,71991,259,25.9,8009,71991
100000,26,89954,342,34.2,10046,89954
2,27,2,1,0.1,0,2
3,27,2,1,0.1,1,2
100,27,92,8,0.8,8,92
200,27,172,21,2.1,28,172
2000,27,1800,34,3.4,200,1800
10000,27,8955,220,22.0,1045,8955
20000,27,17990,90,9.0,2010,17990
40000,27,35982,338,33.8,4018,35982
60000,27,53974,138,13.8,6026,53974
80000,27,71893,692,69.2,8107,71893
100000,27,89965,342,34.2,10035,89965
2,28,2,1,0.1,0,2
3,28,2,1,0.1,1,2
100,28,92,4,0.4,8,92
200,28,174,36,3.6,26,174
2000,28,1802,26,2.6,198,1802
10000,28,8968,191,19.1,1032,8968
20000,28,17952,71,7.1,2048,17952
40000,28,35853,234,23.4,4147,35853
60000,28,54129,261,26.1,5871,54129
80000,28,72094,338,33.8,7906,72094
100000,28,89859,64,6.4,10141,89859
2,29,2,1,0.1,0,2
3,29,3,1,0.1,0,3
100,29,87,22,2.2,13,87
200,29,164,86,8.6,36,164
2000,29,1788,16,1.6,212,1788
10000,29,8994,176,17.6,1006,8994
20000,29,18013,223,22.3,1987,18013
40000,29,35942,164,16.4,4058,35942
60000,29,53937,145,14.5,6063,53937
80000,29,72015,259,25.9,7985,72015
100000,29,89913,408,40.8,10087,89913
2,30,2,1,0.1,0,2
3,30,3,1,0.1,0,3
100,30,86,38,3.8,14,86
200,30,179,5,0.5,21,179
2000,30,1796,60,6.0,204,1796
10000,30,8982,143,14.3,1018,8982
20000,30,17957,432,43.2,2043,17957
40000,30,35992,111,11.1,4008,35992
60000,30,53950,202,20.2,6050,53950
80000,30,71950,274,27.4,8050,71950
100000,30,90036,139,13.9,9964,90036
2,31,2,1,0.1,0,2
3,31,3,1,0.1,0,3
100,31,93,15,1.5,7,93
200,31,170,37,3.7,30,170
2000,31,1797,33,3.3,203,1797
10000,31,9003,334,33.4,997,9003
20000,31,17943,315,31.5,2057,17943
40000,31,35998,174,17.4,4002,35998
60000,31,53878,629,62.9,6122,53878
80000,31,72039,173,17.3,7961,72039
100000,31,90073,221,22.1,9927,90073
2,32,1,1,0.1,1,1
3,32,2,1,0.1,1,2
100,32,86,2,0.2,14,86
200,32,182,47,4.7,18,182
2000,32,1800,163,16.3,200,1800
10000,32,9044,134,13.4,956,9044
20000,32,18027,77,7.7,1973,18027
40000,32,35915,223,22.3,4085,35915
60000,32,54050,124,12.4,5950,54050
80000,32,72121,276,27.6,7879,72121
100000,32,89829,261,26.1,10171,89829
2,33,2,1,0.1,0,2
3,33,3,1,0.1,0,3
100,33,91,18,1.8,9,91
200,33,174,25,2.5,26,174
2000,33,1819,3,0.3,181,1819
10000,33,8931,228,22.8,1069,8931
20000,33,18016,341,34.1,1984,18016
40000,33,35959,274,27.4,4041,35959
60000,33,54037,393,39.3,5963,54037
80000,33,72107,345,34.5,7893,72107
100000,33,90065,98,9.8,9935,90065
2,34,1,1,0.1,1,1
3,34,2,1,0.1,1,2
100,34,88,15,1.5,12,88
200,34,171,72,7.2,29,171
2000,34,1760,173,17.3,240,1760
10000,34,8997,106,10.6,1003,8997
20000,34,17951,250,25.0,2049,17951
40000,34,35997,391,39.1,4003,35997
60000,34,54056,189,18.9,5944,54056
80000,34,71969,418,41.8,8031,71969
100000,34,89877,272,27.2,10123,89877
2,35,2,1,0.1,0,2
3,35,3,1,0.1,0,3
100,35,87,19,1.9,13,87
200,35,168,33,3.3,32,168
2000,35,1786,50,5.0,214,1786
10000,35,8953,127,12.7,1047,8953
20000,35,18069,345,34.5,1931,18069
40000,35,36058,107,10.7,3942,36058
60000,35,53944,218,21.8,6056,53944
80000,35,72077,115,11.5,7923,72077
100000,35,90053,177,17.7,9947,90053
2,36,1,1,0.1,1,1
3,36,2,1,0.1,1,2
100,36,90,3,0.3,10,90
200,36,179,33,3.3,21,179
2000,36,1792,94,9.4,208,1792
10000,36,8957,102,10.2,1043,8957
20000,36,17937,178,17.8,2063,17937
40000,36,35937,361,36.1,4063,35937
60000,36,53970,60,6.0,6030,53970
80000,36,72065,161,16.1,7935,72065
100000,36,89936,32,3.2,10064,89936
2,37,2,1,0.1,0,2
3,37,3,1,0.1,0,3
100,37,85,6,0.6,15,85
200,37,181,34,3.4,19,181
2000,37,1791,145,14.5,209,1791
10000,37,8979,174,17.4,1021,8979
20000,37,18009,50,5.0,1991,18009
40000,37,35981,112,11.2,4019,35981
60000,37,53898,443,44.3,6102,53898
80000,37,71882,203,20.3,8118,71882
100000,37,90078,49,4.9,9922,90078
2,38,2,1,0.1,0,2
3,38,3,1,0.1,0,3
100,38,88,16,1.6,12,88
200,38,175,47,4.7,25,175
2000,38,1797,127,12.7,203,1797
10000,38,8962,125,12.5,1038,8962
20000,38,18010,338,33.8,1990,18010
40000,38,35892,435,43.5,4108,35892
60000,38,53950,232,23.2,6050,53950
80000,38,71853,274,27.4,8147,71853
100000,38,89892,116,11.6,10108,89892
2,39,2,1,0.1,0,2
3,39,3,1,0.1,0,3
100,39,85,24,2.4,15,85
200,39,170,17,1.7,30,170
2000,39,1803,207,20.7,197,1803
10000,39,8947,209,20.9,1053,8947
20000,39,17888,174,17.4,2112,17888
40000,39,35988,358,35.8,4012,35988
60000,39,54051,133,13.3,5949,54051
80000,39,71996,316,31.6,8004,71996
100000,39,89983,197,19.7,10017,89983
2,40,2,1,0.1,0,2
3,40,3,1,0.1,0,3
100,40,89,8,0.8,11,89
200,40,175,15,1.5,25,175
2000,40,1777,118,11.8,223,1777
10000,40,9007,65,6.5,993,9007
20000,40,18053,145,14.5,1947,18053
40000,40,35935,412,41.2,4065,35935
60000,40,54004,146,14.6,5996,54004
80000,40,71841,236,23.6,8159,71841
100000,40,90017,95,9.5,9983,90017
2,41,2,1,0.1,0,2
3,41,2,1,0.1,1,2
100,41,90,24,2.4,10,90
200,41,182,26,2.6,18,182
2000,41,1786,6,0.6,214,1786
10000,41,8992,29,2.9,1008,8992
20000,41,17964,93,9.3,2036,17964
40000,41,35970,98,9.8,4030,35970
60000,41,53979,172,17.2,6021,53979
80000,41,71956,505,50.5,8044,71956
100000,41,89946,313,31.3,10054,89946
2,42,2,1,0.1,0,2
3,42,3,1,0.1,0,3
100,42,92,26,2.6,8,92
200,42,179,76,7.6,21,179
2000,42,1783,265,26.5,217,1783
10000,42,8970,312,31.2,1030,8970
20000,42,18003,210,21.0,1997,18003
40000,42,36071,344,34.4,3929,36071
60000,42,53994,150,15.0,6006,53994
80000,42,71948,108,10.8,8052,71948
100000,42,89946,533,53.3,10054,89946
2,43,2,1,0.1,0,2
3,43,3,1,0.1,0,3
100,43,89,27,2.7,11,89
200,43,174,75,7.5,26,174
2000,43,1768,104,10.4,232,1768
10000,43,9007,222,22.2,993,9007
20000,43,18004,375,37.5,1996,18004
40000,43,35957,277,27.7,4043,35957
60000,43,53998,120,12.0,6002,53998
80000,43,72017,76,7.6,7983,72017
100000,43,89936,60,6.0,10064,89936
2,44,2,1,0.1,0,2
3,44,3,1,0.1,0,3
100,44,85,34,3.4,15,85
200,44,183,11,1.1,17,183
2000,44,1794,21,2.1,206,1794
10000,44,9032,121,12.1,968,9032
20000,44,17966,141,14.1,2034,17966
40000,44,35970,105,10.5,4030,35970
60000,44,54146,165,16.5,5854,54146
80000,44,72050,302,30.2,7950,72050
100000,44,89889,158,15.8,10111,89889
2,45,1,1,0.1,1,1
3,45,2,2,0.2,1,2
100,45,93,11,1.1,7,93
200,45,180,33,3.3,20,180
2000,45,1797,136,13.6,203,1797
10000,45,8992,169,16.9,1008,8992
20000,45,17958,199,19.9,2042,17958
40000,45,35999,288,28.8,4001,35999
60000,45,53976,138,13.8,6024,53976
80000,45,72117,98,9.8,7883,72117
100000,45,90043,183,18.3,9957,90043
2,46,2,1,0.1,0,2
3,46,3,1,0.1,0,3
100,46,92,25,2.5,8,92
200,46,177,5,0.5,23,177
2000,46,1789,97,9.7,211,1789
10000,46,8901,295,29.5,1099,8901
20000,46,18044,87,8.7,1956,18044
40000,46,36014,422,42.2,3986,36014
60000,46,54005,60,6.0,5995,54005
80000,46,72172,201,20.1,7828,72172
100000,46,89790,161,16.1,10210,89790
2,47,2,1,0.1,0,2
3,47,3,1,0.1,0,3
100,47,88,6,0.6,12,88
200,47,166,55,5.5,34,166
2000,47,1799,30,3.0,201,1799
10000,47,8982,160,16.0,1018,8982
20000,47,17990,264,26.4,2010,17990
40000,47,36061,222,22.2,3939,36061
60000,47,53955,258,25.8,6045,53955
80000,47,71869,325,32.5,8131,71869
100000,47,89944,214,21.4,10056,89944
2,48,2,1,0.1,0,2
3,48,3,1,0.1,0,3
100,48,87,31,3.1,13,87
200,48,177,40,4.0,23,177
2000,48,1772,100,10.0,228,1772
10000,48,8961,191,19.1,1039,8961
20000,48,17999,259,25.9,2001,17999
40000,48,35980,76,7.6,4020,35980
60000,48,54081,216,21.6,5919,54081
80000,48,72111,224,22.4,7889,72111
100000,48,89962,145,14.5,10038,89962
2,49,0,1,0.1,2,0
3,49,3,1,0.1,0,3
100,49,95,10,1.0,5,95
200,49,174,77,7.7,26,174
2000,49,1799,112,11.2,201,1799
10000,49,9047,42,4.2,953,9047
20000,49,17974,188,18.8,2026,17974
40000,49,36024,89,8.9,3976,36024
60000,49,53861,161,16.1,6139,53861
80000,49,71915,184,18.4,8085,71915
100000,49,89927,85,8.5,10073,89927
2,50,2,1,0.1,0,2
3,50,1,2,0.2,2,1
100,50,93,19,1.9,7,93
200,50,179,61,6.1,21,179
2000,50,1791,51,5.1,209,1791
10000,50,8949,67,6.7,1051,8949
20000,50,18005,163,16.3,1995,18005
40000,50,35972,316,31.6,4028,35972
60000,50,53872,298,29.8,6128,53872
80000,50,71902,137,13.7,8098,71902
100000,50,90079,336,33.6,9921,90079
2,51,2,1,0.1,0,2
3,51,2,1,0.1,1,2
100,51,89,29,2.9,11,89
200,51,181,17,1.7,19,181
2000,51,1795,60,6.0,205,1795
10000,51,8960,194,19.4,1040,8960
20000,51,17929,547,54.7,2071,17929
40000,51,35988,337,33.7,4012,35988
60000,51,53961,157,15.7,6039,53961
80000,51,72025,207,20.7,7975,72025
100000,51,89879,135,13.5,10121,89879
2,52,0,1,0.1,2,0
3,52,3,1,0.1,0,3
100,52,90,18,1.8,10,90
200,52,174,34,3.4,26,174
2000,52,1784,126,12.6,216,1784
10000,52,9018,210,21.0,982,9018
20000,52,18030,150,15.0,1970,18030
40000,52,35961,100,10.0,4039,35961
60000,52,53944,173,17.3,6056,53944
80000,52,71847,382,38.2,8153,71847
100000,52,89898,444,44.4,10102,89898
2,53,1,1,0.1,1,1
3,53,3,1,0.1,0,3
100,53,89,5,0.5,11,89
200,53,171,58,5.8,29,171
2000,53,1787,150,15.0,213,1787
10000,53,9007,71,7.1,993,9007
20000,53,17981,337,33.7,2019,17981
40000,53,35914,271,27.1,4086,35914
60000,53,54065,168,16.8,5935,54065
80000,53,71896,163,16.3,8104,71896
100000,53,89885,327,32.7,10115,89885
2,54,2,1,0.1,0,2
3,54,3,1,0.1,0,3
100,54,87,3,0.3,13,87
200,54,179,35,3.5,21,179
2000,54,1786,130,13.0,214,1786
10000,54,8998,25,2.5,1002,8998
20000,54,18009,83,8.3,1991,18009
40000,54,36026,99,9.9,3974,36026
60000,54,53899,264,26.4,6101,53899
80000,54,71941,91,9.1,8059,71941
100000,54,90032,305,30.5,9968,90032
2,55,2,1,0.1,0,2
3,55,3,1,0.1,0,3
100,55,88,11,1.1,12,88
200,55,170,82,8.2,30,170
2000,55,1775,261,26.1,225,1775
10000,55,8988,294,29.4,1012,8988
20000,55,18017,197,19.7,1983,18017
40000,55,36048,119,11.9,3952,36048
60000,55,54000,270,27.0,6000,54000
80000,55,72004,212,21.2,7996,72004
100000,55,89911,462,46.2,10089,89911
2,56,1,1,0.1,1,1
3,56,2,1,0.1,1,2
100,56,83,7,0.7,17,83
200,56,167,73,7.3,33,167
2000,56,1764,260,26.0,236,1764
10000,56,9005,180,18.0,995,9005
20000,56,17991,110,11.0,2009,17991
40000,56,35951,301,30.1,4049,35951
60000,56,54025,297,29.7,5975,54025
80000,56,72045,180,18.0,7955,72045
100000,56,89994,267,26.7,10006,89994
2,57,2,1,0.1,0,2
3,57,3,1,0.1,0,3
100,57,87,7,0.7,13,87
200,57,183,15,1.5,17,183
2000,57,1771,175,17.5,229,1771
10000,57,8919,256,25.6,1081,8919
20000,57,17983,322,32.2,2017,17983
40000,57,36052,163,16.3,3948,36052
60000,57,53893,90,9.0,6107,53893
80000,57,72010,123,12.3,7990,72010
100000,57,90007,416,41.6,9993,90007
2,58,2,1,0.1,0,2
3,58,3,1,0.1,0,3
100,58,88,3,0.3,12,88
200,58,174,19,1.9,26,174
2000,58,1779,151,15.1,221,1779
10000,58,9043,169,16.9,957,9043
20000,58,17936,282,28.2,2064,17936
40000,58,36123,105,10.5,3877,36123
60000,58,54095,140,14.0,5905,54095
80000,58,71954,290,29.0,8046,71954
100000,58,89913,377,37.7,10087,89913
2,59,2,1,0.1,0,2
3,59,2,2,0.2,1,2
100,59,88,22,2.2,12,88
200,59,186,3,0.3,14,186
2000,59,1794,6,0.6,206,1794
10000,59,8953,335,33.5,1047,8953
20000,59,17950,71,7.1,2050,17950
40000,59,35935,318,31.8,4065,35935
60000,59,54017,128,12.8,5983,54017
80000,59,71984,91,9.1,8016,71984
100000,59,89964,502,50.2,10036,89964
2,60,2,1,0.1,0,2
3,60,2,1,0.1,1,2
100,60,87,48,4.8,13,87
200,60,176,29,2.9,24,176
2000,60,1776,196,19.6,224,1776
10000,60,9052,164,16.4,948,9052
20000,60,18045,171,17.1,1955,18045
40000,60,35982,129,12.9,4018,35982
60000,60,54022,302,30.2,5978,54022
80000,60,72015,244,24.4,7985,72015
100000,60,89917,233,23.3,10083,89917
2,61,1,1,0.1,1,1
3,61,3,1,0.1,0,3
100,61,88,15,1.5,12,88
200,61,177,65,6.5,23,177
2000,61,1809,271,27.1,191,1809
10000,61,9010,60,6.0,990,9010
20000,61,17965,354,35.4,2035,17965
40000,61,35983,168,16.8,4017,35983
60000,61,53989,456,45.6,6011,53989
80000,61,72056,252,25.2,7944,72056
100000,61,90133,160,16.0,9867,90133
2,62,2,1,0.1,0,2
3,62,3,1,0.1,0,3
100,62,86,29,2.9,14,86
200,62,172,26,2.6,28,172
2000,62,1797,65,6.5,203,1797
10000,62,8935,119,11.9,1065,8935
20000,62,17983,265,26.5,2017,17983
40000,62,35984,142,14.2,4016,35984
60000,62,54054,72,7.2,5946,54054
80000,62,72060,162,16.2,7940,72060
100000,62,89743,278,27.8,10257,89743
2,63,2,1,0.1,0,2
3,63,3,1,0.1,0,3
100,63,80,13,1.3,20,80
200,63,179,10,1.0,21,179
2000,63,1793,26,2.6,207,1793
10000,63,8963,326,32.6,1037,8963
20000,63,17963,157,15.7,2037,17963
40000,63,35968,407,40.7,4032,35968
60000,63,53870,237,23.7,6130,53870
80000,63,71992,112,11.2,8008,71992
100000,63,90041,210,21.0,9959,90041
2,64,1,1,0.1,1,1
3,64,3,1,0.1,0,3
100,64,86,25,2.5,14,86
200,64,179,24,2.4,21,179
2000,64,1792,20,2.0,208,1792
10000,64,8928,267,26.7,1072,8928
20000,64,18060,306,30.6,1940,18060
40000,64,36080,255,25.5,3920,36080
60000,64,53973,272,27.2,6027,53973
80000,64,71938,231,23.1,8062,71938
100000,64,90013,192,19.2,9987,90013
2,65,2,1,0.1,0,2
3,65,1,2,0.2,2,1
100,65,86,12,1.2,14,86
200,65,174,41,4.1,26,174
2000,65,1798,207,20.7,202,1798
10000,65,8959,96,9.6,1041,8959
20000,65,18031,3,0.3,1969,18031
40000,65,35973,293,29.3,4027,35973
60000,65,53981,132,13.2,6019,53981
80000,65,71936,137,13.7,8064,71936
100000,65,89845,405,40.5,10155,89845
2,66,2,1,0.1,0,2
3,66,3,1,0.1,0,3
100,66,83,29,2.9,17,83
200,66,178,21,2.1,22,178
2000,66,1783,139,13.9,217,1783
10000,66,8987,220,22.0,1013,8987
20000,66,17995,148,14.8,2005,17995
40000,66,35941,222,22.2,4059,35941
60000,66,54110,230,23.0,5890,54110
80000,66,71947,448,44.8,8053,71947
100000,66,89850,83,8.3,10150,89850
2,67,2,1,0.1,0,2
3,67,2,1,0.1,1,2
100,67,90,23,2.3,10,90
200,67,172,57,5.7,28,172
2000,67,1755,227,22.7,245,1755
10000,67,8951,3,0.3,1049,8951
20000,67,18060,146,14.6,1940,18060
40000,67,35936,142,14.2,4064,35936
60000,67,54058,86,8.6,5942,54058
80000,67,71847,348,34.8,8153,71847
100000,67,89979,324,32.4,10021,89979
2,68,2,1,0.1,0,2
3,68,3,1,0.1,0,3
100,68,90,20,2.0,10,90
200,68,177,29,2.9,23,177
2000,68,1771,126,12.6,229,1771
10000,68,8954,174,17.4,1046,8954
20000,68,17885,228,22.8,2115,17885
40000,68,36018,233,23.3,3982,36018
60000,68,54014,433,43.3,5986,54014
80000,68,71989,84,8.4,8011,71989
100000,68,89994,142,14.2,10006,89994
2,69,1,1,0.1,1,1
3,69,2,1,0.1,1,2
100,69,89,14,1.4,11,89
200,69,172,14,1.4,28,172
2000,69,1769,175,17.5,231,1769
10000,69,8955,154,15.4,1045,8955
20000,69,17967,342,34.2,2033,17967
40000,69,35983,521,52.1,4017,35983
60000,69,54022,160,16.0,5978,54022
80000,69,71908,340,34.0,8092,71908
100000,69,89862,327,32.7,10138,89862
2,70,2,1,0.1,0,2
3,70,3,1,0.1,0,3
100,70,87,11,1.1,13,87
200,70,175,66,6.6,25,175
2000,70,1783,87,8.7,217,1783
10000,70,8959,408,40.8,1041,8959
20000,70,17959,261,26.1,2041,17959
40000,70,35894,60,6.0,4106,35894
60000,70,53899,161,16.1,6101,53899
80000,70,71997,206,20.6,8003,71997
100000,70,89983,172,17.2,10017,89983
2,71,1,1,0.1,1,1
3,71,2,1,0.1,1,2
100,71,91,20,2.0,9,91
200,71,174,33,3.3,26,174
2000,71,1777,147,14.7,223,1777
10000,71,8940,25,2.5,1060,8940
20000,71,18016,44,4.4,1984,18016
40000,71,35963,95,9.5,4037,35963
60000,71,53861,200,20.0,6139,53861
80000,71,71971,335,33.5,8029,71971
100000,71,89822,448,44.8,10178,89822
2,72,2,1,0.1,0,2
3,72,2,2,0.2,1,2
100,72,78,98,9.8,22,78
200,72,178,4,0.4,22,178
2000,72,1779,57,5.7,221,1779
10000,72,8961,125,12.5,1039,8961
20000,72,17962,123,12.3,2038,17962
40000,72,35948,276,27.6,4052,35948
60000,72,53951,56,5.6,6049,53951
80000,72,71991,114,11.4,8009,71991
100000,72,90064,413,41.3,9936,90064
2,73,2,1,0.1,0,2
3,73,3,1,0.1,0,3
100,73,84,26,2.6,16,84
200,73,182,10,1.0,18,182
2000,73,1795,77,7.7,205,1795
10000,73,8999,138,13.8,1001,8999
20000,73,18059,67,6.7,1941,18059
40000,73,36046,412,41.2,3954,36046
60000,73,54050,52,5.2,5950,54050
80000,73,71887,94,9.4,8113,71887
100000,73,90002,312,31.2,9998,90002
2,74,2,1,0.1,0,2
3,74,3,1,0.1,0,3
100,74,85,3,0.3,15,85
200,74,170,27,2.7,30,170
2000,74,1787,38,3.8,213,1787
10000,74,8972,243,24.3,1028,8972
20000,74,18029,115,11.5,1971,18029
40000,74,36004,200,20.0,3996,36004
60000,74,54033,116,11.6,5967,54033
80000,74,71895,602,60.2,8105,71895
100000,74,89857,420,42.0,10143,89857
2,75,2,1,0.1,0,2
3,75,3,1,0.1,0,3
100,75,80,37,3.7,20,80
200,75,175,9,0.9,25,175
2000,75,1781,84,8.4,219,1781
10000,75,8965,131,13.1,1035,8965
20000,75,18064,171,17.1,1936,18064
40000,75,35957,101,10.1,4043,35957
60000,75,53968,342,34.2,6032,53968
80000,75,72004,194,19.4,7996,72004
100000,75,89838,294,29.4,10162,89838
2,76,2,1,0.1,0,2
3,76,1,1,0.1,2,1
100,76,78,96,9.6,22,78
200,76,151,198,19.8,49,151
2000,76,1755,174,17.4,245,1755
10000,76,8953,7,0.7,1047,8953
20000,76,17940,259,25.9,2060,17940
40000,76,36020,49,4.9,3980,36020
60000,76,53989,275,27.5,6011,53989
80000,76,72067,341,34.1,7933,72067
100000,76,89868,294,29.4,10132,89868
2,77,1,1,0.1,1,1
3,77,3,1,0.1,0,3
100,77,88,7,0.7,12,88
200,77,173,53,5.3,27,173
2000,77,1807,111,11.1,193,1807
10000,77,9007,76,7.6,993,9007
20000,77,17988,105,10.5,2012,17988
40000,77,36052,191,19.1,3948,36052
60000,77,54005,250,25.0,5995,54005
80000,77,71871,183,18.3,8129,71871
100000,77,89874,252,25.2,10126,89874
2,78,2,1,0.1,0,2
3,78,3,1,0.1,0,3
100,78,82,38,3.8,18,82
200,78,180,27,2.7,20,180
2000,78,1776,178,17.8,224,1776
10000,78,9004,79,7.9,996,9004
20000,78,17973,218,21.8,2027,17973
40000,78,36001,79,7.9,3999,36001
60000,78,54044,114,11.4,5956,54044
80000,78,71913,149,14.9,8087,71913
100000,78,90042,123,12.3,9958,90042
2,79,1,1,0.1,1,1
3,79,3,1,0.1,0,3
100,79,93,29,2.9,7,93
200,79,171,101,10.1,29,171
2000,79,1768,360,36.0,232,1768
10000,79,8967,235,23.5,1033,8967
20000,79,17926,398,39.8,2074,17926
40000,79,36027,356,35.6,3973,36027
60000,79,54050,116,11.6,5950,54050
80000,79,71963,153,15.3,8037,71963
100000,79,89922,212,21.2,10078,89922
2,80,2,1,0.1,0,2
3,80,3,1,0.1,0,3
100,80,87,13,1.3,13,87
200,80,181,11,1.1,19,181
2000,80,1789,70,7.0,211,1789
10000,80,8948,254,25.4,1052,8948
20000,80,17923,73,7.3,2077,17923
40000,80,35851,473,47.3,4149,35851
60000,80,53955,82,8.2,6045,53955
80000,80,71864,416,41.6,8136,71864
100000,80,89988,489,48.9,10012,89988
2,81,1,1,0.1,1,1
3,81,2,1,0.1,1,2
100,81,91,5,0.5,9,91
200,81,179,25,2.5,21,179
2000,81,1808,12,1.2,192,1808
10000,81,8976,317,31.7,1024,8976
20000,81,17981,375,37.5,2019,17981
40000,81,35945,71,7.1,4055,35945
60000,81,53916,245,24.5,6084,53916
80000,81,72084,162,16.2,7916,72084
100000,81,90262,336,33.6,9738,90262
2,82,2,1,0.1,0,2
3,82,2,1,0.1,1,2
100,82,88,23,2.3,12,88
200,82,181,69,6.9,19,181
2000,82,1785,12,1.2,215,1785
10000,82,8966,89,8.9,1034,8966
20000,82,18003,76,7.6,1997,18003
40000,82,36056,238,23.8,3944,36056
60000,82,53890,121,12.1,6110,53890
80000,82,72034,167,16.7,7966,72034
100000,82,89904,135,13.5,10096,89904
2,83,2,1,0.1,0,2
3,83,3,1,0.1,0,3
100,83,86,30,3.0,14,86
200,83,183,7,0.7,17,183
2000,83,1796,180,18.0,204,1796
10000,83,8962,148,14.8,1038,8962
20000,83,17965,219,21.9,2035,17965
40000,83,35998,290,29.0,4002,35998
60000,83,54094,269,26.9,5906,54094
80000,83,71993,46,4.6,8007,71993
100000,83,89779,213,21.3,10221,89779
2,84,1,1,0.1,1,1
3,84,3,1,0.1,0,3
100,84,88,2,0.2,12,88
200,84,167,92,9.2,33,167
2000,84,1792,40,4.0,208,1792
10000,84,9008,185,18.5,992,9008
20000,84,17995,216,21.6,2005,17995
40000,84,36150,204,20.4,3850,36150
60000,84,53907,219,21.9,6093,53907
80000,84,71898,129,12.9,8102,71898
100000,84,90047,244,24.4,9953,90047
2,85,1,1,0.1,1,1
3,85,3,1,0.1,0,3
100,85,87,23,2.3,13,87
200,85,175,13,1.3,25,175
2000,85,1765,410,41.0,235,1765
10000,85,8990,150,15.0,1010,8990
20000,85,18033,59,5.9,1967,18033
40000,85,36033,234,23.4,3967,36033
60000,85,54089,129,12.9,5911,54089
80000,85,71891,288,28.8,8109,71891
100000,85,89837,272,27.2,10163,89837
2,86,2,1,0.1,0,2
3,86,2,1,0.1,1,2
100,86,89,27,2.7,11,89
200,86,176,14,1.4,24,176
2000,86,1774,79,7.9,226,1774
10000,86,9021,21,2.1,979,9021
20000,86,18002,134,13.4,1998,18002
40000,86,35972,308,30.8,4028,35972
60000,86,53919,394,39.4,6081,53919
80000,86,71966,310,31.0,8034,71966
100000,86,90091,444,44.4,9909,90091
2,87,2,1,0.1,0,2
3,87,3,1,0.1,0,3
100,87,92,8,0.8,8,92
200,87,184,20,2.0,16,184
2000,87,1771,91,9.1,229,1771
10000,87,8938,349,34.9,1062,8938
20000,87,17984,167,16.7,2016,17984
40000,87,36058,117,11.7,3942,36058
60000,87,53933,288,28.8,6067,53933
80000,87,71958,218,21.8,8042,71958
100000,87,90126,282,28.2,9874,90126
2,88,2,1,0.1,0,2
3,88,3,1,0.1,0,3
100,88,90,16,1.6,10,90
200,88,180,10,1.0,20,180
2000,88,1789,166,16.6,211,1789
10000,88,8966,118,11.8,1034,8966
20000,88,17966,366,36.6,2034,17966
40000,88,36063,187,18.7,3937,36063
60000,88,54023,18,1.8,5977,54023
80000,88,72013,220,22.0,7987,72013
100000,88,89909,268,26.8,10091,89909
2,89,2,1,0.1,0,2
3,89,3,1,0.1,0,3
100,89,82,26,2.6,18,82
200,89,176,51,5.1,24,176
2000,89,1809,112,11.2,191,1809
10000,89,8957,221,22.1,1043,8957
20000,89,17961,327,32.7,2039,17961
40000,89,36012,88,8.8,3988,36012
60000,89,54014,347,34.7,5986,54014
80000,89,71925,191,19.1,8075,71925
100000,89,89950,304,30.4,10050,89950
2,90,1,1,0.1,1,1
3,90,3,1,0.1,0,3
100,90,86,36,3.6,14,86
200,90,170,20,2.0,30,170
2000,90,1798,16,1.6,202,1798
10000,90,8982,198,19.8,1018,8982
20000,90,17923,298,29.8,2077,17923
40000,90,36059,278,27.8,3941,36059
60000,90,54032,220,22.0,5968,54032
80000,90,71897,15,1.5,8103,71897
100000,90,89978,268,26.8,10022,89978
2,91,2,1,0.1,0,2
3,91,2,2,0.2,1,2
100,91,88,23,2.3,12,88
200,91,185,14,1.4,15,185
2000,91,1778,166,16.6,222,1778
10000,91,8925,118,11.8,1075,8925
20000,91,18037,200,20.0,1963,18037
40000,91,35932,71,7.1,4068,35932
60000,91,53943,327,32.7,6057,53943
80000,91,71951,75,7.5,8049,71951
100000,91,89977,310,31.0,10023,89977
2,92,2,1,0.1,0,2
3,92,3,1,0.1,0,3
100,92,82,36,3.6,18,82
200,92,179,5,0.5,21,179
2000,92,1818,41,4.1,182,1818
10000,92,9012,39,3.9,988,9012
20000,92,18013,97,9.7,1987,18013
40000,92,36017,208,20.8,3983,36017
60000,92,53942,169,16.9,6058,53942
80000,92,72106,322,32.2,7894,72106
100000,92,89850,375,37.5,10150,89850
2,93,2,1,0.1,0,2
3,93,3,1,0.1,0,3
100,93,89,8,0.8,11,89
200,93,168,58,5.8,32,168
2000,93,1791,69,6.9,209,1791
10000,93,9027,263,26.3,973,9027
20000,93,17939,246,24.6,2061,17939
40000,93,35953,89,8.9,4047,35953
60000,93,53959,365,36.5,6041,53959
80000,93,71934,404,40.4,8066,71934
100000,93,89996,314,31.4,10004,89996
2,94,1,1,0.1,1,1
3,94,3,1,0.1,0,3
100,94,89,18,1.8,11,89
200,94,176,13,1.3,24,176
2000,94,1805,100,10.0,195,1805
10000,94,8977,202,20.2,1023,8977
20000,94,17950,213,21.3,2050,17950
40000,94,36067,69,6.9,3933,36067
60000,94,53825,225,22.5,6175,53825
80000,94,72131,114,11.4,7869,72131
100000,94,89950,243,24.3,10050,89950
2,95,2,1,0.1,0,2
3,95,3,1,0.1,0,3
100,95,87,36,3.6,13,87
200,95,174,77,7.7,26,174
2000,95,1776,100,10.0,224,1776
10000,95,9014,125,12.5,986,9014
20000,95,17975,277,27.7,2025,17975
40000,95,36000,180,18.0,4000,36000
60000,95,53869,192,19.2,6131,53869
80000,95,72015,283,28.3,7985,72015
100000,95,89996,229,22.9,10004,89996
2,96,2,1,0.1,0,2
3,96,2,2,0.2,1,2
100,96,83,2,0.2,17,83
200,96,173,92,9.2,27,173
2000,96,1800,100,10.0,200,1800
10000,96,8961,248,24.8,1039,8961
20000,96,17946,147,14.7,2054,17946
40000,96,35913,163,16.3,4087,35913
60000,96,53971,188,18.8,6029,53971
80000,96,71900,343,34.3,8100,71900
100000,96,90014,283,28.3,9986,90014
2,97,1,1,0.1,1,1
3,97,3,1,0.1,0,3
100,97,93,27,2.7,7,93
200,97,178,36,3.6,22,178
2000,97,1785,147,14.7,215,1785
10000,97,8954,387,38.7,1046,8954
20000,97,18089,95,9.5,1911,18089
40000,97,35944,188,18.8,4056,35944
60000,97,53926,108,10.8,6074,53926
80000,97,71829,608,60.8,8171,71829
100000,97,90119,556,55.6,9881,90119
2,98,2,1,0.1,0,2
3,98,2,1,0.1,1,2
100,98,92,3,0.3,8,92
200,98,173,35,3.5,27,173
2000,98,1775,157,15.7,225,1775
10000,98,8956,107,10.7,1044,8956
20000,98,18066,112,11.2,1934,18066
40000,98,35903,115,11.5,4097,35903
60000,98,53971,239,23.9,6029,53971
80000,98,72007,148,14.8,7993,72007
100000,98,90001,284,28.4,9999,90001
2,99,2,1,0.1,0,2
3,99,1,1,0.1,2,1
100,99,88,33,3.3,12,88
200,99,175,13,1.3,25,175
2000,99,1775,222,22.2,225,1775
10000,99,8894,240,24.0,1106,8894
20000,99,17953,275,27.5,2047,17953
40000,99,35904,77,7.7,4096,35904
60000,99,54018,228,22.8,5982,54018
80000,99,71969,325,32.5,8031,71969
100000,99,90026,310,31.0,9974,90026
2,100,1,1,0.1,1,1
3,100,3,1,0.1,0,3
100,100,91,41,4.1,9,91
200,100,175,37,3.7,25,175
2000,100,1802,65,6.5,198,1802
10000,100,8997,135,13.5,1003,8997
20000,100,17994,445,44.5,2006,17994
40000,100,35964,417,41.7,4036,35964
60000,100,54013,81,8.1,5987,54013
80000,100,71958,148,14.8,8042,71958
100000,100,90117,248,24.8,9883,90117
