Timestep,Iteration,Total Reward,Suboptimal Arms Count,Total Regret,Zeros Count,Ones Count
2,1,1,1,0.01,1,1
3,1,3,2,0.01,0,3
100,1,91,61,0.31,9,91
200,1,178,198,0.99,22,178
2000,1,1806,820,4.1,194,1806
10000,1,9003,3550,17.75,997,9003
20000,1,17944,7006,35.03,2056,17944
40000,1,35955,4917,24.58,4045,35955
60000,1,54077,12542,62.71,5923,54077
80000,1,71779,12804,64.02,8221,71779
100000,1,89857,9296,46.48,10143,89857
2,2,2,1,0.01,0,2
3,2,3,2,0.01,0,3
100,2,95,94,0.47,5,95
200,2,181,142,0.71,19,181
2000,2,1811,761,3.8,189,1811
10000,2,8982,4577,22.88,1018,8982
20000,2,17930,9014,45.07,2070,17930
40000,2,35977,5522,27.61,4023,35977
60000,2,53905,7552,37.76,6095,53905
80000,2,71951,21368,106.84,8049,71951
100000,2,89948,15833,79.17,10052,89948
2,3,1,1,0.01,1,1
3,3,3,2,0.01,0,3
100,3,92,25,0.13,8,92
200,3,177,96,0.48,23,177
2000,3,1788,707,3.53,212,1788
10000,3,9010,3748,18.74,990,9010
20000,3,17963,3429,17.15,2037,17963
40000,3,35877,17021,85.1,4123,35877
60000,3,53995,15626,78.13,6005,53995
80000,3,72008,25683,128.41,7992,72008
100000,3,89904,14430,72.15,10096,89904
2,4,1,1,0.01,1,1
3,4,2,1,0.01,1,2
100,4,90,76,0.38,10,90
200,4,177,92,0.46,23,177
2000,4,1808,1093,5.46,192,1808
10000,4,9013,2660,13.3,987,9013
20000,4,18011,5241,26.2,1989,18011
40000,4,35942,6350,31.75,4058,35942
60000,4,53870,25999,129.99,6130,53870
80000,4,72077,4454,22.27,7923,72077
100000,4,89683,24701,123.5,10317,89683
2,5,2,1,0.01,0,2
3,5,3,2,0.01,0,3
100,5,87,78,0.39,13,87
200,5,183,41,0.21,17,183
2000,5,1807,529,2.64,193,1807
10000,5,8945,7058,35.29,1055,8945
20000,5,17954,9157,45.79,2046,17954
40000,5,35921,7035,35.17,4079,35921
60000,5,53980,15090,75.45,6020,53980
80000,5,72019,9837,49.19,7981,72019
100000,5,89833,36272,181.36,10167,89833
2,6,1,1,0.01,1,1
3,6,2,1,0.01,1,2
100,6,90,63,0.32,10,90
200,6,172,103,0.52,28,172
2000,6,1808,513,2.56,192,1808
10000,6,8998,3445,17.23,1002,8998
20000,6,17949,5270,26.35,2051,17949
40000,6,35951,10998,54.99,4049,35951
60000,6,54039,12057,60.29,5961,54039
80000,6,71775,25482,127.41,8225,71775
100000,6,90020,5569,27.84,9980,90020
2,7,1,1,0.01,1,1
3,7,3,2,0.01,0,3
100,7,95,94,0.47,5,95
200,7,173,158,0.79,27,173
2000,7,1811,717,3.58,189,1811
10000,7,9010,2982,14.91,990,9010
20000,7,17985,4373,21.86,2015,17985
40000,7,36059,17589,87.94,3941,36059
60000,7,53979,5355,26.77,6021,53979
80000,7,71953,11194,55.97,8047,71953
100000,7,89910,17372,86.86,10090,89910
2,8,2,1,0.01,0,2
3,8,2,2,0.01,1,2
100,8,90,66,0.33,10,90
200,8,178,22,0.11,22,178
2000,8,1755,652,3.26,245,1755
10000,8,9008,5476,27.38,992,9008
20000,8,17953,10768,53.84,2047,17953
40000,8,35856,9765,48.83,4144,35856
60000,8,54060,10676,53.38,5940,54060
80000,8,71829,9182,45.91,8171,71829
100000,8,89911,20698,103.49,10089,89911
2,9,2,1,0.01,0,2
3,9,3,2,0.01,0,3
100,9,91,45,0.23,9,91
200,9,178,114,0.57,22,178
2000,9,1780,872,4.36,220,1780
10000,9,9001,4647,23.23,999,9001
20000,9,18028,5233,26.16,1972,18028
40000,9,35975,8091,40.46,4025,35975
60000,9,54141,11285,56.43,5859,54141
80000,9,71794,20811,104.05,8206,71794
100000,9,89949,19542,97.71,10051,89949
2,10,2,1,0.01,0,2
3,10,3,2,0.01,0,3
100,10,80,40,0.2,20,80
200,10,181,122,0.61,19,181
2000,10,1796,820,4.1,204,1796
10000,10,8955,5750,28.75,1045,8955
20000,10,17873,5508,27.54,2127,17873
40000,10,35962,16075,80.37,4038,35962
60000,10,53872,4431,22.15,6128,53872
80000,10,71948,19530,97.65,8052,71948
100000,10,89883,13565,67.83,10117,89883
2,11,2,1,0.01,0,2
3,11,2,1,0.01,1,2
100,11,94,85,0.43,6,94
200,11,178,56,0.28,22,178
2000,11,1805,1177,5.88,195,1805
10000,11,8960,2712,13.56,1040,8960
20000,11,18072,3268,16.34,1928,18072
40000,11,35982,16558,82.79,4018,35982
60000,11,53939,18633,93.16,6061,53939
80000,11,71842,6268,31.34,8158,71842
100000,11,89868,9288,46.44,10132,89868
2,12,2,1,0.01,0,2
3,12,3,2,0.01,0,3
100,12,87,21,0.11,13,87
200,12,185,146,0.73,15,185
2000,12,1794,837,4.18,206,1794
10000,12,8954,4871,24.35,1046,8954
20000,12,18033,4787,23.93,1967,18033
40000,12,35993,10432,52.16,4007,35993
60000,12,53954,5738,28.69,6046,53954
80000,12,71921,8213,41.07,8079,71921
100000,12,89957,38055,190.27,10043,89957
2,13,2,1,0.01,0,2
3,13,3,2,0.01,0,3
100,13,94,60,0.3,6,94
200,13,181,96,0.48,19,181
2000,13,1807,987,4.93,193,1807
10000,13,8992,5608,28.04,1008,8992
20000,13,18019,5146,25.73,1981,18019
40000,13,35962,12028,60.14,4038,35962
60000,13,53955,14034,70.17,6045,53955
80000,13,71924,24669,123.34,8076,71924
100000,13,89851,19852,99.26,10149,89851
2,14,2,1,0.01,0,2
3,14,2,2,0.01,1,2
100,14,92,2,0.01,8,92
200,14,180,88,0.44,20,180
2000,14,1781,653,3.26,219,1781
10000,14,8947,2127,10.64,1053,8947
20000,14,17940,10345,51.73,2060,17940
40000,14,35945,10888,54.44,4055,35945
60000,14,53893,15778,78.89,6107,53893
80000,14,71916,11639,58.2,8084,71916
100000,14,90052,9258,46.29,9948,90052
2,15,1,1,0.01,1,1
3,15,2,2,0.01,1,2
100,15,90,54,0.27,10,90
200,15,179,109,0.55,21,179
2000,15,1779,1174,5.87,221,1779
10000,15,9005,4795,23.97,995,9005
20000,15,17914,12920,64.6,2086,17914
40000,15,36049,13999,70.0,3951,36049
60000,15,53955,14630,73.15,6045,53955
80000,15,72015,7065,35.32,7985,72015
100000,15,89831,15386,76.93,10169,89831
2,16,0,1,0.01,2,0
3,16,1,1,0.01,2,1
100,16,92,71,0.36,8,92
200,16,184,71,0.36,16,184
2000,16,1793,798,3.99,207,1793
10000,16,8974,4849,24.24,1026,8974
20000,16,17996,4885,24.42,2004,17996
40000,16,36083,4976,24.88,3917,36083
60000,16,53967,10616,53.08,6033,53967
80000,16,71906,18161,90.8,8094,71906
100000,16,89877,26588,132.94,10123,89877
2,17,2,1,0.01,0,2
3,17,3,2,0.01,0,3
100,17,95,57,0.29,5,95
200,17,179,132,0.66,21,179
2000,17,1802,1620,8.1,198,1802
10000,17,8978,650,3.25,1022,8978
20000,17,17912,8205,41.03,2088,17912
40000,17,36006,6426,32.13,3994,36006
60000,17,53752,20234,101.17,6248,53752
80000,17,72051,15953,79.76,7949,72051
100000,17,90006,22291,111.45,9994,90006
2,18,2,1,0.01,0,2
3,18,2,1,0.01,1,2
100,18,92,30,0.15,8,92
200,18,173,149,0.75,27,173
2000,18,1794,444,2.22,206,1794
10000,18,8982,3569,17.85,1018,8982
20000,18,17916,14274,71.37,2084,17916
40000,18,35979,11066,55.33,4021,35979
60000,18,54084,20728,103.64,5916,54084
80000,18,72082,12142,60.71,7918,72082
100000,18,89896,30089,150.44,10104,89896
2,19,2,1,0.01,0,2
3,19,3,2,0.01,0,3
100,19,91,52,0.26,9,91
200,19,177,115,0.58,23,177
2000,19,1781,1043,5.21,219,1781
10000,19,9010,2452,12.26,990,9010
20000,19,17925,4836,24.18,2075,17925
40000,19,35935,13629,68.15,4065,35935
60000,19,53805,18189,90.94,6195,53805
80000,19,71913,13451,67.26,8087,71913
100000,19,90055,13954,69.77,9945,90055
2,20,2,1,0.01,0,2
3,20,3,2,0.01,0,3
100,20,87,98,0.49,13,87
200,20,176,94,0.47,24,176
2000,20,1785,783,3.91,215,1785
10000,20,8983,5516,27.58,1017,8983
20000,20,17951,4514,22.57,2049,17951
40000,20,35889,10951,54.76,4111,35889
60000,20,53924,17001,85.0,6076,53924
80000,20,71773,23808,119.04,8227,71773
100000,20,89973,12749,63.75,10027,89973
2,21,2,1,0.01,0,2
3,21,3,2,0.01,0,3
100,21,91,45,0.23,9,91
200,21,181,73,0.37,19,181
2000,21,1795,1047,5.23,205,1795
10000,21,9077,3791,18.96,923,9077
20000,21,17912,4197,20.99,2088,17912
40000,21,35925,5835,29.17,4075,35925
60000,21,54036,18943,94.71,5964,54036
80000,21,71849,18022,90.11,8151,71849
100000,21,90001,28330,141.65,9999,90001
2,22,2,1,0.01,0,2
3,22,3,2,0.01,0,3
100,22,94,50,0.25,6,94
200,22,190,100,0.5,10,190
2000,22,1789,1368,6.84,211,1789
10000,22,8957,3941,19.71,1043,8957
20000,22,17992,5929,29.64,2008,17992
40000,22,36000,3237,16.19,4000,36000
60000,22,53849,5862,29.31,6151,53849
80000,22,71867,7292,36.46,8133,71867
100000,22,89861,15733,78.67,10139,89861
2,23,1,1,0.01,1,1
3,23,3,2,0.01,0,3
100,23,92,40,0.2,8,92
200,23,182,92,0.46,18,182
2000,23,1801,979,4.89,199,1801
10000,23,8968,4437,22.18,1032,8968
20000,23,17918,6567,32.83,2082,17918
40000,23,35955,11446,57.23,4045,35955
60000,23,53851,21202,106.01,6149,53851
80000,23,71856,13079,65.4,8144,71856
100000,23,89893,10182,50.91,10107,89893
2,24,2,1,0.01,0,2
3,24,2,1,0.01,1,2
100,24,89,49,0.25,11,89
200,24,186,56,0.28,14,186
2000,24,1812,740,3.7,188,1812
10000,24,8982,2778,13.89,1018,8982
20000,24,17991,5555,27.77,2009,17991
40000,24,35994,13748,68.74,4006,35994
60000,24,54034,17897,89.48,5966,54034
80000,24,71876,14091,70.46,8124,71876
100000,24,89623,22377,111.88,10377,89623
2,25,2,1,0.01,0,2
3,25,3,2,0.01,0,3
100,25,90,72,0.36,10,90
200,25,183,83,0.42,17,183
2000,25,1772,788,3.94,228,1772
10000,25,9004,4585,22.92,996,9004
20000,25,18004,4756,23.78,1996,18004
40000,25,36033,6916,34.58,3967,36033
60000,25,53858,16731,83.65,6142,53858
80000,25,72107,7829,39.15,7893,72107
100000,25,89944,11644,58.22,10056,89944
2,26,1,1,0.01,1,1
3,26,2,2,0.01,1,2
100,26,93,57,0.29,7,93
200,26,174,14,0.07,26,174
2000,26,1799,829,4.14,201,1799
10000,26,8957,5502,27.51,1043,8957
20000,26,17784,11976,59.88,2216,17784
40000,26,35716,27599,137.99,4284,35716
60000,26,53899,14259,71.3,6101,53899
80000,26,71975,13581,67.91,8025,71975
100000,26,90044,10775,53.88,9956,90044
2,27,2,1,0.01,0,2
3,27,3,2,0.01,0,3
100,27,93,45,0.23,7,93
200,27,176,190,0.95,24,176
2000,27,1799,1216,6.08,201,1799
10000,27,8966,4229,21.15,1034,8966
20000,27,17976,3058,15.29,2024,17976
40000,27,35913,17593,87.96,4087,35913
60000,27,53953,13052,65.26,6047,53953
80000,27,71784,18110,90.55,8216,71784
100000,27,89828,15392,76.96,10172,89828
2,28,2,1,0.01,0,2
3,28,3,2,0.01,0,3
100,28,88,56,0.28,12,88
200,28,183,141,0.71,17,183
2000,28,1798,784,3.92,202,1798
10000,28,8987,3865,19.33,1013,8987
20000,28,17948,4523,22.61,2052,17948
40000,28,35956,5574,27.87,4044,35956
60000,28,53928,14614,73.07,6072,53928
80000,28,71868,18560,92.8,8132,71868
100000,28,89885,20106,100.53,10115,89885
2,29,2,1,0.01,0,2
3,29,3,2,0.01,0,3
100,29,89,57,0.29,11,89
200,29,178,144,0.72,22,178
2000,29,1795,1075,5.37,205,1795
10000,29,8932,3464,17.32,1068,8932
20000,29,17885,10801,54.01,2115,17885
40000,29,35981,8613,43.07,4019,35981
60000,29,53938,17484,87.42,6062,53938
80000,29,71779,38839,194.19,8221,71779
100000,29,90041,7257,36.29,9959,90041
2,30,2,1,0.01,0,2
3,30,2,2,0.01,1,2
100,30,91,36,0.18,9,91
200,30,177,69,0.35,23,177
2000,30,1804,1009,5.04,196,1804
10000,30,9010,6152,30.76,990,9010
20000,30,17979,7650,38.25,2021,17979
40000,30,35930,14832,74.16,4070,35930
60000,30,54006,12167,60.84,5994,54006
80000,30,72003,17655,88.27,7997,72003
100000,30,89827,27024,135.12,10173,89827
2,31,2,1,0.01,0,2
3,31,3,2,0.01,0,3
100,31,87,61,0.31,13,87
200,31,184,114,0.57,16,184
2000,31,1829,681,3.4,171,1829
10000,31,9024,3533,17.67,976,9024
20000,31,17948,5152,25.76,2052,17948
40000,31,35984,10673,53.37,4016,35984
60000,31,53805,8062,40.31,6195,53805
80000,31,71808,14618,73.09,8192,71808
100000,31,89872,25934,129.67,10128,89872
2,32,2,1,0.01,0,2
3,32,3,2,0.01,0,3
100,32,93,48,0.24,7,93
200,32,180,2,0.01,20,180
2000,32,1800,401,2.0,200,1800
10000,32,8999,1510,7.55,1001,8999
20000,32,18009,4318,21.59,1991,18009
40000,32,35993,7587,37.94,4007,35993
60000,32,53823,7862,39.31,6177,53823
80000,32,71900,24425,122.12,8100,71900
100000,32,89918,17661,88.3,10082,89918
2,33,2,1,0.01,0,2
3,33,3,2,0.01,0,3
100,33,95,54,0.27,5,95
200,33,189,134,0.67,11,189
2000,33,1799,997,4.98,201,1799
10000,33,9018,3215,16.08,982,9018
20000,33,17996,2123,10.62,2004,17996
40000,33,35964,5621,28.1,4036,35964
60000,33,54062,4492,22.46,5938,54062
80000,33,71750,23274,116.37,8250,71750
100000,33,89864,18600,93.0,10136,89864
2,34,2,1,0.01,0,2
3,34,3,2,0.01,0,3
100,34,91,59,0.3,9,91
200,34,185,103,0.52,15,185
2000,34,1798,1223,6.11,202,1798
10000,34,9024,1890,9.45,976,9024
20000,34,17949,9574,47.87,2051,17949
40000,34,35928,12357,61.79,4072,35928
60000,34,53914,33401,167.0,6086,53914
80000,34,71935,15998,79.99,8065,71935
100000,34,89991,19872,99.36,10009,89991
2,35,2,1,0.01,0,2
3,35,3,2,0.01,0,3
100,35,92,36,0.18,8,92
200,35,180,145,0.73,20,180
2000,35,1754,1322,6.61,246,1754
10000,35,9042,2344,11.72,958,9042
20000,35,17936,10990,54.95,2064,17936
40000,35,36026,9381,46.91,3974,36026
60000,35,53879,17290,86.45,6121,53879
80000,35,72040,14302,71.51,7960,72040
100000,35,89964,52960,264.8,10036,89964
2,36,2,1,0.01,0,2
3,36,3,2,0.01,0,3
100,36,91,59,0.3,9,91
200,36,175,140,0.7,25,175
2000,36,1784,866,4.33,216,1784
10000,36,9024,4150,20.75,976,9024
20000,36,17963,6134,30.67,2037,17963
40000,36,35865,20957,104.78,4135,35865
60000,36,53941,9656,48.28,6059,53941
80000,36,71990,15676,78.38,8010,71990
100000,36,89781,25325,126.62,10219,89781
2,37,2,1,0.01,0,2
3,37,1,2,0.01,2,1
100,37,91,39,0.2,9,91
200,37,187,7,0.04,13,187
2000,37,1787,1097,5.48,213,1787
10000,37,9007,3199,16.0,993,9007
20000,37,17900,8563,42.82,2100,17900
40000,37,36099,14121,70.61,3901,36099
60000,37,53918,17585,87.92,6082,53918
80000,37,71806,8267,41.34,8194,71806
100000,37,89870,6051,30.25,10130,89870
2,38,2,1,0.01,0,2
3,38,3,2,0.01,0,3
100,38,91,42,0.21,9,91
200,38,176,196,0.98,24,176
2000,38,1799,1218,6.09,201,1799
10000,38,8983,3225,16.13,1017,8983
20000,38,18072,2621,13.11,1928,18072
40000,38,35989,11474,57.37,4011,35989
60000,38,53895,17278,86.39,6105,53895
80000,38,71890,18330,91.65,8110,71890
100000,38,90002,19345,96.72,9998,90002
2,39,1,1,0.01,1,1
3,39,3,2,0.01,0,3
100,39,89,62,0.31,11,89
200,39,185,84,0.42,15,185
2000,39,1800,1444,7.22,200,1800
10000,39,8925,4764,23.82,1075,8925
20000,39,17941,9057,45.29,2059,17941
40000,39,35893,11830,59.15,4107,35893
60000,39,53897,13094,65.47,6103,53897
80000,39,71858,21132,105.66,8142,71858
100000,39,89908,17478,87.39,10092,89908
2,40,2,1,0.01,0,2
3,40,3,2,0.01,0,3
100,40,88,23,0.12,12,88
200,40,180,91,0.46,20,180
2000,40,1818,1135,5.67,182,1818
10000,40,8941,4205,21.03,1059,8941
20000,40,17941,7677,38.39,2059,17941
40000,40,35970,8172,40.86,4030,35970
60000,40,54007,8586,42.93,5993,54007
80000,40,71860,25914,129.57,8140,71860
100000,40,89873,21818,109.09,10127,89873
2,41,2,1,0.01,0,2
3,41,3,2,0.01,0,3
100,41,88,60,0.3,12,88
200,41,178,88,0.44,22,178
2000,41,1796,1099,5.49,204,1796
10000,41,8954,5663,28.31,1046,8954
20000,41,18035,4881,24.4,1965,18035
40000,41,35974,6883,34.41,4026,35974
60000,41,53922,12664,63.32,6078,53922
80000,41,71962,17043,85.21,8038,71962
100000,41,89787,36938,184.69,10213,89787
2,42,2,1,0.01,0,2
3,42,3,2,0.01,0,3
100,42,89,59,0.3,11,89
200,42,175,139,0.7,25,175
2000,42,1775,966,4.83,225,1775
10000,42,8978,7055,35.27,1022,8978
20000,42,17898,4623,23.11,2102,17898
40000,42,36000,2428,12.14,4000,36000
60000,42,53920,29911,149.55,6080,53920
80000,42,71827,41528,207.64,8173,71827
100000,42,90100,11611,58.06,9900,90100
2,43,1,1,0.01,1,1
3,43,3,2,0.01,0,3
100,43,89,14,0.07,11,89
200,43,182,119,0.6,18,182
2000,43,1803,874,4.37,197,1803
10000,43,9036,2289,11.45,964,9036
20000,43,17995,8982,44.91,2005,17995
40000,43,35932,9431,47.16,4068,35932
60000,43,53805,12220,61.1,6195,53805
80000,43,71794,16893,84.46,8206,71794
100000,43,89699,26284,131.42,10301,89699
2,44,2,1,0.01,0,2
3,44,3,2,0.01,0,3
100,44,92,70,0.35,8,92
200,44,179,155,0.78,21,179
2000,44,1813,684,3.42,187,1813
10000,44,8952,3505,17.53,1048,8952
20000,44,18022,9260,46.3,1978,18022
40000,44,36009,10739,53.7,3991,36009
60000,44,53995,17188,85.94,6005,53995
80000,44,71838,20316,101.58,8162,71838
100000,44,89932,30211,151.05,10068,89932
2,45,2,1,0.01,0,2
3,45,3,2,0.01,0,3
100,45,92,39,0.2,8,92
200,45,184,58,0.29,16,184
2000,45,1798,864,4.32,202,1798
10000,45,8947,3312,16.56,1053,8947
20000,45,17991,5531,27.65,2009,17991
40000,45,36030,6865,34.32,3970,36030
60000,45,53954,25918,129.59,6046,53954
80000,45,71920,6337,31.68,8080,71920
100000,45,89786,6174,30.87,10214,89786
2,46,1,1,0.01,1,1
3,46,3,2,0.01,0,3
100,46,92,29,0.15,8,92
200,46,183,129,0.65,17,183
2000,46,1831,792,3.96,169,1831
10000,46,8937,5580,27.9,1063,8937
20000,46,17972,14871,74.36,2028,17972
40000,46,36013,13580,67.9,3987,36013
60000,46,53814,12334,61.67,6186,53814
80000,46,71859,21039,105.19,8141,71859
100000,46,89765,34305,171.52,10235,89765
2,47,2,1,0.01,0,2
3,47,3,2,0.01,0,3
100,47,92,34,0.17,8,92
200,47,176,67,0.34,24,176
2000,47,1813,769,3.84,187,1813
10000,47,8906,2549,12.75,1094,8906
20000,47,18007,7652,38.26,1993,18007
40000,47,35931,6851,34.25,4069,35931
60000,47,53932,11902,59.51,6068,53932
80000,47,71776,31380,156.9,8224,71776
100000,47,89747,32116,160.58,10253,89747
2,48,2,1,0.01,0,2
3,48,3,2,0.01,0,3
100,48,91,38,0.19,9,91
200,48,177,84,0.42,23,177
2000,48,1805,383,1.91,195,1805
10000,48,8951,4108,20.54,1049,8951
20000,48,17997,4958,24.79,2003,17997
40000,48,35840,12415,62.08,4160,35840
60000,48,54033,24178,120.89,5967,54033
80000,48,71837,37697,188.48,8163,71837
100000,48,89859,25566,127.83,10141,89859
2,49,2,1,0.01,0,2
3,49,3,2,0.01,0,3
100,49,93,37,0.19,7,93
200,49,169,195,0.98,31,169
2000,49,1797,987,4.93,203,1797
10000,49,8960,7121,35.6,1040,8960
20000,49,18058,3711,18.56,1942,18058
40000,49,35867,15176,75.88,4133,35867
60000,49,53893,13005,65.03,6107,53893
80000,49,71731,30671,153.35,8269,71731
100000,49,90034,18304,91.52,9966,90034
2,50,2,1,0.01,0,2
3,50,2,2,0.01,1,2
100,50,92,57,0.29,8,92
200,50,176,137,0.69,24,176
2000,50,1788,1467,7.33,212,1788
10000,50,8964,4821,24.1,1036,8964
20000,50,17902,10280,51.4,2098,17902
40000,50,35922,14193,70.97,4078,35922
60000,50,53921,17135,85.67,6079,53921
80000,50,71880,15826,79.13,8120,71880
100000,50,89922,26867,134.33,10078,89922
2,51,2,1,0.01,0,2
3,51,3,2,0.01,0,3
100,51,96,50,0.25,4,96
200,51,181,157,0.79,19,181
2000,51,1809,882,4.41,191,1809
10000,51,8962,4867,24.33,1038,8962
20000,51,17945,4933,24.66,2055,17945
40000,51,36008,2868,14.34,3992,36008
60000,51,53877,14164,70.82,6123,53877
80000,51,71888,12595,62.98,8112,71888
100000,51,90040,31940,159.7,9960,90040
2,52,2,1,0.01,0,2
3,52,3,2,0.01,0,3
100,52,88,23,0.12,12,88
200,52,182,42,0.21,18,182
2000,52,1813,1148,5.74,187,1813
10000,52,9005,2846,14.23,995,9005
20000,52,17965,8881,44.41,2035,17965
40000,52,35917,13050,65.25,4083,35917
60000,52,53904,11483,57.42,6096,53904
80000,52,71779,16554,82.77,8221,71779
100000,52,89908,15600,78.0,10092,89908
2,53,2,1,0.01,0,2
3,53,2,2,0.01,1,2
100,53,89,34,0.17,11,89
200,53,181,9,0.05,19,181
2000,53,1780,1159,5.79,220,1780
10000,53,8957,4663,23.31,1043,8957
20000,53,18028,1986,9.93,1972,18028
40000,53,35873,15888,79.44,4127,35873
60000,53,53838,17687,88.43,6162,53838
80000,53,71800,20279,101.39,8200,71800
100000,53,89914,13461,67.31,10086,89914
2,54,2,1,0.01,0,2
3,54,3,2,0.01,0,3
100,54,85,65,0.33,15,85
200,54,179,134,0.67,21,179
2000,54,1784,749,3.74,216,1784
10000,54,8992,3537,17.69,1008,8992
20000,54,17973,5602,28.01,2027,17973
40000,54,36047,7579,37.9,3953,36047
60000,54,53858,21704,108.52,6142,53858
80000,54,71838,12016,60.08,8162,71838
100000,54,89848,41928,209.64,10152,89848
2,55,2,1,0.01,0,2
3,55,2,2,0.01,1,2
100,55,85,3,0.02,15,85
200,55,185,98,0.49,15,185
2000,55,1803,87,0.44,197,1803
10000,55,8989,2461,12.31,1011,8989
20000,55,17932,9088,45.44,2068,17932
40000,55,35983,4149,20.75,4017,35983
60000,55,53933,25659,128.29,6067,53933
80000,55,71796,27401,137.0,8204,71796
100000,55,89917,15525,77.63,10083,89917
2,56,2,1,0.01,0,2
3,56,3,2,0.01,0,3
100,56,94,13,0.07,6,94
200,56,181,84,0.42,19,181
2000,56,1817,1005,5.02,183,1817
10000,56,9015,6762,33.81,985,9015
20000,56,17884,4826,24.13,2116,17884
40000,56,35816,18334,91.67,4184,35816
60000,56,53854,15372,76.86,6146,53854
80000,56,71770,27434,137.17,8230,71770
100000,56,89831,16865,84.32,10169,89831
2,57,1,1,0.01,1,1
3,57,3,2,0.01,0,3
100,57,90,54,0.27,10,90
200,57,174,174,0.87,26,174
2000,57,1802,950,4.75,198,1802
10000,57,8993,3659,18.3,1007,8993
20000,57,17938,6324,31.62,2062,17938
40000,57,36024,8598,42.99,3976,36024
60000,57,53836,20401,102.0,6164,53836
80000,57,71690,9480,47.4,8310,71690
100000,57,90000,9759,48.8,10000,90000
2,58,2,1,0.01,0,2
3,58,2,2,0.01,1,2
100,58,92,3,0.02,8,92
200,58,177,72,0.36,23,177
2000,58,1797,974,4.87,203,1797
10000,58,8992,2753,13.77,1008,8992
20000,58,17933,7001,35.0,2067,17933
40000,58,35998,9755,48.78,4002,35998
60000,58,53968,15045,75.23,6032,53968
80000,58,71965,5901,29.5,8035,71965
100000,58,90011,28843,144.21,9989,90011
2,59,2,1,0.01,0,2
3,59,3,2,0.01,0,3
100,59,85,72,0.36,15,85
200,59,186,134,0.67,14,186
2000,59,1791,1107,5.53,209,1791
10000,59,8926,3540,17.7,1074,8926
20000,59,17928,8961,44.81,2072,17928
40000,59,36023,8770,43.85,3977,36023
60000,59,53905,10540,52.7,6095,53905
80000,59,71980,11179,55.9,8020,71980
100000,59,89892,16684,83.42,10108,89892
2,60,2,1,0.01,0,2
3,60,3,2,0.01,0,3
100,60,90,81,0.41,10,90
200,60,180,96,0.48,20,180
2000,60,1787,1207,6.03,213,1787
10000,60,8975,3109,15.55,1025,8975
20000,60,17933,6594,32.97,2067,17933
40000,60,36027,7723,38.62,3973,36027
60000,60,53877,12300,61.5,6123,53877
80000,60,71856,33184,165.92,8144,71856
100000,60,90082,18408,92.04,9918,90082
2,61,2,1,0.01,0,2
3,61,3,2,0.01,0,3
100,61,86,52,0.26,14,86
200,61,183,67,0.34,17,183
2000,61,1793,950,4.75,207,1793
10000,61,9036,2783,13.92,964,9036
20000,61,17949,15556,77.78,2051,17949
40000,61,35825,20076,100.38,4175,35825
60000,61,54052,12339,61.7,5948,54052
80000,61,72109,6893,34.46,7891,72109
100000,61,89978,11566,57.83,10022,89978
2,62,2,1,0.01,0,2
3,62,3,2,0.01,0,3
100,62,95,38,0.19,5,95
200,62,182,91,0.46,18,182
2000,62,1801,752,3.76,199,1801
10000,62,8960,4828,24.14,1040,8960
20000,62,17965,1935,9.68,2035,17965
40000,62,36035,5103,25.51,3965,36035
60000,62,53933,14693,73.47,6067,53933
80000,62,71815,29330,146.65,8185,71815
100000,62,89788,15866,79.33,10212,89788
2,63,2,1,0.01,0,2
3,63,2,2,0.01,1,2
100,63,91,5,0.03,9,91
200,63,185,66,0.33,15,185
2000,63,1785,875,4.37,215,1785
10000,63,9016,4495,22.47,984,9016
20000,63,17895,11951,59.76,2105,17895
40000,63,36000,14504,72.52,4000,36000
60000,63,53990,12610,63.05,6010,53990
80000,63,72032,5556,27.78,7968,72032
100000,63,89912,10750,53.75,10088,89912
2,64,2,1,0.01,0,2
3,64,3,2,0.01,0,3
100,64,91,68,0.34,9,91
200,64,179,164,0.82,21,179
2000,64,1789,893,4.46,211,1789
10000,64,8957,2876,14.38,1043,8957
20000,64,17944,8037,40.19,2056,17944
40000,64,35965,14966,74.83,4035,35965
60000,64,54013,9820,49.1,5987,54013
80000,64,71969,13354,66.77,8031,71969
100000,64,89819,34224,171.12,10181,89819
2,65,2,1,0.01,0,2
3,65,3,2,0.01,0,3
100,65,90,32,0.16,10,90
200,65,184,6,0.03,16,184
2000,65,1833,849,4.24,167,1833
10000,65,8970,5916,29.58,1030,8970
20000,65,17929,2141,10.71,2071,17929
40000,65,35929,11373,56.87,4071,35929
60000,65,53948,8701,43.51,6052,53948
80000,65,72055,14610,73.05,7945,72055
100000,65,89976,5288,26.44,10024,89976
2,66,2,1,0.01,0,2
3,66,3,2,0.01,0,3
100,66,90,46,0.23,10,90
200,66,181,118,0.59,19,181
2000,66,1776,981,4.9,224,1776
10000,66,9022,2187,10.94,978,9022
20000,66,17954,3462,17.31,2046,17954
40000,66,35732,14267,71.34,4268,35732
60000,66,53960,23365,116.82,6040,53960
80000,66,71899,13355,66.78,8101,71899
100000,66,89932,13758,68.79,10068,89932
2,67,2,1,0.01,0,2
3,67,3,2,0.01,0,3
100,67,89,45,0.23,11,89
200,67,179,63,0.32,21,179
2000,67,1790,780,3.9,210,1790
10000,67,9024,6093,30.46,976,9024
20000,67,17932,7302,36.51,2068,17932
40000,67,36007,7886,39.43,3993,36007
60000,67,53804,35475,177.37,6196,53804
80000,67,72063,11346,56.73,7937,72063
100000,67,89755,19068,95.34,10245,89755
2,68,2,1,0.01,0,2
3,68,3,2,0.01,0,3
100,68,91,40,0.2,9,91
200,68,184,107,0.54,16,184
2000,68,1816,1200,6.0,184,1816
10000,68,9015,3440,17.2,985,9015
20000,68,18067,4517,22.58,1933,18067
40000,68,35963,9976,49.88,4037,35963
60000,68,53993,13250,66.25,6007,53993
80000,68,71879,14327,71.64,8121,71879
100000,68,90000,9177,45.89,10000,90000
2,69,2,1,0.01,0,2
3,69,3,2,0.01,0,3
100,69,88,76,0.38,12,88
200,69,176,77,0.39,24,176
2000,69,1808,1011,5.05,192,1808
10000,69,8966,4999,24.99,1034,8966
20000,69,18001,3030,15.15,1999,18001
40000,69,35870,14330,71.65,4130,35870
60000,69,53994,13612,68.06,6006,53994
80000,69,71812,35559,177.79,8188,71812
100000,69,89915,12050,60.25,10085,89915
2,70,2,1,0.01,0,2
3,70,3,2,0.01,0,3
100,70,91,68,0.34,9,91
200,70,184,77,0.39,16,184
2000,70,1789,974,4.87,211,1789
10000,70,9000,3430,17.15,1000,9000
20000,70,18009,5853,29.26,1991,18009
40000,70,36043,14418,72.09,3957,36043
60000,70,53955,10671,53.36,6045,53955
80000,70,71924,25587,127.93,8076,71924
100000,70,89830,18412,92.06,10170,89830
2,71,2,1,0.01,0,2
3,71,3,2,0.01,0,3
100,71,92,66,0.33,8,92
200,71,170,54,0.27,30,170
2000,71,1795,690,3.45,205,1795
10000,71,9014,4148,20.74,986,9014
20000,71,17917,8252,41.26,2083,17917
40000,71,35929,8830,44.15,4071,35929
60000,71,53968,21777,108.88,6032,53968
80000,71,71800,26286,131.43,8200,71800
100000,71,89793,6172,30.86,10207,89793
2,72,2,1,0.01,0,2
3,72,2,1,0.01,1,2
100,72,87,48,0.24,13,87
200,72,176,92,0.46,24,176
2000,72,1832,1063,5.31,168,1832
10000,72,8983,2025,10.13,1017,8983
20000,72,17969,7806,39.03,2031,17969
40000,72,35870,10398,51.99,4130,35870
60000,72,53989,12936,64.68,6011,53989
80000,72,71886,15051,75.26,8114,71886
100000,72,90037,36694,183.47,9963,90037
2,73,2,1,0.01,0,2
3,73,3,2,0.01,0,3
100,73,89,51,0.26,11,89
200,73,180,125,0.63,20,180
2000,73,1762,1188,5.94,238,1762
10000,73,8989,3754,18.77,1011,8989
20000,73,17933,7555,37.78,2067,17933
40000,73,35865,13911,69.56,4135,35865
60000,73,53799,32371,161.85,6201,53799
80000,73,71898,30115,150.57,8102,71898
100000,73,89873,12955,64.78,10127,89873
2,74,2,1,0.01,0,2
3,74,3,2,0.01,0,3
100,74,86,79,0.4,14,86
200,74,182,142,0.71,18,182
2000,74,1803,1097,5.48,197,1803
10000,74,8995,4648,23.24,1005,8995
20000,74,17902,3889,19.45,2098,17902
40000,74,35861,18575,92.87,4139,35861
60000,74,53782,16940,84.7,6218,53782
80000,74,71998,18462,92.31,8002,71998
100000,74,89976,13919,69.6,10024,89976
2,75,2,1,0.01,0,2
3,75,3,2,0.01,0,3
100,75,92,53,0.27,8,92
200,75,169,160,0.8,31,169
2000,75,1782,1097,5.48,218,1782
10000,75,8952,3159,15.8,1048,8952
20000,75,17944,9631,48.16,2056,17944
40000,75,35928,15212,76.06,4072,35928
60000,75,54122,5175,25.87,5878,54122
80000,75,71854,16734,83.67,8146,71854
100000,75,89843,19141,95.7,10157,89843
2,76,2,1,0.01,0,2
3,76,3,2,0.01,0,3
100,76,87,37,0.19,13,87
200,76,180,93,0.47,20,180
2000,76,1789,699,3.49,211,1789
10000,76,8976,2134,10.67,1024,8976
20000,76,18052,3039,15.2,1948,18052
40000,76,35904,8912,44.56,4096,35904
60000,76,53893,14986,74.93,6107,53893
80000,76,71767,5503,27.51,8233,71767
100000,76,89803,25874,129.37,10197,89803
2,77,2,1,0.01,0,2
3,77,2,2,0.01,1,2
100,77,91,46,0.23,9,91
200,77,182,81,0.41,18,182
2000,77,1810,544,2.72,190,1810
10000,77,8992,2851,14.26,1008,8992
20000,77,17955,6031,30.15,2045,17955
40000,77,36026,10553,52.77,3974,36026
60000,77,53890,13075,65.38,6110,53890
80000,77,71895,26104,130.52,8105,71895
100000,77,89992,14515,72.58,10008,89992
2,78,2,1,0.01,0,2
3,78,3,2,0.01,0,3
100,78,88,35,0.18,12,88
200,78,188,91,0.46,12,188
2000,78,1796,919,4.59,204,1796
10000,78,9000,2028,10.14,1000,9000
20000,78,17964,5530,27.65,2036,17964
40000,78,35904,11372,56.86,4096,35904
60000,78,53969,15467,77.34,6031,53969
80000,78,71857,12926,64.63,8143,71857
100000,78,89877,12193,60.97,10123,89877
2,79,2,1,0.01,0,2
3,79,3,2,0.01,0,3
100,79,92,41,0.21,8,92
200,79,180,173,0.87,20,180
2000,79,1776,841,4.2,224,1776
10000,79,8960,4417,22.08,1040,8960
20000,79,17946,9281,46.41,2054,17946
40000,79,35901,7748,38.74,4099,35901
60000,79,53875,11872,59.36,6125,53875
80000,79,71833,12697,63.49,8167,71833
100000,79,89789,10604,53.02,10211,89789
2,80,2,1,0.01,0,2
3,80,3,2,0.01,0,3
100,80,86,30,0.15,14,86
200,80,184,82,0.41,16,184
2000,80,1785,6,0.03,215,1785
10000,80,8974,6611,33.05,1026,8974
20000,80,17948,9227,46.14,2052,17948
40000,80,35837,11132,55.66,4163,35837
60000,80,54078,7370,36.85,5922,54078
80000,80,71903,16866,84.33,8097,71903
100000,80,89908,31270,156.35,10092,89908
2,81,2,1,0.01,0,2
3,81,3,2,0.01,0,3
100,81,88,78,0.39,12,88
200,81,183,70,0.35,17,183
2000,81,1775,838,4.19,225,1775
10000,81,8922,2896,14.48,1078,8922
20000,81,18036,2742,13.71,1964,18036
40000,81,35947,12701,63.51,4053,35947
60000,81,53783,14424,72.12,6217,53783
80000,81,71764,26453,132.26,8236,71764
100000,81,90018,25399,126.99,9982,90018
2,82,1,1,0.01,1,1
3,82,3,2,0.01,0,3
100,82,88,35,0.18,12,88
200,82,181,108,0.54,19,181
2000,82,1802,1038,5.19,198,1802
10000,82,9010,6005,30.02,990,9010
20000,82,17913,7430,37.15,2087,17913
40000,82,35976,7074,35.37,4024,35976
60000,82,53889,13060,65.3,6111,53889
80000,82,71719,25889,129.44,8281,71719
100000,82,89883,18888,94.44,10117,89883
2,83,2,1,0.01,0,2
3,83,3,2,0.01,0,3
100,83,93,9,0.05,7,93
200,83,184,118,0.59,16,184
2000,83,1800,476,2.38,200,1800
10000,83,9025,2939,14.7,975,9025
20000,83,17872,8813,44.07,2128,17872
40000,83,35919,8888,44.44,4081,35919
60000,83,54013,13689,68.45,5987,54013
80000,83,71987,21442,107.21,8013,71987
100000,83,89815,40300,201.5,10185,89815
2,84,1,1,0.01,1,1
3,84,3,2,0.01,0,3
100,84,89,47,0.24,11,89
200,84,188,103,0.52,12,188
2000,84,1769,1278,6.39,231,1769
10000,84,9045,3515,17.58,955,9045
20000,84,17942,5951,29.75,2058,17942
40000,84,35847,9561,47.81,4153,35847
60000,84,53958,12326,61.63,6042,53958
80000,84,71731,28162,140.81,8269,71731
100000,84,90005,18647,93.23,9995,90005
2,85,2,1,0.01,0,2
3,85,3,2,0.01,0,3
100,85,88,42,0.21,12,88
200,85,174,175,0.88,26,174
2000,85,1802,974,4.87,198,1802
10000,85,8992,4198,20.99,1008,8992
20000,85,17946,11424,57.12,2054,17946
40000,85,35998,4262,21.31,4002,35998
60000,85,53915,16825,84.12,6085,53915
80000,85,71804,35368,176.84,8196,71804
100000,85,89899,6686,33.43,10101,89899
2,86,2,1,0.01,0,2
3,86,3,2,0.01,0,3
100,86,89,60,0.3,11,89
200,86,183,46,0.23,17,183
2000,86,1816,368,1.84,184,1816
10000,86,8949,4793,23.96,1051,8949
20000,86,17984,5770,28.85,2016,17984
40000,86,35834,19869,99.34,4166,35834
60000,86,53949,13884,69.42,6051,53949
80000,86,71887,22046,110.23,8113,71887
100000,86,89839,19180,95.9,10161,89839
2,87,2,1,0.01,0,2
3,87,3,2,0.01,0,3
100,87,86,55,0.28,14,86
200,87,186,80,0.4,14,186
2000,87,1809,1372,6.86,191,1809
10000,87,8965,3560,17.8,1035,8965
20000,87,18016,3344,16.72,1984,18016
40000,87,35923,8620,43.1,4077,35923
60000,87,53882,15149,75.75,6118,53882
80000,87,72046,17000,85.0,7954,72046
100000,87,90025,12627,63.14,9975,90025
2,88,2,1,0.01,0,2
3,88,2,2,0.01,1,2
100,88,92,74,0.37,8,92
200,88,185,138,0.69,15,185
2000,88,1789,702,3.51,211,1789
10000,88,8975,3364,16.82,1025,8975
20000,88,17956,7341,36.71,2044,17956
40000,88,35940,7369,36.85,4060,35940
60000,88,53971,13878,69.39,6029,53971
80000,88,71923,20981,104.9,8077,71923
100000,88,89896,11603,58.02,10104,89896
2,89,2,1,0.01,0,2
3,89,3,2,0.01,0,3
100,89,89,64,0.32,11,89
200,89,182,67,0.34,18,182
2000,89,1803,1007,5.03,197,1803
10000,89,8981,2480,12.4,1019,8981
20000,89,17989,6320,31.6,2011,17989
40000,89,35905,9545,47.73,4095,35905
60000,89,54000,7458,37.29,6000,54000
80000,89,71893,21169,105.84,8107,71893
100000,89,89832,21628,108.14,10168,89832
2,90,1,1,0.01,1,1
3,90,3,2,0.01,0,3
100,90,91,46,0.23,9,91
200,90,179,100,0.5,21,179
2000,90,1791,1188,5.94,209,1791
10000,90,9017,3227,16.14,983,9017
20000,90,18034,9371,46.86,1966,18034
40000,90,36025,10364,51.82,3975,36025
60000,90,54067,9092,45.46,5933,54067
80000,90,71992,8046,40.23,8008,71992
100000,90,89925,7609,38.05,10075,89925
2,91,1,1,0.01,1,1
3,91,3,2,0.01,0,3
100,91,85,88,0.44,15,85
200,91,174,55,0.28,26,174
2000,91,1769,1044,5.22,231,1769
10000,91,8995,4887,24.43,1005,8995
20000,91,18021,9088,45.44,1979,18021
40000,91,35988,4952,24.76,4012,35988
60000,91,53932,27824,139.12,6068,53932
80000,91,71970,15412,77.06,8030,71970
100000,91,89848,18257,91.28,10152,89848
2,92,2,1,0.01,0,2
3,92,2,2,0.01,1,2
100,92,90,74,0.37,10,90
200,92,177,81,0.41,23,177
2000,92,1792,545,2.72,208,1792
10000,92,8951,6703,33.51,1049,8951
20000,92,17979,10074,50.37,2021,17979
40000,92,35917,13898,69.49,4083,35917
60000,92,53877,11131,55.66,6123,53877
80000,92,71980,8077,40.39,8020,71980
100000,92,89737,28081,140.4,10263,89737
2,93,2,1,0.01,0,2
3,93,2,2,0.01,1,2
100,93,85,72,0.36,15,85
200,93,186,152,0.76,14,186
2000,93,1784,685,3.42,216,1784
10000,93,9018,4243,21.22,982,9018
20000,93,17932,10774,53.87,2068,17932
40000,93,35964,16257,81.28,4036,35964
60000,93,53927,9569,47.85,6073,53927
80000,93,71727,30014,150.07,8273,71727
100000,93,89927,33859,169.29,10073,89927
2,94,2,1,0.01,0,2
3,94,2,2,0.01,1,2
100,94,91,70,0.35,9,91
200,94,182,140,0.7,18,182
2000,94,1794,516,2.58,206,1794
10000,94,8923,3704,18.52,1077,8923
20000,94,17994,7456,37.28,2006,17994
40000,94,35979,5377,26.88,4021,35979
60000,94,53892,19969,99.84,6108,53892
80000,94,71872,8970,44.85,8128,71872
100000,94,89919,29785,148.92,10081,89919
2,95,2,1,0.01,0,2
3,95,3,2,0.01,0,3
100,95,96,51,0.26,4,96
200,95,183,18,0.09,17,183
2000,95,1779,1077,5.38,221,1779
10000,95,8999,4183,20.92,1001,8999
20000,95,17911,12188,60.94,2089,17911
40000,95,35875,18767,93.83,4125,35875
60000,95,53897,14291,71.46,6103,53897
80000,95,71969,17651,88.25,8031,71969
100000,95,89822,22378,111.89,10178,89822
2,96,2,1,0.01,0,2
3,96,3,2,0.01,0,3
100,96,87,79,0.4,13,87
200,96,184,85,0.43,16,184
2000,96,1795,1571,7.85,205,1795
10000,96,8958,4174,20.87,1042,8958
20000,96,17949,5120,25.6,2051,17949
40000,96,36029,8119,40.6,3971,36029
60000,96,54006,15989,79.94,5994,54006
80000,96,71899,27642,138.21,8101,71899
100000,96,89801,28572,142.86,10199,89801
2,97,2,1,0.01,0,2
3,97,3,2,0.01,0,3
100,97,88,38,0.19,12,88
200,97,176,87,0.44,24,176
2000,97,1795,495,2.47,205,1795
10000,97,8982,3788,18.94,1018,8982
20000,97,18041,4265,21.33,1959,18041
40000,97,35991,3529,17.65,4009,35991
60000,97,53757,16109,80.54,6243,53757
80000,97,71806,34963,174.81,8194,71806
100000,97,90074,10650,53.25,9926,90074
2,98,1,1,0.01,1,1
3,98,3,2,0.01,0,3
100,98,90,59,0.3,10,90
200,98,178,142,0.71,22,178
2000,98,1805,804,4.02,195,1805
10000,98,9022,1450,7.25,978,9022
20000,98,18004,4113,20.57,1996,18004
40000,98,35834,27104,135.52,4166,35834
60000,98,53767,13757,68.79,6233,53767
80000,98,71854,20283,101.41,8146,71854
100000,98,89814,22966,114.83,10186,89814
2,99,2,1,0.01,0,2
3,99,3,2,0.01,0,3
100,99,92,74,0.37,8,92
200,99,179,4,0.02,21,179
2000,99,1804,378,1.89,196,1804
10000,99,9021,3075,15.38,979,9021
20000,99,18011,8670,43.35,1989,18011
40000,99,35991,10388,51.94,4009,35991
60000,99,53842,26073,130.36,6158,53842
80000,99,71912,10594,52.97,8088,71912
100000,99,89878,12657,63.29,10122,89878
2,100,1,1,0.01,1,1
3,100,3,2,0.01,0,3
100,100,91,68,0.34,9,91
200,100,182,28,0.14,18,182
2000,100,1791,868,4.34,209,1791
10000,100,8998,6226,31.13,1002,8998
20000,100,18002,4827,24.13,1998,18002
40000,100,35966,7296,36.48,4034,35966
60000,100,53803,34413,172.06,6197,53803
80000,100,71942,18923,94.61,8058,71942
100000,100,89709,27124,135.62,10291,89709
