Timestep,Iteration,Total Reward,Suboptimal Arms Count,Total Regret,Zeros Count,Ones Count
2,1,1,1,0.01,1,1
3,1,1,2,0.01,2,1
100,1,43,5,0.03,57,43
200,1,93,117,0.59,107,93
2000,1,989,1622,8.11,1011,989
10000,1,5026,1585,7.92,4974,5026
20000,1,10036,895,4.47,9964,10036
40000,1,19918,17758,88.79,20082,19918
60000,1,29689,20374,101.87,30311,29689
80000,1,39831,38738,193.69,40169,39831
100000,1,49995,23872,119.36,50005,49995
2,2,1,1,0.01,1,1
3,2,1,2,0.01,2,1
100,2,47,80,0.4,53,47
200,2,96,51,0.26,104,96
2000,2,982,164,0.82,1018,982
10000,2,5009,9914,49.57,4991,5009
20000,2,10013,2137,10.69,9987,10013
40000,2,19968,23913,119.56,20032,19968
60000,2,29902,10502,52.51,30098,29902
80000,2,40014,12663,63.32,39986,40014
100000,2,49757,20172,100.86,50243,49757
2,3,1,1,0.01,1,1
3,3,1,1,0.01,2,1
100,3,53,65,0.33,47,53
200,3,101,88,0.44,99,101
2000,3,1020,1770,8.85,980,1020
10000,3,4944,5787,28.93,5056,4944
20000,3,10042,5062,25.31,9958,10042
40000,3,19880,21743,108.71,20120,19880
60000,3,30058,24992,124.96,29942,30058
80000,3,40042,10099,50.5,39958,40042
100000,3,49836,10966,54.83,50164,49836
2,4,2,1,0.01,0,2
3,4,0,2,0.01,3,0
100,4,55,36,0.18,45,55
200,4,83,114,0.57,117,83
2000,4,992,941,4.7,1008,992
10000,4,4932,5855,29.27,5068,4932
20000,4,9981,2393,11.97,10019,9981
40000,4,19860,9659,48.3,20140,19860
60000,4,29436,54781,273.9,30564,29436
80000,4,39826,57775,288.87,40174,39826
100000,4,49949,22601,113.0,50051,49949
2,5,0,1,0.01,2,0
3,5,1,2,0.01,2,1
100,5,56,3,0.02,44,56
200,5,106,80,0.4,94,106
2000,5,964,473,2.36,1036,964
10000,5,4993,1105,5.52,5007,4993
20000,5,9912,7509,37.55,10088,9912
40000,5,20018,9659,48.3,19982,20018
60000,5,29958,19037,95.18,30042,29958
80000,5,39841,32588,162.94,40159,39841
100000,5,49873,22665,113.32,50127,49873
2,6,0,1,0.01,2,0
3,6,1,1,0.01,2,1
100,6,43,60,0.3,57,43
200,6,95,55,0.28,105,95
2000,6,1016,892,4.46,984,1016
10000,6,4975,316,1.58,5025,4975
20000,6,10076,12931,64.66,9924,10076
40000,6,19858,7874,39.37,20142,19858
60000,6,29719,23137,115.68,30281,29719
80000,6,39726,33960,169.8,40274,39726
100000,6,50198,31,0.16,49802,50198
2,7,2,1,0.01,0,2
3,7,2,2,0.01,1,2
100,7,50,87,0.44,50,50
200,7,95,126,0.63,105,95
2000,7,997,1638,8.19,1003,997
10000,7,5022,3155,15.78,4978,5022
20000,7,9956,10103,50.52,10044,9956
40000,7,19755,10112,50.56,20245,19755
60000,7,29728,48784,243.92,30272,29728
80000,7,40014,16594,82.97,39986,40014
100000,7,50020,3349,16.75,49980,50020
2,8,1,1,0.01,1,1
3,8,0,2,0.01,3,0
100,8,51,97,0.49,49,51
200,8,96,185,0.93,104,96
2000,8,990,1708,8.54,1010,990
10000,8,4939,5789,28.94,5061,4939
20000,8,9982,7254,36.27,10018,9982
40000,8,19855,26657,133.28,20145,19855
60000,8,29757,44327,221.63,30243,29757
80000,8,39934,20970,104.85,40066,39934
100000,8,49781,54625,273.12,50219,49781
2,9,2,1,0.01,0,2
3,9,1,2,0.01,2,1
100,9,47,15,0.08,53,47
200,9,104,184,0.92,96,104
2000,9,989,1083,5.41,1011,989
10000,9,4989,3244,16.22,5011,4989
20000,9,9993,4367,21.83,10007,9993
40000,9,19876,5238,26.19,20124,19876
60000,9,30060,14478,72.39,29940,30060
80000,9,39503,55787,278.93,40497,39503
100000,9,49863,21157,105.78,50137,49863
2,10,2,1,0.01,0,2
3,10,2,2,0.01,1,2
100,10,54,45,0.23,46,54
200,10,87,29,0.15,113,87
2000,10,1001,1603,8.01,999,1001
10000,10,5004,1501,7.5,4996,5004
20000,10,9980,5260,26.3,10020,9980
40000,10,19815,16332,81.66,20185,19815
60000,10,29827,5254,26.27,30173,29827
80000,10,39800,24641,123.2,40200,39800
100000,10,50145,1992,9.96,49855,50145
2,11,0,1,0.01,2,0
3,11,2,2,0.01,1,2
100,11,51,59,0.3,49,51
200,11,84,81,0.41,116,84
2000,11,1008,218,1.09,992,1008
10000,11,4937,6910,34.55,5063,4937
20000,11,9971,12193,60.97,10029,9971
40000,11,19905,3985,19.93,20095,19905
60000,11,30050,13133,65.67,29950,30050
80000,11,39974,2554,12.77,40026,39974
100000,11,49959,34101,170.5,50041,49959
2,12,2,1,0.01,0,2
3,12,3,2,0.01,0,3
100,12,50,46,0.23,50,50
200,12,99,143,0.72,101,99
2000,12,996,1608,8.04,1004,996
10000,12,5004,696,3.48,4996,5004
20000,12,9827,4300,21.5,10173,9827
40000,12,19908,20117,100.58,20092,19908
60000,12,29892,11965,59.83,30108,29892
80000,12,39766,12342,61.71,40234,39766
100000,12,50043,5107,25.53,49957,50043
2,13,0,1,0.01,2,0
3,13,0,2,0.01,3,0
100,13,47,79,0.4,53,47
200,13,100,85,0.43,100,100
2000,13,988,80,0.4,1012,988
10000,13,4949,2353,11.77,5051,4949
20000,13,9894,8779,43.9,10106,9894
40000,13,19873,7773,38.87,20127,19873
60000,13,29985,4229,21.15,30015,29985
80000,13,39729,22984,114.92,40271,39729
100000,13,50145,4966,24.83,49855,50145
2,14,2,1,0.01,0,2
3,14,1,2,0.01,2,1
100,14,51,3,0.02,49,51
200,14,98,109,0.55,102,98
2000,14,1038,293,1.46,962,1038
10000,14,4964,1866,9.33,5036,4964
20000,14,9901,6155,30.77,10099,9901
40000,14,20107,14559,72.8,19893,20107
60000,14,29875,8853,44.27,30125,29875
80000,14,40012,22637,113.18,39988,40012
100000,14,50087,18037,90.18,49913,50087
2,15,1,1,0.01,1,1
3,15,1,2,0.01,2,1
100,15,46,71,0.36,54,46
200,15,106,157,0.79,94,106
2000,15,1003,175,0.88,997,1003
10000,15,4942,4143,20.72,5058,4942
20000,15,9939,12544,62.72,10061,9939
40000,15,19946,10402,52.01,20054,19946
60000,15,29918,17993,89.96,30082,29918
80000,15,39773,28706,143.53,40227,39773
100000,15,49544,52023,260.11,50456,49544
2,16,2,1,0.01,0,2
3,16,2,2,0.01,1,2
100,16,48,6,0.03,52,48
200,16,103,76,0.38,97,103
2000,16,985,1469,7.34,1015,985
10000,16,5003,3308,16.54,4997,5003
20000,16,9899,7606,38.03,10101,9899
40000,16,19936,10797,53.99,20064,19936
60000,16,30097,24179,120.89,29903,30097
80000,16,40127,10524,52.62,39873,40127
100000,16,49420,42360,211.8,50580,49420
2,17,1,1,0.01,1,1
3,17,2,2,0.01,1,2
100,17,54,31,0.16,46,54
200,17,93,62,0.31,107,93
2000,17,1029,632,3.16,971,1029
10000,17,4984,4594,22.97,5016,4984
20000,17,9982,5933,29.66,10018,9982
40000,17,19830,6235,31.17,20170,19830
60000,17,30073,8299,41.5,29927,30073
80000,17,39976,13284,66.42,40024,39976
100000,17,49932,6895,34.47,50068,49932
2,18,1,1,0.01,1,1
3,18,1,1,0.01,2,1
100,18,54,77,0.39,46,54
200,18,93,82,0.41,107,93
2000,18,1012,1748,8.74,988,1012
10000,18,4943,1625,8.12,5057,4943
20000,18,9930,7047,35.23,10070,9930
40000,18,20007,3834,19.17,19993,20007
60000,18,30004,17242,86.21,29996,30004
80000,18,39779,42498,212.49,40221,39779
100000,18,49927,25417,127.08,50073,49927
2,19,0,1,0.01,2,0
3,19,2,2,0.01,1,2
100,19,57,95,0.48,43,57
200,19,108,113,0.57,92,108
2000,19,993,582,2.91,1007,993
10000,19,4998,4094,20.47,5002,4998
20000,19,9986,8764,43.82,10014,9986
40000,19,19658,39238,196.19,20342,19658
60000,19,29946,10663,53.32,30054,29946
80000,19,39913,11155,55.78,40087,39913
100000,19,49685,8448,42.24,50315,49685
2,20,0,1,0.01,2,0
3,20,2,2,0.01,1,2
100,20,46,33,0.17,54,46
200,20,99,113,0.57,101,99
2000,20,964,744,3.72,1036,964
10000,20,4975,8175,40.88,5025,4975
20000,20,9871,13129,65.65,10129,9871
40000,20,19860,14383,71.92,20140,19860
60000,20,29969,27000,135.0,30031,29969
80000,20,39890,37365,186.82,40110,39890
100000,20,49406,70548,352.74,50594,49406
2,21,0,1,0.01,2,0
3,21,3,2,0.01,0,3
100,21,41,57,0.29,59,41
200,21,100,25,0.13,100,100
2000,21,985,299,1.49,1015,985
10000,21,4982,3734,18.67,5018,4982
20000,21,10036,4542,22.71,9964,10036
40000,21,19988,12951,64.76,20012,19988
60000,21,29727,20484,102.42,30273,29727
80000,21,39715,18235,91.17,40285,39715
100000,21,49924,9832,49.16,50076,49924
2,22,2,1,0.01,0,2
3,22,1,2,0.01,2,1
100,22,53,94,0.47,47,53
200,22,98,92,0.46,102,98
2000,22,1005,513,2.56,995,1005
10000,22,4945,5596,27.98,5055,4945
20000,22,9921,1493,7.46,10079,9921
40000,22,19948,10716,53.58,20052,19948
60000,22,29952,15200,76.0,30048,29952
80000,22,39957,25539,127.69,40043,39957
100000,22,50021,13609,68.05,49979,50021
2,23,1,1,0.01,1,1
3,23,2,2,0.01,1,2
100,23,49,17,0.09,51,49
200,23,101,37,0.19,99,101
2000,23,1041,1210,6.05,959,1041
10000,23,4903,2627,13.14,5097,4903
20000,23,9913,8218,41.09,10087,9913
40000,23,20123,1822,9.11,19877,20123
60000,23,30021,19761,98.8,29979,30021
80000,23,40007,18662,93.31,39993,40007
100000,23,49992,17453,87.26,50008,49992
2,24,2,1,0.01,0,2
3,24,1,2,0.01,2,1
100,24,49,59,0.3,51,49
200,24,100,50,0.25,100,100
2000,24,993,1615,8.07,1007,993
10000,24,5044,2903,14.52,4956,5044
20000,24,9983,1204,6.02,10017,9983
40000,24,20038,9331,46.66,19962,20038
60000,24,29904,22735,113.67,30096,29904
80000,24,39932,18335,91.67,40068,39932
100000,24,49826,32565,162.82,50174,49826
2,25,2,1,0.01,0,2
3,25,0,2,0.01,3,0
100,25,57,33,0.17,43,57
200,25,95,94,0.47,105,95
2000,25,994,1787,8.93,1006,994
10000,25,5011,2282,11.41,4989,5011
20000,25,9924,16309,81.54,10076,9924
40000,25,19865,4555,22.77,20135,19865
60000,25,29842,15609,78.05,30158,29842
80000,25,39978,4706,23.53,40022,39978
100000,25,49971,20076,100.38,50029,49971
2,26,0,1,0.01,2,0
3,26,2,2,0.01,1,2
100,26,48,57,0.29,52,48
200,26,99,59,0.3,101,99
2000,26,983,903,4.51,1017,983
10000,26,4921,2067,10.34,5079,4921
20000,26,10014,13113,65.57,9986,10014
40000,26,19828,13937,69.69,20172,19828
60000,26,30007,10084,50.42,29993,30007
80000,26,39677,12467,62.34,40323,39677
100000,26,50136,36614,183.07,49864,50136
2,27,0,1,0.01,2,0
3,27,2,2,0.01,1,2
100,27,47,46,0.23,53,47
200,27,104,89,0.45,96,104
2000,27,994,608,3.04,1006,994
10000,27,5055,3978,19.89,4945,5055
20000,27,9958,1157,5.78,10042,9958
40000,27,19753,36742,183.71,20247,19753
60000,27,30082,23656,118.28,29918,30082
80000,27,40133,6028,30.14,39867,40133
100000,27,49825,5327,26.63,50175,49825
2,28,0,1,0.01,2,0
3,28,1,2,0.01,2,1
100,28,48,89,0.45,52,48
200,28,102,73,0.37,98,102
2000,28,1017,1705,8.52,983,1017
10000,28,5057,2268,11.34,4943,5057
20000,28,9878,10316,51.58,10122,9878
40000,28,19964,20054,100.27,20036,19964
60000,28,29575,39564,197.82,30425,29575
80000,28,39981,12392,61.96,40019,39981
100000,28,49871,33954,169.77,50129,49871
2,29,1,1,0.01,1,1
3,29,1,1,0.01,2,1
100,29,49,54,0.27,51,49
200,29,100,94,0.47,100,100
2000,29,998,720,3.6,1002,998
10000,29,4992,6059,30.29,5008,4992
20000,29,10098,14058,70.29,9902,10098
40000,29,19728,33461,167.3,20272,19728
60000,29,29938,8460,42.3,30062,29938
80000,29,39756,16472,82.36,40244,39756
100000,29,49955,37877,189.38,50045,49955
2,30,0,1,0.01,2,0
3,30,2,1,0.01,1,2
100,30,62,10,0.05,38,62
200,30,99,158,0.79,101,99
2000,30,1001,924,4.62,999,1001
10000,30,4973,5743,28.71,5027,4973
20000,30,9889,6847,34.23,10111,9889
40000,30,19928,16674,83.37,20072,19928
60000,30,29995,8137,40.69,30005,29995
80000,30,39656,2403,12.02,40344,39656
100000,30,50054,33576,167.88,49946,50054
2,31,1,1,0.01,1,1
3,31,0,2,0.01,3,0
100,31,41,25,0.13,59,41
200,31,104,135,0.68,96,104
2000,31,996,1711,8.55,1004,996
10000,31,5007,5907,29.53,4993,5007
20000,31,9981,13368,66.84,10019,9981
40000,31,19910,13529,67.65,20090,19910
60000,31,29747,27104,135.52,30253,29747
80000,31,39980,20370,101.85,40020,39980
100000,31,49742,9377,46.89,50258,49742
2,32,1,1,0.01,1,1
3,32,2,1,0.01,1,2
100,32,52,86,0.43,48,52
200,32,89,8,0.04,111,89
2000,32,977,1051,5.25,1023,977
10000,32,4965,8388,41.94,5035,4965
20000,32,10001,1865,9.33,9999,10001
40000,32,19875,14335,71.68,20125,19875
60000,32,29619,20185,100.92,30381,29619
80000,32,40133,2232,11.16,39867,40133
100000,32,49556,10956,54.78,50444,49556
2,33,0,1,0.01,2,0
3,33,3,2,0.01,0,3
100,33,45,38,0.19,55,45
200,33,96,106,0.53,104,96
2000,33,1013,1469,7.34,987,1013
10000,33,4986,389,1.94,5014,4986
20000,33,9963,550,2.75,10037,9963
40000,33,19977,7890,39.45,20023,19977
60000,33,29822,35294,176.47,30178,29822
80000,33,39922,13120,65.6,40078,39922
100000,33,49888,9129,45.65,50112,49888
2,34,2,1,0.01,0,2
3,34,2,2,0.01,1,2
100,34,53,30,0.15,47,53
200,34,89,151,0.76,111,89
2000,34,992,735,3.67,1008,992
10000,34,4913,9208,46.04,5087,4913
20000,34,10065,5390,26.95,9935,10065
40000,34,19875,30233,151.16,20125,19875
60000,34,29910,39120,195.6,30090,29910
80000,34,40010,11211,56.06,39990,40010
100000,34,49826,13339,66.7,50174,49826
2,35,0,1,0.01,2,0
3,35,1,2,0.01,2,1
100,35,33,19,0.1,67,33
200,35,107,21,0.11,93,107
2000,35,993,1341,6.7,1007,993
10000,35,4897,4098,20.49,5103,4897
20000,35,9983,5997,29.98,10017,9983
40000,35,20032,6081,30.4,19968,20032
60000,35,29977,6150,30.75,30023,29977
80000,35,39863,32538,162.69,40137,39863
100000,35,49883,38765,193.82,50117,49883
2,36,0,1,0.01,2,0
3,36,0,2,0.01,3,0
100,36,46,84,0.42,54,46
200,36,98,168,0.84,102,98
2000,36,998,88,0.44,1002,998
10000,36,4992,5029,25.14,5008,4992
20000,36,9878,11035,55.18,10122,9878
40000,36,19727,26386,131.93,20273,19727
60000,36,29810,39499,197.49,30190,29810
80000,36,40159,13412,67.06,39841,40159
100000,36,49455,62021,310.1,50545,49455
2,37,2,1,0.01,0,2
3,37,1,2,0.01,2,1
100,37,50,36,0.18,50,50
200,37,107,74,0.37,93,107
2000,37,1047,1073,5.36,953,1047
10000,37,5014,3517,17.59,4986,5014
20000,37,9941,7819,39.1,10059,9941
40000,37,20096,1899,9.5,19904,20096
60000,37,29947,36908,184.54,30053,29947
80000,37,40034,9523,47.62,39966,40034
100000,37,49883,17260,86.3,50117,49883
2,38,1,1,0.01,1,1
3,38,1,2,0.01,2,1
100,38,44,96,0.48,56,44
200,38,102,128,0.64,98,102
2000,38,962,629,3.14,1038,962
10000,38,5069,8510,42.55,4931,5069
20000,38,9958,12468,62.34,10042,9958
40000,38,19933,15225,76.13,20067,19933
60000,38,29875,22994,114.97,30125,29875
80000,38,39845,35816,179.08,40155,39845
100000,38,50148,3885,19.43,49852,50148
2,39,1,1,0.01,1,1
3,39,0,2,0.01,3,0
100,39,54,19,0.1,46,54
200,39,92,20,0.1,108,92
2000,39,991,242,1.21,1009,991
10000,39,4986,6455,32.27,5014,4986
20000,39,9966,1810,9.05,10034,9966
40000,39,19747,9694,48.47,20253,19747
60000,39,29926,37334,186.67,30074,29926
80000,39,40111,673,3.36,39889,40111
100000,39,50059,10259,51.3,49941,50059
2,40,1,1,0.01,1,1
3,40,0,2,0.01,3,0
100,40,45,82,0.41,55,45
200,40,97,90,0.45,103,97
2000,40,1030,144,0.72,970,1030
10000,40,4995,740,3.7,5005,4995
20000,40,9861,19548,97.74,10139,9861
40000,40,19871,11019,55.1,20129,19871
60000,40,29612,22444,112.22,30388,29612
80000,40,39846,29308,146.54,40154,39846
100000,40,49941,20004,100.02,50059,49941
2,41,1,1,0.01,1,1
3,41,2,1,0.01,1,2
100,41,55,71,0.36,45,55
200,41,98,64,0.32,102,98
2000,41,1030,614,3.07,970,1030
10000,41,5019,3559,17.8,4981,5019
20000,41,10105,2374,11.87,9895,10105
40000,41,19972,5719,28.59,20028,19972
60000,41,30122,12514,62.57,29878,30122
80000,41,39786,34869,174.34,40214,39786
100000,41,49736,7017,35.08,50264,49736
2,42,2,1,0.01,0,2
3,42,2,2,0.01,1,2
100,42,39,91,0.46,61,39
200,42,109,24,0.12,91,109
2000,42,968,1832,9.16,1032,968
10000,42,5048,746,3.73,4952,5048
20000,42,9951,1421,7.1,10049,9951
40000,42,19851,13089,65.45,20149,19851
60000,42,29975,591,2.95,30025,29975
80000,42,39861,5355,26.77,40139,39861
100000,42,49921,39804,199.02,50079,49921
2,43,2,1,0.01,0,2
3,43,2,2,0.01,1,2
100,43,46,93,0.47,54,46
200,43,95,123,0.62,105,95
2000,43,985,610,3.05,1015,985
10000,43,5022,4080,20.4,4978,5022
20000,43,9978,8335,41.68,10022,9978
40000,43,19932,19760,98.8,20068,19932
60000,43,29812,15171,75.86,30188,29812
80000,43,39928,35389,176.94,40072,39928
100000,43,49782,36102,180.51,50218,49782
2,44,0,1,0.01,2,0
3,44,2,1,0.01,1,2
100,44,53,89,0.45,47,53
200,44,110,136,0.68,90,110
2000,44,960,1627,8.13,1040,960
10000,44,4926,2938,14.69,5074,4926
20000,44,9869,8930,44.65,10131,9869
40000,44,19906,30656,153.28,20094,19906
60000,44,29734,5670,28.35,30266,29734
80000,44,39881,24377,121.88,40119,39881
100000,44,49835,17002,85.01,50165,49835
2,45,0,1,0.01,2,0
3,45,2,2,0.01,1,2
100,45,43,44,0.22,57,43
200,45,86,153,0.77,114,86
2000,45,970,985,4.92,1030,970
10000,45,4913,4993,24.96,5087,4913
20000,45,9948,19904,99.52,10052,9948
40000,45,19941,9008,45.04,20059,19941
60000,45,30141,12415,62.08,29859,30141
80000,45,40034,22739,113.69,39966,40034
100000,45,50056,12019,60.1,49944,50056
2,46,1,1,0.01,1,1
3,46,2,2,0.01,1,2
100,46,52,65,0.33,48,52
200,46,98,19,0.1,102,98
2000,46,999,350,1.75,1001,999
10000,46,5007,2863,14.32,4993,5007
20000,46,9972,2737,13.69,10028,9972
40000,46,19942,990,4.95,20058,19942
60000,46,29973,2585,12.93,30027,29973
80000,46,40023,28601,143.0,39977,40023
100000,46,49843,37880,189.4,50157,49843
2,47,1,1,0.01,1,1
3,47,1,2,0.01,2,1
100,47,58,69,0.35,42,58
200,47,91,79,0.4,109,91
2000,47,1002,27,0.14,998,1002
10000,47,5017,6166,30.83,4983,5017
20000,47,10070,1272,6.36,9930,10070
40000,47,20071,273,1.36,19929,20071
60000,47,29852,12521,62.61,30148,29852
80000,47,39563,51604,258.02,40437,39563
100000,47,49797,20395,101.97,50203,49797
2,48,0,1,0.01,2,0
3,48,1,1,0.01,2,1
100,48,62,86,0.43,38,62
200,48,102,9,0.05,98,102
2000,48,957,1010,5.05,1043,957
10000,48,4979,7624,38.12,5021,4979
20000,48,9815,9773,48.87,10185,9815
40000,48,19811,3966,19.83,20189,19811
60000,48,30004,4853,24.26,29996,30004
80000,48,39789,15296,76.48,40211,39789
100000,48,50009,38167,190.83,49991,50009
2,49,1,1,0.01,1,1
3,49,2,2,0.01,1,2
100,49,48,7,0.04,52,48
200,49,99,33,0.17,101,99
2000,49,981,1148,5.74,1019,981
10000,49,4962,5149,25.74,5038,4962
20000,49,9956,12619,63.1,10044,9956
40000,49,19812,16877,84.38,20188,19812
60000,49,30018,12776,63.88,29982,30018
80000,49,39817,11093,55.47,40183,39817
100000,49,49775,16385,81.92,50225,49775
2,50,1,1,0.01,1,1
3,50,1,1,0.01,2,1
100,50,50,30,0.15,50,50
200,50,98,129,0.65,102,98
2000,50,1009,914,4.57,991,1009
10000,50,4972,6526,32.63,5028,4972
20000,50,9984,10161,50.81,10016,9984
40000,50,19816,2647,13.24,20184,19816
60000,50,29863,16157,80.78,30137,29863
80000,50,40101,15898,79.49,39899,40101
100000,50,49768,14239,71.2,50232,49768
2,51,1,1,0.01,1,1
3,51,1,2,0.01,2,1
100,51,51,97,0.49,49,51
200,51,96,38,0.19,104,96
2000,51,1000,1845,9.23,1000,1000
10000,51,4927,5092,25.46,5073,4927
20000,51,10030,7849,39.25,9970,10030
40000,51,19939,9600,48.0,20061,19939
60000,51,29722,8067,40.34,30278,29722
80000,51,39681,25442,127.21,40319,39681
100000,51,49606,99919,499.59,50394,49606
2,52,1,1,0.01,1,1
3,52,1,2,0.01,2,1
100,52,51,97,0.49,49,51
200,52,100,174,0.87,100,100
2000,52,1010,776,3.88,990,1010
10000,52,4949,3414,17.07,5051,4949
20000,52,9956,5982,29.91,10044,9956
40000,52,19948,3311,16.56,20052,19948
60000,52,30217,7412,37.06,29783,30217
80000,52,39981,18267,91.33,40019,39981
100000,52,50124,34658,173.29,49876,50124
2,53,0,1,0.01,2,0
3,53,0,2,0.01,3,0
100,53,49,19,0.1,51,49
200,53,104,127,0.64,96,104
2000,53,979,1195,5.97,1021,979
10000,53,4978,4055,20.28,5022,4978
20000,53,9901,8635,43.18,10099,9901
40000,53,20171,2983,14.92,19829,20171
60000,53,29727,23188,115.94,30273,29727
80000,53,40089,23862,119.31,39911,40089
100000,53,50024,27990,139.95,49976,50024
2,54,1,1,0.01,1,1
3,54,3,2,0.01,0,3
100,54,48,52,0.26,52,48
200,54,97,114,0.57,103,97
2000,54,969,599,2.99,1031,969
10000,54,4987,6282,31.41,5013,4987
20000,54,9987,7802,39.01,10013,9987
40000,54,19900,36948,184.74,20100,19900
60000,54,29816,17778,88.89,30184,29816
80000,54,39853,55720,278.6,40147,39853
100000,54,49896,18323,91.61,50104,49896
2,55,2,1,0.01,0,2
3,55,2,2,0.01,1,2
100,55,51,61,0.31,49,51
200,55,98,76,0.38,102,98
2000,55,967,815,4.07,1033,967
10000,55,4988,748,3.74,5012,4988
20000,55,9935,1000,5.0,10065,9935
40000,55,20023,10176,50.88,19977,20023
60000,55,30009,1954,9.77,29991,30009
80000,55,39829,22076,110.38,40171,39829
100000,55,49663,18359,91.79,50337,49663
2,56,2,1,0.01,0,2
3,56,2,1,0.01,1,2
100,56,55,83,0.42,45,55
200,56,85,55,0.28,115,85
2000,56,953,1245,6.22,1047,953
10000,56,4992,683,3.41,5008,4992
20000,56,9963,6239,31.19,10037,9963
40000,56,19794,11614,58.07,20206,19794
60000,56,29688,57000,285.0,30312,29688
80000,56,39741,25796,128.98,40259,39741
100000,56,50096,13033,65.17,49904,50096
2,57,1,1,0.01,1,1
3,57,1,1,0.01,2,1
100,57,50,16,0.08,50,50
200,57,108,82,0.41,92,108
2000,57,996,80,0.4,1004,996
10000,57,4980,560,2.8,5020,4980
20000,57,9926,5421,27.1,10074,9926
40000,57,19986,6421,32.1,20014,19986
60000,57,29895,9332,46.66,30105,29895
80000,57,39863,21213,106.06,40137,39863
100000,57,49700,29737,148.68,50300,49700
2,58,0,1,0.01,2,0
3,58,1,2,0.01,2,1
100,58,61,69,0.35,39,61
200,58,100,132,0.66,100,100
2000,58,999,296,1.48,1001,999
10000,58,4955,1423,7.11,5045,4955
20000,58,9900,11761,58.81,10100,9900
40000,58,19897,1893,9.47,20103,19897
60000,58,29951,8791,43.96,30049,29951
80000,58,39689,43155,215.77,40311,39689
100000,58,49759,18722,93.61,50241,49759
2,59,0,1,0.01,2,0
3,59,2,2,0.01,1,2
100,59,48,13,0.07,52,48
200,59,96,160,0.8,104,96
2000,59,1024,666,3.33,976,1024
10000,59,4961,2603,13.02,5039,4961
20000,59,10080,5208,26.04,9920,10080
40000,59,19888,23106,115.53,20112,19888
60000,59,29956,21049,105.24,30044,29956
80000,59,39824,15,0.08,40176,39824
100000,59,50095,264,1.32,49905,50095
2,60,2,1,0.01,0,2
3,60,2,1,0.01,1,2
100,60,44,68,0.34,56,44
200,60,112,120,0.6,88,112
2000,60,1016,1317,6.58,984,1016
10000,60,4935,991,4.95,5065,4935
20000,60,9948,11366,56.83,10052,9948
40000,60,19827,25424,127.12,20173,19827
60000,60,29806,24543,122.71,30194,29806
80000,60,39910,6269,31.34,40090,39910
100000,60,50003,22946,114.73,49997,50003
2,61,2,1,0.01,0,2
3,61,2,2,0.01,1,2
100,61,60,60,0.3,40,60
200,61,107,53,0.27,93,107
2000,61,1026,1510,7.55,974,1026
10000,61,4923,5483,27.41,5077,4923
20000,61,10026,2554,12.77,9974,10026
40000,61,20021,13599,68.0,19979,20021
60000,61,29937,15580,77.9,30063,29937
80000,61,39977,13011,65.06,40023,39977
100000,61,50007,17408,87.04,49993,50007
2,62,1,1,0.01,1,1
3,62,0,2,0.01,3,0
100,62,55,3,0.02,45,55
200,62,102,20,0.1,98,102
2000,62,1022,1222,6.11,978,1022
10000,62,4985,5100,25.5,5015,4985
20000,62,9896,281,1.4,10104,9896
40000,62,19786,1403,7.01,20214,19786
60000,62,29993,11723,58.62,30007,29993
80000,62,39983,25994,129.97,40017,39983
100000,62,49816,26030,130.15,50184,49816
2,63,0,1,0.01,2,0
3,63,2,1,0.01,1,2
100,63,54,43,0.22,46,54
200,63,103,184,0.92,97,103
2000,63,979,1138,5.69,1021,979
10000,63,4931,2092,10.46,5069,4931
20000,63,9999,8483,42.42,10001,9999
40000,63,20107,1558,7.79,19893,20107
60000,63,30014,10960,54.8,29986,30014
80000,63,39690,6431,32.15,40310,39690
100000,63,49560,58807,294.03,50440,49560
2,64,2,1,0.01,0,2
3,64,3,2,0.01,0,3
100,64,53,40,0.2,47,53
200,64,104,4,0.02,96,104
2000,64,989,676,3.38,1011,989
10000,64,5059,6429,32.14,4941,5059
20000,64,9866,6658,33.29,10134,9866
40000,64,19957,1449,7.24,20043,19957
60000,64,29875,3281,16.41,30125,29875
80000,64,39861,40060,200.3,40139,39861
100000,64,50045,6369,31.84,49955,50045
2,65,2,1,0.01,0,2
3,65,1,1,0.01,2,1
100,65,46,4,0.02,54,46
200,65,106,140,0.7,94,106
2000,65,986,271,1.35,1014,986
10000,65,5085,2415,12.08,4915,5085
20000,65,9885,16222,81.11,10115,9885
40000,65,19922,3298,16.49,20078,19922
60000,65,29905,15954,79.77,30095,29905
80000,65,39710,44391,221.95,40290,39710
100000,65,49844,38673,193.36,50156,49844
2,66,0,1,0.01,2,0
3,66,2,1,0.01,1,2
100,66,53,3,0.02,47,53
200,66,98,169,0.85,102,98
2000,66,998,1949,9.75,1002,998
10000,66,4987,6769,33.84,5013,4987
20000,66,9951,5282,26.41,10049,9951
40000,66,19931,8555,42.78,20069,19931
60000,66,29962,16990,84.95,30038,29962
80000,66,39743,16546,82.73,40257,39743
100000,66,50301,11196,55.98,49699,50301
2,67,1,1,0.01,1,1
3,67,2,2,0.01,1,2
100,67,53,3,0.02,47,53
200,67,93,122,0.61,107,93
2000,67,1014,531,2.65,986,1014
10000,67,4976,1795,8.98,5024,4976
20000,67,10084,15641,78.21,9916,10084
40000,67,19714,28193,140.96,20286,19714
60000,67,29968,19989,99.94,30032,29968
80000,67,39889,9643,48.22,40111,39889
100000,67,50005,25194,125.97,49995,50005
2,68,2,1,0.01,0,2
3,68,1,2,0.01,2,1
100,68,53,38,0.19,47,53
200,68,109,28,0.14,91,109
2000,68,957,1485,7.42,1043,957
10000,68,5003,802,4.01,4997,5003
20000,68,9979,7701,38.51,10021,9979
40000,68,19979,9672,48.36,20021,19979
60000,68,29717,4318,21.59,30283,29717
80000,68,39762,19132,95.66,40238,39762
100000,68,49875,37339,186.69,50125,49875
2,69,1,1,0.01,1,1
3,69,1,2,0.01,2,1
100,69,56,15,0.08,44,56
200,69,97,195,0.98,103,97
2000,69,985,74,0.37,1015,985
10000,69,4981,3892,19.46,5019,4981
20000,69,9981,1043,5.21,10019,9981
40000,69,20042,5722,28.61,19958,20042
60000,69,29854,13478,67.39,30146,29854
80000,69,39862,63012,315.06,40138,39862
100000,69,49889,18846,94.23,50111,49889
2,70,1,1,0.01,1,1
3,70,1,1,0.01,2,1
100,70,54,60,0.3,46,54
200,70,97,132,0.66,103,97
2000,70,963,1435,7.17,1037,963
10000,70,4949,3868,19.34,5051,4949
20000,70,9928,4933,24.66,10072,9928
40000,70,19960,8394,41.97,20040,19960
60000,70,29934,18898,94.49,30066,29934
80000,70,40015,8044,40.22,39985,40015
100000,70,49965,12637,63.19,50035,49965
2,71,1,1,0.01,1,1
3,71,1,2,0.01,2,1
100,71,54,3,0.02,46,54
200,71,107,30,0.15,93,107
2000,71,993,20,0.1,1007,993
10000,71,4986,4523,22.61,5014,4986
20000,71,9873,3768,18.84,10127,9873
40000,71,19984,9845,49.23,20016,19984
60000,71,29975,5277,26.38,30025,29975
80000,71,39694,17532,87.66,40306,39694
100000,71,50266,31286,156.43,49734,50266
2,72,1,1,0.01,1,1
3,72,3,2,0.01,0,3
100,72,49,83,0.42,51,49
200,72,101,12,0.06,99,101
2000,72,989,587,2.93,1011,989
10000,72,4957,1648,8.24,5043,4957
20000,72,9875,9652,48.26,10125,9875
40000,72,20072,987,4.93,19928,20072
60000,72,29967,8027,40.14,30033,29967
80000,72,39856,58667,293.33,40144,39856
100000,72,49674,7397,36.99,50326,49674
2,73,1,1,0.01,1,1
3,73,2,2,0.01,1,2
100,73,43,82,0.41,57,43
200,73,105,174,0.87,95,105
2000,73,1011,1321,6.6,989,1011
10000,73,5017,3386,16.93,4983,5017
20000,73,10103,10887,54.44,9897,10103
40000,73,19989,6085,30.42,20011,19989
60000,73,29742,36004,180.02,30258,29742
80000,73,39865,11250,56.25,40135,39865
100000,73,49645,75619,378.09,50355,49645
2,74,1,1,0.01,1,1
3,74,1,1,0.01,2,1
100,74,47,29,0.15,53,47
200,74,106,162,0.81,94,106
2000,74,1028,829,4.14,972,1028
10000,74,4934,3858,19.29,5066,4934
20000,74,10005,967,4.83,9995,10005
40000,74,19985,13869,69.35,20015,19985
60000,74,29620,42509,212.54,30380,29620
80000,74,39946,7131,35.65,40054,39946
100000,74,49941,28228,141.14,50059,49941
2,75,1,1,0.01,1,1
3,75,1,1,0.01,2,1
100,75,44,29,0.15,56,44
200,75,101,4,0.02,99,101
2000,75,1014,1366,6.83,986,1014
10000,75,4995,7028,35.14,5005,4995
20000,75,9943,1748,8.74,10057,9943
40000,75,19757,35661,178.3,20243,19757
60000,75,30023,46,0.23,29977,30023
80000,75,39850,43064,215.32,40150,39850
100000,75,49744,20501,102.5,50256,49744
2,76,2,1,0.01,0,2
3,76,3,2,0.01,0,3
100,76,46,42,0.21,54,46
200,76,102,116,0.58,98,102
2000,76,986,738,3.69,1014,986
10000,76,5040,1094,5.47,4960,5040
20000,76,9945,8215,41.08,10055,9945
40000,76,19965,6895,34.47,20035,19965
60000,76,29688,25393,126.96,30312,29688
80000,76,39998,14311,71.56,40002,39998
100000,76,49870,27522,137.61,50130,49870
2,77,0,1,0.01,2,0
3,77,2,2,0.01,1,2
100,77,42,13,0.07,58,42
200,77,103,137,0.69,97,103
2000,77,966,1986,9.93,1034,966
10000,77,4930,1460,7.3,5070,4930
20000,77,10009,5871,29.35,9991,10009
40000,77,19890,5107,25.53,20110,19890
60000,77,29940,16050,80.25,30060,29940
80000,77,39733,79937,399.68,40267,39733
100000,77,50008,11517,57.59,49992,50008
2,78,1,1,0.01,1,1
3,78,2,1,0.01,1,2
100,78,53,16,0.08,47,53
200,78,90,189,0.95,110,90
2000,78,990,1404,7.02,1010,990
10000,78,5021,1642,8.21,4979,5021
20000,78,10050,4972,24.86,9950,10050
40000,78,20030,18329,91.64,19970,20030
60000,78,29938,1110,5.55,30062,29938
80000,78,40044,9341,46.71,39956,40044
100000,78,49769,19920,99.6,50231,49769
2,79,0,1,0.01,2,0
3,79,2,2,0.01,1,2
100,79,46,88,0.44,54,46
200,79,93,189,0.95,107,93
2000,79,994,1384,6.92,1006,994
10000,79,4933,2594,12.97,5067,4933
20000,79,10016,3164,15.82,9984,10016
40000,79,20050,11022,55.11,19950,20050
60000,79,29809,8347,41.74,30191,29809
80000,79,39959,15940,79.7,40041,39959
100000,79,49762,5625,28.12,50238,49762
2,80,1,1,0.01,1,1
3,80,1,1,0.01,2,1
100,80,47,71,0.36,53,47
200,80,104,104,0.52,96,104
2000,80,1002,721,3.6,998,1002
10000,80,4996,5865,29.32,5004,4996
20000,80,10017,2314,11.57,9983,10017
40000,80,19891,7876,39.38,20109,19891
60000,80,30174,2831,14.16,29826,30174
80000,80,40152,267,1.33,39848,40152
100000,80,49688,34432,172.16,50312,49688
2,81,2,1,0.01,0,2
3,81,2,1,0.01,1,2
100,81,52,18,0.09,48,52
200,81,95,116,0.58,105,95
2000,81,1070,1203,6.01,930,1070
10000,81,4999,4963,24.81,5001,4999
20000,81,9922,10386,51.93,10078,9922
40000,81,20050,846,4.23,19950,20050
60000,81,30081,9116,45.58,29919,30081
80000,81,39713,30622,153.11,40287,39713
100000,81,49831,29649,148.24,50169,49831
2,82,1,1,0.01,1,1
3,82,0,2,0.01,3,0
100,82,44,32,0.16,56,44
200,82,92,156,0.78,108,92
2000,82,1007,1405,7.02,993,1007
10000,82,4977,7443,37.22,5023,4977
20000,82,9929,7907,39.54,10071,9929
40000,82,19781,8722,43.61,20219,19781
60000,82,29942,5140,25.7,30058,29942
80000,82,39569,66854,334.27,40431,39569
100000,82,49974,41756,208.78,50026,49974
2,83,0,1,0.01,2,0
3,83,1,1,0.01,2,1
100,83,44,12,0.06,56,44
200,83,100,81,0.41,100,100
2000,83,1004,573,2.86,996,1004
10000,83,5051,3613,18.07,4949,5051
20000,83,10070,4464,22.32,9930,10070
40000,83,19987,12363,61.82,20013,19987
60000,83,29873,14732,73.66,30127,29873
80000,83,39906,23290,116.45,40094,39906
100000,83,49917,18461,92.3,50083,49917
2,84,1,1,0.01,1,1
3,84,3,2,0.01,0,3
100,84,51,31,0.16,49,51
200,84,107,27,0.14,93,107
2000,84,990,84,0.42,1010,990
10000,84,4886,7426,37.13,5114,4886
20000,84,9889,15580,77.9,10111,9889
40000,84,19757,10785,53.93,20243,19757
60000,84,30008,25701,128.5,29992,30008
80000,84,40118,15681,78.41,39882,40118
100000,84,49695,29894,149.47,50305,49695
2,85,1,1,0.01,1,1
3,85,1,2,0.01,2,1
100,85,47,86,0.43,53,47
200,85,97,70,0.35,103,97
2000,85,996,964,4.82,1004,996
10000,85,4980,2270,11.35,5020,4980
20000,85,9941,2790,13.95,10059,9941
40000,85,20041,17269,86.34,19959,20041
60000,85,30057,14292,71.46,29943,30057
80000,85,39432,25200,126.0,40568,39432
100000,85,49871,17730,88.65,50129,49871
2,86,1,1,0.01,1,1
3,86,1,2,0.01,2,1
100,86,58,29,0.15,42,58
200,86,90,50,0.25,110,90
2000,86,1009,169,0.85,991,1009
10000,86,4898,3467,17.34,5102,4898
20000,86,10111,4232,21.16,9889,10111
40000,86,19768,8082,40.41,20232,19768
60000,86,29784,8890,44.45,30216,29784
80000,86,39724,24882,124.41,40276,39724
100000,86,49801,20522,102.61,50199,49801
2,87,1,1,0.01,1,1
3,87,1,2,0.01,2,1
100,87,51,71,0.36,49,51
200,87,104,4,0.02,96,104
2000,87,1026,479,2.39,974,1026
10000,87,5016,1734,8.67,4984,5016
20000,87,9926,4130,20.65,10074,9926
40000,87,19834,11947,59.74,20166,19834
60000,87,29977,13530,67.65,30023,29977
80000,87,39814,14822,74.11,40186,39814
100000,87,49821,22174,110.87,50179,49821
2,88,2,1,0.01,0,2
3,88,2,1,0.01,1,2
100,88,50,6,0.03,50,50
200,88,91,40,0.2,109,91
2000,88,987,709,3.54,1013,987
10000,88,4868,9980,49.9,5132,4868
20000,88,9888,14490,72.45,10112,9888
40000,88,19914,7330,36.65,20086,19914
60000,88,30258,12955,64.78,29742,30258
80000,88,39969,22334,111.67,40031,39969
100000,88,49610,8700,43.5,50390,49610
2,89,0,1,0.01,2,0
3,89,1,2,0.01,2,1
100,89,52,3,0.02,48,52
200,89,104,188,0.94,96,104
2000,89,993,758,3.79,1007,993
10000,89,4956,7401,37.01,5044,4956
20000,89,10021,12798,63.99,9979,10021
40000,89,20119,5342,26.71,19881,20119
60000,89,29760,30352,151.76,30240,29760
80000,89,40093,15709,78.55,39907,40093
100000,89,49841,54957,274.78,50159,49841
2,90,1,1,0.01,1,1
3,90,0,2,0.01,3,0
100,90,53,38,0.19,47,53
200,90,92,144,0.72,108,92
2000,90,1014,1122,5.61,986,1014
10000,90,4893,3544,17.72,5107,4893
20000,90,10068,10585,52.93,9932,10068
40000,90,19795,108,0.54,20205,19795
60000,90,29999,11976,59.88,30001,29999
80000,90,39824,37287,186.43,40176,39824
100000,90,50014,29163,145.81,49986,50014
2,91,0,1,0.01,2,0
3,91,0,2,0.01,3,0
100,91,48,96,0.48,52,48
200,91,95,44,0.22,105,95
2000,91,1007,477,2.38,993,1007
10000,91,5038,880,4.4,4962,5038
20000,91,9985,2757,13.79,10015,9985
40000,91,20016,4482,22.41,19984,20016
60000,91,29865,39484,197.42,30135,29865
80000,91,39882,28850,144.25,40118,39882
100000,91,49882,26056,130.28,50118,49882
2,92,2,1,0.01,0,2
3,92,0,2,0.01,3,0
100,92,47,38,0.19,53,47
200,92,111,193,0.97,89,111
2000,92,955,938,4.69,1045,955
10000,92,4981,5654,28.27,5019,4981
20000,92,9968,11607,58.04,10032,9968
40000,92,20097,12297,61.49,19903,20097
60000,92,29832,23027,115.13,30168,29832
80000,92,40017,14316,71.58,39983,40017
100000,92,49995,30925,154.62,50005,49995
2,93,1,1,0.01,1,1
3,93,2,2,0.01,1,2
100,93,51,93,0.47,49,51
200,93,99,116,0.58,101,99
2000,93,989,445,2.22,1011,989
10000,93,4970,6586,32.93,5030,4970
20000,93,9956,19958,99.79,10044,9956
40000,93,20002,12446,62.23,19998,20002
60000,93,30015,9038,45.19,29985,30015
80000,93,39916,35189,175.94,40084,39916
100000,93,50160,19820,99.1,49840,50160
2,94,2,1,0.01,0,2
3,94,1,1,0.01,2,1
100,94,53,82,0.41,47,53
200,94,107,171,0.86,93,107
2000,94,1009,1904,9.52,991,1009
10000,94,4938,2571,12.86,5062,4938
20000,94,9980,1785,8.92,10020,9980
40000,94,19813,32224,161.12,20187,19813
60000,94,30057,23248,116.24,29943,30057
80000,94,39947,7661,38.31,40053,39947
100000,94,49856,9982,49.91,50144,49856
2,95,1,1,0.01,1,1
3,95,3,2,0.01,0,3
100,95,56,29,0.15,44,56
200,95,97,77,0.39,103,97
2000,95,1020,1694,8.47,980,1020
10000,95,5015,4597,22.98,4985,5015
20000,95,9958,11989,59.95,10042,9958
40000,95,19673,38263,191.31,20327,19673
60000,95,29951,15245,76.23,30049,29951
80000,95,40079,22946,114.73,39921,40079
100000,95,49996,21434,107.17,50004,49996
2,96,2,1,0.01,0,2
3,96,3,2,0.01,0,3
100,96,49,11,0.06,51,49
200,96,115,52,0.26,85,115
2000,96,962,20,0.1,1038,962
10000,96,4958,6174,30.87,5042,4958
20000,96,9966,6605,33.02,10034,9966
40000,96,19919,5779,28.89,20081,19919
60000,96,30060,11121,55.61,29940,30060
80000,96,39988,17628,88.14,40012,39988
100000,96,50071,2006,10.03,49929,50071
2,97,2,1,0.01,0,2
3,97,1,1,0.01,2,1
100,97,44,28,0.14,56,44
200,97,91,192,0.96,109,91
2000,97,1034,1137,5.68,966,1034
10000,97,4917,2317,11.59,5083,4917
20000,97,9904,4765,23.82,10096,9904
40000,97,20061,9576,47.88,19939,20061
60000,97,30083,20111,100.55,29917,30083
80000,97,39867,19375,96.87,40133,39867
100000,97,50113,14770,73.85,49887,50113
2,98,2,1,0.01,0,2
3,98,3,2,0.01,0,3
100,98,42,90,0.45,58,42
200,98,96,142,0.71,104,96
2000,98,1033,1033,5.16,967,1033
10000,98,4968,7861,39.31,5032,4968
20000,98,9917,10461,52.31,10083,9917
40000,98,19845,18448,92.24,20155,19845
60000,98,29992,10943,54.72,30008,29992
80000,98,40131,1673,8.36,39869,40131
100000,98,49971,32736,163.68,50029,49971
2,99,0,1,0.01,2,0
3,99,0,2,0.01,3,0
100,99,50,25,0.13,50,50
200,99,97,55,0.28,103,97
2000,99,1030,1046,5.23,970,1030
10000,99,4976,2852,14.26,5024,4976
20000,99,9957,1114,5.57,10043,9957
40000,99,20081,4587,22.93,19919,20081
60000,99,29993,19965,99.82,30007,29993
80000,99,39975,11289,56.45,40025,39975
100000,99,49862,28296,141.48,50138,49862
2,100,0,1,0.01,2,0
3,100,1,2,0.01,2,1
100,100,54,3,0.02,46,54
200,100,87,148,0.74,113,87
2000,100,975,1535,7.67,1025,975
10000,100,4915,1654,8.27,5085,4915
20000,100,9922,14012,70.06,10078,9922
40000,100,20038,3272,16.36,19962,20038
60000,100,29779,5638,28.19,30221,29779
80000,100,39885,31163,155.81,40115,39885
100000,100,49823,13734,68.67,50177,49823
