Timestep,Iteration,Total Reward,Suboptimal Arms Count,Total Regret,Zeros Count,Ones Count
2,1,2,0,0,0,2
3,1,2,0,0,1,2
100,1,93,0,0,7,93
200,1,178,0,0,22,178
2000,1,1827,0,0,173,1827
10000,1,8990,0,0,1010,8990
20000,1,17954,0,0,2046,17954
40000,1,36096,0,0,3904,36096
60000,1,54004,0,0,5996,54004
80000,1,72129,0,0,7871,72129
100000,1,90033,0,0,9967,90033
2,2,2,0,0,0,2
3,2,3,0,0,0,3
100,2,94,0,0,6,94
200,2,178,0,0,22,178
2000,2,1791,0,0,209,1791
10000,2,8998,0,0,1002,8998
20000,2,18092,0,0,1908,18092
40000,2,36054,0,0,3946,36054
60000,2,53924,0,0,6076,53924
80000,2,71958,0,0,8042,71958
100000,2,90166,0,0,9834,90166
2,3,2,0,0,0,2
3,3,2,0,0,1,2
100,3,87,0,0,13,87
200,3,182,0,0,18,182
2000,3,1797,0,0,203,1797
10000,3,8976,0,0,1024,8976
20000,3,18013,0,0,1987,18013
40000,3,35933,0,0,4067,35933
60000,3,53926,0,0,6074,53926
80000,3,71899,0,0,8101,71899
100000,3,89928,0,0,10072,89928
2,4,2,0,0,0,2
3,4,3,0,0,0,3
100,4,88,0,0,12,88
200,4,186,0,0,14,186
2000,4,1801,0,0,199,1801
10000,4,9044,0,0,956,9044
20000,4,17988,0,0,2012,17988
40000,4,36017,0,0,3983,36017
60000,4,54001,0,0,5999,54001
80000,4,71939,0,0,8061,71939
100000,4,90380,0,0,9620,90380
2,5,2,0,0,0,2
3,5,3,0,0,0,3
100,5,87,0,0,13,87
200,5,178,0,0,22,178
2000,5,1806,0,0,194,1806
10000,5,9004,0,0,996,9004
20000,5,17987,0,0,2013,17987
40000,5,36014,0,0,3986,36014
60000,5,54020,0,0,5980,54020
80000,5,71877,0,0,8123,71877
100000,5,90094,0,0,9906,90094
2,6,1,0,0,1,1
3,6,3,0,0,0,3
100,6,89,0,0,11,89
200,6,180,0,0,20,180
2000,6,1793,0,0,207,1793
10000,6,8986,0,0,1014,8986
20000,6,18003,0,0,1997,18003
40000,6,36064,0,0,3936,36064
60000,6,53830,0,0,6170,53830
80000,6,71921,0,0,8079,71921
100000,6,89928,0,0,10072,89928
2,7,2,0,0,0,2
3,7,2,0,0,1,2
100,7,91,0,0,9,91
200,7,177,0,0,23,177
2000,7,1774,0,0,226,1774
10000,7,9005,0,0,995,9005
20000,7,17995,0,0,2005,17995
40000,7,36065,0,0,3935,36065
60000,7,54071,0,0,5929,54071
80000,7,72061,0,0,7939,72061
100000,7,89818,0,0,10182,89818
2,8,2,0,0,0,2
3,8,3,0,0,0,3
100,8,92,0,0,8,92
200,8,179,0,0,21,179
2000,8,1804,0,0,196,1804
10000,8,9003,0,0,997,9003
20000,8,17991,0,0,2009,17991
40000,8,36074,0,0,3926,36074
60000,8,54010,0,0,5990,54010
80000,8,71996,0,0,8004,71996
100000,8,89948,0,0,10052,89948
2,9,2,0,0,0,2
3,9,3,0,0,0,3
100,9,93,0,0,7,93
200,9,191,0,0,9,191
2000,9,1792,0,0,208,1792
10000,9,8939,0,0,1061,8939
20000,9,17982,0,0,2018,17982
40000,9,36048,0,0,3952,36048
60000,9,53940,0,0,6060,53940
80000,9,71936,0,0,8064,71936
100000,9,90206,0,0,9794,90206
2,10,1,0,0,1,1
3,10,3,0,0,0,3
100,10,86,0,0,14,86
200,10,186,0,0,14,186
2000,10,1797,0,0,203,1797
10000,10,9010,0,0,990,9010
20000,10,17909,0,0,2091,17909
40000,10,36023,0,0,3977,36023
60000,10,54044,0,0,5956,54044
80000,10,72016,0,0,7984,72016
100000,10,90016,0,0,9984,90016
2,11,1,0,0,1,1
3,11,3,0,0,0,3
100,11,90,0,0,10,90
200,11,178,0,0,22,178
2000,11,1789,0,0,211,1789
10000,11,9020,0,0,980,9020
20000,11,17969,0,0,2031,17969
40000,11,36032,0,0,3968,36032
60000,11,53974,0,0,6026,53974
80000,11,72025,0,0,7975,72025
100000,11,89955,0,0,10045,89955
2,12,2,0,0,0,2
3,12,3,0,0,0,3
100,12,91,0,0,9,91
200,12,182,0,0,18,182
2000,12,1813,0,0,187,1813
10000,12,8933,0,0,1067,8933
20000,12,17929,0,0,2071,17929
40000,12,35906,0,0,4094,35906
60000,12,54025,0,0,5975,54025
80000,12,71949,0,0,8051,71949
100000,12,89946,0,0,10054,89946
2,13,2,0,0,0,2
3,13,3,0,0,0,3
100,13,93,0,0,7,93
200,13,182,0,0,18,182
2000,13,1807,0,0,193,1807
10000,13,8994,0,0,1006,8994
20000,13,17933,0,0,2067,17933
40000,13,35918,0,0,4082,35918
60000,13,53960,0,0,6040,53960
80000,13,72033,0,0,7967,72033
100000,13,89835,0,0,10165,89835
2,14,2,0,0,0,2
3,14,3,0,0,0,3
100,14,88,0,0,12,88
200,14,176,0,0,24,176
2000,14,1778,0,0,222,1778
10000,14,8990,0,0,1010,8990
20000,14,18038,0,0,1962,18038
40000,14,35943,0,0,4057,35943
60000,14,53928,0,0,6072,53928
80000,14,71987,0,0,8013,71987
100000,14,89844,0,0,10156,89844
2,15,0,0,0,2,0
3,15,2,0,0,1,2
100,15,95,0,0,5,95
200,15,178,0,0,22,178
2000,15,1789,0,0,211,1789
10000,15,8962,0,0,1038,8962
20000,15,17998,0,0,2002,17998
40000,15,36085,0,0,3915,36085
60000,15,54160,0,0,5840,54160
80000,15,71932,0,0,8068,71932
100000,15,90132,0,0,9868,90132
2,16,1,0,0,1,1
3,16,1,0,0,2,1
100,16,89,0,0,11,89
200,16,180,0,0,20,180
2000,16,1798,0,0,202,1798
10000,16,8973,0,0,1027,8973
20000,16,18038,0,0,1962,18038
40000,16,35873,0,0,4127,35873
60000,16,53923,0,0,6077,53923
80000,16,71913,0,0,8087,71913
100000,16,90037,0,0,9963,90037
2,17,2,0,0,0,2
3,17,3,0,0,0,3
100,17,89,0,0,11,89
200,17,181,0,0,19,181
2000,17,1782,0,0,218,1782
10000,17,8963,0,0,1037,8963
20000,17,18012,0,0,1988,18012
40000,17,36048,0,0,3952,36048
60000,17,53882,0,0,6118,53882
80000,17,72019,0,0,7981,72019
100000,17,89811,0,0,10189,89811
2,18,2,0,0,0,2
3,18,2,0,0,1,2
100,18,93,0,0,7,93
200,18,180,0,0,20,180
2000,18,1791,0,0,209,1791
10000,18,8988,0,0,1012,8988
20000,18,17956,0,0,2044,17956
40000,18,36025,0,0,3975,36025
60000,18,53976,0,0,6024,53976
80000,18,72108,0,0,7892,72108
100000,18,89990,0,0,10010,89990
2,19,2,0,0,0,2
3,19,3,0,0,0,3
100,19,86,0,0,14,86
200,19,179,0,0,21,179
2000,19,1784,0,0,216,1784
10000,19,9018,0,0,982,9018
20000,19,17997,0,0,2003,17997
40000,19,36002,0,0,3998,36002
60000,19,53908,0,0,6092,53908
80000,19,71924,0,0,8076,71924
100000,19,89930,0,0,10070,89930
2,20,2,0,0,0,2
3,20,3,0,0,0,3
100,20,88,0,0,12,88
200,20,181,0,0,19,181
2000,20,1809,0,0,191,1809
10000,20,8961,0,0,1039,8961
20000,20,17964,0,0,2036,17964
40000,20,35895,0,0,4105,35895
60000,20,53930,0,0,6070,53930
80000,20,72049,0,0,7951,72049
100000,20,90063,0,0,9937,90063
2,21,2,0,0,0,2
3,21,2,0,0,1,2
100,21,96,0,0,4,96
200,21,178,0,0,22,178
2000,21,1812,0,0,188,1812
10000,21,8988,0,0,1012,8988
20000,21,18060,0,0,1940,18060
40000,21,35906,0,0,4094,35906
60000,21,54087,0,0,5913,54087
80000,21,71975,0,0,8025,71975
100000,21,90033,0,0,9967,90033
2,22,2,0,0,0,2
3,22,3,0,0,0,3
100,22,96,0,0,4,96
200,22,178,0,0,22,178
2000,22,1789,0,0,211,1789
10000,22,8954,0,0,1046,8954
20000,22,18047,0,0,1953,18047
40000,22,36024,0,0,3976,36024
60000,22,54004,0,0,5996,54004
80000,22,72012,0,0,7988,72012
100000,22,89971,0,0,10029,89971
2,23,2,0,0,0,2
3,23,2,0,0,1,2
100,23,90,0,0,10,90
200,23,180,0,0,20,180
2000,23,1787,0,0,213,1787
10000,23,8955,0,0,1045,8955
20000,23,18017,0,0,1983,18017
40000,23,36040,0,0,3960,36040
60000,23,54130,0,0,5870,54130
80000,23,72092,0,0,7908,72092
100000,23,90032,0,0,9968,90032
2,24,1,0,0,1,1
3,24,3,0,0,0,3
100,24,90,0,0,10,90
200,24,181,0,0,19,181
2000,24,1789,0,0,211,1789
10000,24,9030,0,0,970,9030
20000,24,17938,0,0,2062,17938
40000,24,35978,0,0,4022,35978
60000,24,53974,0,0,6026,53974
80000,24,71922,0,0,8078,71922
100000,24,89921,0,0,10079,89921
2,25,2,0,0,0,2
3,25,3,0,0,0,3
100,25,87,0,0,13,87
200,25,180,0,0,20,180
2000,25,1809,0,0,191,1809
10000,25,8995,0,0,1005,8995
20000,25,17986,0,0,2014,17986
40000,25,35953,0,0,4047,35953
60000,25,54017,0,0,5983,54017
80000,25,72121,0,0,7879,72121
100000,25,89995,0,0,10005,89995
2,26,1,0,0,1,1
3,26,3,0,0,0,3
100,26,92,0,0,8,92
200,26,188,0,0,12,188
2000,26,1805,0,0,195,1805
10000,26,8940,0,0,1060,8940
20000,26,17943,0,0,2057,17943
40000,26,35986,0,0,4014,35986
60000,26,54051,0,0,5949,54051
80000,26,72108,0,0,7892,72108
100000,26,90004,0,0,9996,90004
2,27,2,0,0,0,2
3,27,3,0,0,0,3
100,27,95,0,0,5,95
200,27,182,0,0,18,182
2000,27,1787,0,0,213,1787
10000,27,9031,0,0,969,9031
20000,27,18058,0,0,1942,18058
40000,27,35902,0,0,4098,35902
60000,27,53961,0,0,6039,53961
80000,27,72009,0,0,7991,72009
100000,27,89655,0,0,10345,89655
2,28,1,0,0,1,1
3,28,3,0,0,0,3
100,28,91,0,0,9,91
200,28,180,0,0,20,180
2000,28,1775,0,0,225,1775
10000,28,8960,0,0,1040,8960
20000,28,18041,0,0,1959,18041
40000,28,35933,0,0,4067,35933
60000,28,54009,0,0,5991,54009
80000,28,71957,0,0,8043,71957
100000,28,90003,0,0,9997,90003
2,29,2,0,0,0,2
3,29,3,0,0,0,3
100,29,87,0,0,13,87
200,29,177,0,0,23,177
2000,29,1801,0,0,199,1801
10000,29,8990,0,0,1010,8990
20000,29,17993,0,0,2007,17993
40000,29,36032,0,0,3968,36032
60000,29,53947,0,0,6053,53947
80000,29,71957,0,0,8043,71957
100000,29,90080,0,0,9920,90080
2,30,2,0,0,0,2
3,30,3,0,0,0,3
100,30,89,0,0,11,89
200,30,178,0,0,22,178
2000,30,1785,0,0,215,1785
10000,30,9032,0,0,968,9032
20000,30,17972,0,0,2028,17972
40000,30,36012,0,0,3988,36012
60000,30,53830,0,0,6170,53830
80000,30,72089,0,0,7911,72089
100000,30,90006,0,0,9994,90006
2,31,2,0,0,0,2
3,31,2,0,0,1,2
100,31,85,0,0,15,85
200,31,183,0,0,17,183
2000,31,1816,0,0,184,1816
10000,31,9046,0,0,954,9046
20000,31,18008,0,0,1992,18008
40000,31,35888,0,0,4112,35888
60000,31,53970,0,0,6030,53970
80000,31,71978,0,0,8022,71978
100000,31,89834,0,0,10166,89834
2,32,2,0,0,0,2
3,32,3,0,0,0,3
100,32,93,0,0,7,93
200,32,181,0,0,19,181
2000,32,1793,0,0,207,1793
10000,32,9018,0,0,982,9018
20000,32,17981,0,0,2019,17981
40000,32,35958,0,0,4042,35958
60000,32,53944,0,0,6056,53944
80000,32,71930,0,0,8070,71930
100000,32,90036,0,0,9964,90036
2,33,2,0,0,0,2
3,33,3,0,0,0,3
100,33,90,0,0,10,90
200,33,184,0,0,16,184
2000,33,1800,0,0,200,1800
10000,33,9030,0,0,970,9030
20000,33,18069,0,0,1931,18069
40000,33,36010,0,0,3990,36010
60000,33,54056,0,0,5944,54056
80000,33,71926,0,0,8074,71926
100000,33,89989,0,0,10011,89989
2,34,1,0,0,1,1
3,34,3,0,0,0,3
100,34,91,0,0,9,91
200,34,181,0,0,19,181
2000,34,1799,0,0,201,1799
10000,34,8980,0,0,1020,8980
20000,34,17948,0,0,2052,17948
40000,34,35953,0,0,4047,35953
60000,34,53992,0,0,6008,53992
80000,34,72115,0,0,7885,72115
100000,34,90166,0,0,9834,90166
2,35,2,0,0,0,2
3,35,3,0,0,0,3
100,35,91,0,0,9,91
200,35,187,0,0,13,187
2000,35,1822,0,0,178,1822
10000,35,9000,0,0,1000,9000
20000,35,17994,0,0,2006,17994
40000,35,36033,0,0,3967,36033
60000,35,53928,0,0,6072,53928
80000,35,72090,0,0,7910,72090
100000,35,90115,0,0,9885,90115
2,36,2,0,0,0,2
3,36,3,0,0,0,3
100,36,91,0,0,9,91
200,36,184,0,0,16,184
2000,36,1794,0,0,206,1794
10000,36,9039,0,0,961,9039
20000,36,18105,0,0,1895,18105
40000,36,35989,0,0,4011,35989
60000,36,54044,0,0,5956,54044
80000,36,72168,0,0,7832,72168
100000,36,90150,0,0,9850,90150
2,37,2,0,0,0,2
3,37,3,0,0,0,3
100,37,92,0,0,8,92
200,37,179,0,0,21,179
2000,37,1795,0,0,205,1795
10000,37,9000,0,0,1000,9000
20000,37,18055,0,0,1945,18055
40000,37,36013,0,0,3987,36013
60000,37,53964,0,0,6036,53964
80000,37,72145,0,0,7855,72145
100000,37,90026,0,0,9974,90026
2,38,2,0,0,0,2
3,38,2,0,0,1,2
100,38,83,0,0,17,83
200,38,171,0,0,29,171
2000,38,1798,0,0,202,1798
10000,38,8963,0,0,1037,8963
20000,38,17987,0,0,2013,17987
40000,38,36043,0,0,3957,36043
60000,38,54004,0,0,5996,54004
80000,38,71947,0,0,8053,71947
100000,38,90014,0,0,9986,90014
2,39,2,0,0,0,2
3,39,3,0,0,0,3
100,39,91,0,0,9,91
200,39,181,0,0,19,181
2000,39,1801,0,0,199,1801
10000,39,9057,0,0,943,9057
20000,39,18028,0,0,1972,18028
40000,39,35999,0,0,4001,35999
60000,39,53981,0,0,6019,53981
80000,39,71983,0,0,8017,71983
100000,39,89822,0,0,10178,89822
2,40,2,0,0,0,2
3,40,3,0,0,0,3
100,40,89,0,0,11,89
200,40,170,0,0,30,170
2000,40,1808,0,0,192,1808
10000,40,9041,0,0,959,9041
20000,40,17987,0,0,2013,17987
40000,40,36016,0,0,3984,36016
60000,40,53964,0,0,6036,53964
80000,40,72057,0,0,7943,72057
100000,40,89952,0,0,10048,89952
2,41,2,0,0,0,2
3,41,3,0,0,0,3
100,41,93,0,0,7,93
200,41,183,0,0,17,183
2000,41,1819,0,0,181,1819
10000,41,8968,0,0,1032,8968
20000,41,17956,0,0,2044,17956
40000,41,36015,0,0,3985,36015
60000,41,54016,0,0,5984,54016
80000,41,72152,0,0,7848,72152
100000,41,90088,0,0,9912,90088
2,42,2,0,0,0,2
3,42,0,0,0,3,0
100,42,86,0,0,14,86
200,42,186,0,0,14,186
2000,42,1831,0,0,169,1831
10000,42,9022,0,0,978,9022
20000,42,17897,0,0,2103,17897
40000,42,35957,0,0,4043,35957
60000,42,54059,0,0,5941,54059
80000,42,71958,0,0,8042,71958
100000,42,89967,0,0,10033,89967
2,43,1,0,0,1,1
3,43,3,0,0,0,3
100,43,91,0,0,9,91
200,43,178,0,0,22,178
2000,43,1788,0,0,212,1788
10000,43,8987,0,0,1013,8987
20000,43,17964,0,0,2036,17964
40000,43,35940,0,0,4060,35940
60000,43,53964,0,0,6036,53964
80000,43,71880,0,0,8120,71880
100000,43,89936,0,0,10064,89936
2,44,2,0,0,0,2
3,44,2,0,0,1,2
100,44,95,0,0,5,95
200,44,186,0,0,14,186
2000,44,1804,0,0,196,1804
10000,44,8997,0,0,1003,8997
20000,44,18070,0,0,1930,18070
40000,44,36003,0,0,3997,36003
60000,44,53972,0,0,6028,53972
80000,44,72003,0,0,7997,72003
100000,44,90055,0,0,9945,90055
2,45,2,0,0,0,2
3,45,3,0,0,0,3
100,45,87,0,0,13,87
200,45,185,0,0,15,185
2000,45,1798,0,0,202,1798
10000,45,9071,0,0,929,9071
20000,45,18031,0,0,1969,18031
40000,45,36029,0,0,3971,36029
60000,45,53971,0,0,6029,53971
80000,45,72098,0,0,7902,72098
100000,45,90063,0,0,9937,90063
2,46,2,0,0,0,2
3,46,3,0,0,0,3
100,46,85,0,0,15,85
200,46,183,0,0,17,183
2000,46,1794,0,0,206,1794
10000,46,8985,0,0,1015,8985
20000,46,17998,0,0,2002,17998
40000,46,35843,0,0,4157,35843
60000,46,53991,0,0,6009,53991
80000,46,72004,0,0,7996,72004
100000,46,89985,0,0,10015,89985
2,47,2,0,0,0,2
3,47,3,0,0,0,3
100,47,94,0,0,6,94
200,47,179,0,0,21,179
2000,47,1805,0,0,195,1805
10000,47,9025,0,0,975,9025
20000,47,18046,0,0,1954,18046
40000,47,36018,0,0,3982,36018
60000,47,53906,0,0,6094,53906
80000,47,72072,0,0,7928,72072
100000,47,90168,0,0,9832,90168
2,48,2,0,0,0,2
3,48,3,0,0,0,3
100,48,85,0,0,15,85
200,48,179,0,0,21,179
2000,48,1810,0,0,190,1810
10000,48,8990,0,0,1010,8990
20000,48,18021,0,0,1979,18021
40000,48,35943,0,0,4057,35943
60000,48,54013,0,0,5987,54013
80000,48,72037,0,0,7963,72037
100000,48,89981,0,0,10019,89981
2,49,2,0,0,0,2
3,49,3,0,0,0,3
100,49,92,0,0,8,92
200,49,174,0,0,26,174
2000,49,1813,0,0,187,1813
10000,49,9071,0,0,929,9071
20000,49,18009,0,0,1991,18009
40000,49,36009,0,0,3991,36009
60000,49,54008,0,0,5992,54008
80000,49,71986,0,0,8014,71986
100000,49,89827,0,0,10173,89827
2,50,2,0,0,0,2
3,50,3,0,0,0,3
100,50,91,0,0,9,91
200,50,182,0,0,18,182
2000,50,1804,0,0,196,1804
10000,50,8986,0,0,1014,8986
20000,50,18041,0,0,1959,18041
40000,50,36150,0,0,3850,36150
60000,50,54006,0,0,5994,54006
80000,50,72014,0,0,7986,72014
100000,50,89984,0,0,10016,89984
2,51,1,0,0,1,1
3,51,3,0,0,0,3
100,51,92,0,0,8,92
200,51,171,0,0,29,171
2000,51,1798,0,0,202,1798
10000,51,9011,0,0,989,9011
20000,51,17993,0,0,2007,17993
40000,51,36070,0,0,3930,36070
60000,51,54051,0,0,5949,54051
80000,51,72081,0,0,7919,72081
100000,51,89864,0,0,10136,89864
2,52,2,0,0,0,2
3,52,2,0,0,1,2
100,52,93,0,0,7,93
200,52,173,0,0,27,173
2000,52,1819,0,0,181,1819
10000,52,9065,0,0,935,9065
20000,52,17929,0,0,2071,17929
40000,52,35978,0,0,4022,35978
60000,52,53995,0,0,6005,53995
80000,52,72150,0,0,7850,72150
100000,52,90001,0,0,9999,90001
2,53,2,0,0,0,2
3,53,3,0,0,0,3
100,53,91,0,0,9,91
200,53,184,0,0,16,184
2000,53,1791,0,0,209,1791
10000,53,8981,0,0,1019,8981
20000,53,18033,0,0,1967,18033
40000,53,36024,0,0,3976,36024
60000,53,53949,0,0,6051,53949
80000,53,71996,0,0,8004,71996
100000,53,89982,0,0,10018,89982
2,54,1,0,0,1,1
3,54,3,0,0,0,3
100,54,90,0,0,10,90
200,54,183,0,0,17,183
2000,54,1779,0,0,221,1779
10000,54,9038,0,0,962,9038
20000,54,17962,0,0,2038,17962
40000,54,36098,0,0,3902,36098
60000,54,54029,0,0,5971,54029
80000,54,71835,0,0,8165,71835
100000,54,89997,0,0,10003,89997
2,55,2,0,0,0,2
3,55,3,0,0,0,3
100,55,90,0,0,10,90
200,55,185,0,0,15,185
2000,55,1782,0,0,218,1782
10000,55,8990,0,0,1010,8990
20000,55,18071,0,0,1929,18071
40000,55,36046,0,0,3954,36046
60000,55,53920,0,0,6080,53920
80000,55,72120,0,0,7880,72120
100000,55,89919,0,0,10081,89919
2,56,2,0,0,0,2
3,56,2,0,0,1,2
100,56,88,0,0,12,88
200,56,182,0,0,18,182
2000,56,1798,0,0,202,1798
10000,56,9019,0,0,981,9019
20000,56,18059,0,0,1941,18059
40000,56,35949,0,0,4051,35949
60000,56,54012,0,0,5988,54012
80000,56,71931,0,0,8069,71931
100000,56,90042,0,0,9958,90042
2,57,2,0,0,0,2
3,57,1,0,0,2,1
100,57,87,0,0,13,87
200,57,179,0,0,21,179
2000,57,1785,0,0,215,1785
10000,57,8989,0,0,1011,8989
20000,57,17970,0,0,2030,17970
40000,57,35967,0,0,4033,35967
60000,57,53960,0,0,6040,53960
80000,57,72086,0,0,7914,72086
100000,57,90000,0,0,10000,90000
2,58,2,0,0,0,2
3,58,3,0,0,0,3
100,58,95,0,0,5,95
200,58,180,0,0,20,180
2000,58,1801,0,0,199,1801
10000,58,9030,0,0,970,9030
20000,58,17972,0,0,2028,17972
40000,58,36045,0,0,3955,36045
60000,58,54145,0,0,5855,54145
80000,58,71895,0,0,8105,71895
100000,58,90064,0,0,9936,90064
2,59,2,0,0,0,2
3,59,3,0,0,0,3
100,59,85,0,0,15,85
200,59,181,0,0,19,181
2000,59,1785,0,0,215,1785
10000,59,9054,0,0,946,9054
20000,59,17993,0,0,2007,17993
40000,59,35995,0,0,4005,35995
60000,59,53997,0,0,6003,53997
80000,59,71869,0,0,8131,71869
100000,59,89887,0,0,10113,89887
2,60,2,0,0,0,2
3,60,3,0,0,0,3
100,60,84,0,0,16,84
200,60,185,0,0,15,185
2000,60,1804,0,0,196,1804
10000,60,8987,0,0,1013,8987
20000,60,17995,0,0,2005,17995
40000,60,35952,0,0,4048,35952
60000,60,54062,0,0,5938,54062
80000,60,71967,0,0,8033,71967
100000,60,90089,0,0,9911,90089
2,61,1,0,0,1,1
3,61,3,0,0,0,3
100,61,95,0,0,5,95
200,61,176,0,0,24,176
2000,61,1800,0,0,200,1800
10000,61,8991,0,0,1009,8991
20000,61,17983,0,0,2017,17983
40000,61,36031,0,0,3969,36031
60000,61,54063,0,0,5937,54063
80000,61,72023,0,0,7977,72023
100000,61,90050,0,0,9950,90050
2,62,2,0,0,0,2
3,62,3,0,0,0,3
100,62,89,0,0,11,89
200,62,179,0,0,21,179
2000,62,1799,0,0,201,1799
10000,62,9013,0,0,987,9013
20000,62,17970,0,0,2030,17970
40000,62,36035,0,0,3965,36035
60000,62,54022,0,0,5978,54022
80000,62,71862,0,0,8138,71862
100000,62,90032,0,0,9968,90032
2,63,2,0,0,0,2
3,63,2,0,0,1,2
100,63,95,0,0,5,95
200,63,182,0,0,18,182
2000,63,1801,0,0,199,1801
10000,63,9010,0,0,990,9010
20000,63,18053,0,0,1947,18053
40000,63,35860,0,0,4140,35860
60000,63,53952,0,0,6048,53952
80000,63,71980,0,0,8020,71980
100000,63,89965,0,0,10035,89965
2,64,2,0,0,0,2
3,64,3,0,0,0,3
100,64,86,0,0,14,86
200,64,174,0,0,26,174
2000,64,1795,0,0,205,1795
10000,64,8944,0,0,1056,8944
20000,64,18078,0,0,1922,18078
40000,64,35946,0,0,4054,35946
60000,64,53989,0,0,6011,53989
80000,64,71957,0,0,8043,71957
100000,64,89987,0,0,10013,89987
2,65,2,0,0,0,2
3,65,2,0,0,1,2
100,65,89,0,0,11,89
200,65,177,0,0,23,177
2000,65,1795,0,0,205,1795
10000,65,8946,0,0,1054,8946
20000,65,17977,0,0,2023,17977
40000,65,36041,0,0,3959,36041
60000,65,54022,0,0,5978,54022
80000,65,71892,0,0,8108,71892
100000,65,89936,0,0,10064,89936
2,66,2,0,0,0,2
3,66,2,0,0,1,2
100,66,95,0,0,5,95
200,66,179,0,0,21,179
2000,66,1819,0,0,181,1819
10000,66,9079,0,0,921,9079
20000,66,18023,0,0,1977,18023
40000,66,35914,0,0,4086,35914
60000,66,54111,0,0,5889,54111
80000,66,72028,0,0,7972,72028
100000,66,90067,0,0,9933,90067
2,67,2,0,0,0,2
3,67,3,0,0,0,3
100,67,89,0,0,11,89
200,67,178,0,0,22,178
2000,67,1781,0,0,219,1781
10000,67,9017,0,0,983,9017
20000,67,18034,0,0,1966,18034
40000,67,35950,0,0,4050,35950
60000,67,53900,0,0,6100,53900
80000,67,71962,0,0,8038,71962
100000,67,89930,0,0,10070,89930
2,68,2,0,0,0,2
3,68,3,0,0,0,3
100,68,86,0,0,14,86
200,68,180,0,0,20,180
2000,68,1802,0,0,198,1802
10000,68,8998,0,0,1002,8998
20000,68,18037,0,0,1963,18037
40000,68,35939,0,0,4061,35939
60000,68,53929,0,0,6071,53929
80000,68,71893,0,0,8107,71893
100000,68,90038,0,0,9962,90038
2,69,2,0,0,0,2
3,69,3,0,0,0,3
100,69,89,0,0,11,89
200,69,180,0,0,20,180
2000,69,1810,0,0,190,1810
10000,69,8968,0,0,1032,8968
20000,69,18019,0,0,1981,18019
40000,69,36093,0,0,3907,36093
60000,69,53965,0,0,6035,53965
80000,69,72112,0,0,7888,72112
100000,69,89960,0,0,10040,89960
2,70,1,0,0,1,1
3,70,3,0,0,0,3
100,70,89,0,0,11,89
200,70,181,0,0,19,181
2000,70,1760,0,0,240,1760
10000,70,8930,0,0,1070,8930
20000,70,18002,0,0,1998,18002
40000,70,36036,0,0,3964,36036
60000,70,54018,0,0,5982,54018
80000,70,71973,0,0,8027,71973
100000,70,89978,0,0,10022,89978
2,71,2,0,0,0,2
3,71,2,0,0,1,2
100,71,91,0,0,9,91
200,71,183,0,0,17,183
2000,71,1781,0,0,219,1781
10000,71,8984,0,0,1016,8984
20000,71,17957,0,0,2043,17957
40000,71,36004,0,0,3996,36004
60000,71,53980,0,0,6020,53980
80000,71,72057,0,0,7943,72057
100000,71,90123,0,0,9877,90123
2,72,2,0,0,0,2
3,72,2,0,0,1,2
100,72,91,0,0,9,91
200,72,187,0,0,13,187
2000,72,1808,0,0,192,1808
10000,72,9017,0,0,983,9017
20000,72,18022,0,0,1978,18022
40000,72,36006,0,0,3994,36006
60000,72,54076,0,0,5924,54076
80000,72,72063,0,0,7937,72063
100000,72,89832,0,0,10168,89832
2,73,2,0,0,0,2
3,73,3,0,0,0,3
100,73,96,0,0,4,96
200,73,176,0,0,24,176
2000,73,1795,0,0,205,1795
10000,73,8960,0,0,1040,8960
20000,73,17968,0,0,2032,17968
40000,73,36012,0,0,3988,36012
60000,73,54030,0,0,5970,54030
80000,73,72130,0,0,7870,72130
100000,73,89927,0,0,10073,89927
2,74,2,0,0,0,2
3,74,3,0,0,0,3
100,74,87,0,0,13,87
200,74,176,0,0,24,176
2000,74,1795,0,0,205,1795
10000,74,8985,0,0,1015,8985
20000,74,18047,0,0,1953,18047
40000,74,36118,0,0,3882,36118
60000,74,53958,0,0,6042,53958
80000,74,71980,0,0,8020,71980
100000,74,89960,0,0,10040,89960
2,75,2,0,0,0,2
3,75,3,0,0,0,3
100,75,86,0,0,14,86
200,75,179,0,0,21,179
2000,75,1800,0,0,200,1800
10000,75,9008,0,0,992,9008
20000,75,18015,0,0,1985,18015
40000,75,36022,0,0,3978,36022
60000,75,53866,0,0,6134,53866
80000,75,72057,0,0,7943,72057
100000,75,90009,0,0,9991,90009
2,76,2,0,0,0,2
3,76,3,0,0,0,3
100,76,93,0,0,7,93
200,76,171,0,0,29,171
2000,76,1802,0,0,198,1802
10000,76,8988,0,0,1012,8988
20000,76,17993,0,0,2007,17993
40000,76,36045,0,0,3955,36045
60000,76,54027,0,0,5973,54027
80000,76,71972,0,0,8028,71972
100000,76,89964,0,0,10036,89964
2,77,2,0,0,0,2
3,77,2,0,0,1,2
100,77,91,0,0,9,91
200,77,186,0,0,14,186
2000,77,1810,0,0,190,1810
10000,77,8984,0,0,1016,8984
20000,77,18025,0,0,1975,18025
40000,77,36038,0,0,3962,36038
60000,77,53945,0,0,6055,53945
80000,77,71919,0,0,8081,71919
100000,77,90037,0,0,9963,90037
2,78,2,0,0,0,2
3,78,3,0,0,0,3
100,78,85,0,0,15,85
200,78,176,0,0,24,176
2000,78,1827,0,0,173,1827
10000,78,9019,0,0,981,9019
20000,78,17919,0,0,2081,17919
40000,78,35996,0,0,4004,35996
60000,78,53961,0,0,6039,53961
80000,78,72137,0,0,7863,72137
100000,78,89965,0,0,10035,89965
2,79,2,0,0,0,2
3,79,2,0,0,1,2
100,79,88,0,0,12,88
200,79,174,0,0,26,174
2000,79,1803,0,0,197,1803
10000,79,9010,0,0,990,9010
20000,79,17914,0,0,2086,17914
40000,79,36015,0,0,3985,36015
60000,79,54127,0,0,5873,54127
80000,79,71975,0,0,8025,71975
100000,79,90014,0,0,9986,90014
2,80,2,0,0,0,2
3,80,3,0,0,0,3
100,80,92,0,0,8,92
200,80,180,0,0,20,180
2000,80,1795,0,0,205,1795
10000,80,8980,0,0,1020,8980
20000,80,17995,0,0,2005,17995
40000,80,35952,0,0,4048,35952
60000,80,53976,0,0,6024,53976
80000,80,71981,0,0,8019,71981
100000,80,90074,0,0,9926,90074
2,81,2,0,0,0,2
3,81,3,0,0,0,3
100,81,92,0,0,8,92
200,81,178,0,0,22,178
2000,81,1803,0,0,197,1803
10000,81,8940,0,0,1060,8940
20000,81,18011,0,0,1989,18011
40000,81,35965,0,0,4035,35965
60000,81,53982,0,0,6018,53982
80000,81,72047,0,0,7953,72047
100000,81,89738,0,0,10262,89738
2,82,2,0,0,0,2
3,82,3,0,0,0,3
100,82,91,0,0,9,91
200,82,185,0,0,15,185
2000,82,1783,0,0,217,1783
10000,82,8984,0,0,1016,8984
20000,82,17952,0,0,2048,17952
40000,82,36003,0,0,3997,36003
60000,82,54152,0,0,5848,54152
80000,82,71938,0,0,8062,71938
100000,82,89968,0,0,10032,89968
2,83,2,0,0,0,2
3,83,3,0,0,0,3
100,83,92,0,0,8,92
200,83,180,0,0,20,180
2000,83,1774,0,0,226,1774
10000,83,8999,0,0,1001,8999
20000,83,17995,0,0,2005,17995
40000,83,36073,0,0,3927,36073
60000,83,53974,0,0,6026,53974
80000,83,72044,0,0,7956,72044
100000,83,90009,0,0,9991,90009
2,84,2,0,0,0,2
3,84,2,0,0,1,2
100,84,93,0,0,7,93
200,84,174,0,0,26,174
2000,84,1780,0,0,220,1780
10000,84,9021,0,0,979,9021
20000,84,18012,0,0,1988,18012
40000,84,36036,0,0,3964,36036
60000,84,54087,0,0,5913,54087
80000,84,72226,0,0,7774,72226
100000,84,89831,0,0,10169,89831
2,85,2,0,0,0,2
3,85,3,0,0,0,3
100,85,91,0,0,9,91
200,85,178,0,0,22,178
2000,85,1820,0,0,180,1820
10000,85,8991,0,0,1009,8991
20000,85,17989,0,0,2011,17989
40000,85,35929,0,0,4071,35929
60000,85,53993,0,0,6007,53993
80000,85,72028,0,0,7972,72028
100000,85,90157,0,0,9843,90157
2,86,2,0,0,0,2
3,86,3,0,0,0,3
100,86,87,0,0,13,87
200,86,171,0,0,29,171
2000,86,1784,0,0,216,1784
10000,86,8990,0,0,1010,8990
20000,86,18040,0,0,1960,18040
40000,86,35922,0,0,4078,35922
60000,86,53962,0,0,6038,53962
80000,86,72013,0,0,7987,72013
100000,86,90029,0,0,9971,90029
2,87,2,0,0,0,2
3,87,3,0,0,0,3
100,87,85,0,0,15,85
200,87,183,0,0,17,183
2000,87,1807,0,0,193,1807
10000,87,9035,0,0,965,9035
20000,87,17996,0,0,2004,17996
40000,87,36029,0,0,3971,36029
60000,87,54066,0,0,5934,54066
80000,87,71941,0,0,8059,71941
100000,87,90099,0,0,9901,90099
2,88,1,0,0,1,1
3,88,3,0,0,0,3
100,88,91,0,0,9,91
200,88,174,0,0,26,174
2000,88,1816,0,0,184,1816
10000,88,9039,0,0,961,9039
20000,88,17946,0,0,2054,17946
40000,88,35966,0,0,4034,35966
60000,88,53892,0,0,6108,53892
80000,88,71908,0,0,8092,71908
100000,88,89977,0,0,10023,89977
2,89,2,0,0,0,2
3,89,3,0,0,0,3
100,89,88,0,0,12,88
200,89,175,0,0,25,175
2000,89,1781,0,0,219,1781
10000,89,8993,0,0,1007,8993
20000,89,18034,0,0,1966,18034
40000,89,36055,0,0,3945,36055
60000,89,53939,0,0,6061,53939
80000,89,72048,0,0,7952,72048
100000,89,89937,0,0,10063,89937
2,90,2,0,0,0,2
3,90,3,0,0,0,3
100,90,90,0,0,10,90
200,90,181,0,0,19,181
2000,90,1812,0,0,188,1812
10000,90,9014,0,0,986,9014
20000,90,17981,0,0,2019,17981
40000,90,35928,0,0,4072,35928
60000,90,54089,0,0,5911,54089
80000,90,71859,0,0,8141,71859
100000,90,90023,0,0,9977,90023
2,91,2,0,0,0,2
3,91,3,0,0,0,3
100,91,91,0,0,9,91
200,91,180,0,0,20,180
2000,91,1795,0,0,205,1795
10000,91,9020,0,0,980,9020
20000,91,17951,0,0,2049,17951
40000,91,35971,0,0,4029,35971
60000,91,54062,0,0,5938,54062
80000,91,71866,0,0,8134,71866
100000,91,89988,0,0,10012,89988
2,92,2,0,0,0,2
3,92,3,0,0,0,3
100,92,87,0,0,13,87
200,92,183,0,0,17,183
2000,92,1789,0,0,211,1789
10000,92,8960,0,0,1040,8960
20000,92,17983,0,0,2017,17983
40000,92,35947,0,0,4053,35947
60000,92,53853,0,0,6147,53853
80000,92,72050,0,0,7950,72050
100000,92,89981,0,0,10019,89981
2,93,2,0,0,0,2
3,93,3,0,0,0,3
100,93,92,0,0,8,92
200,93,184,0,0,16,184
2000,93,1808,0,0,192,1808
10000,93,9011,0,0,989,9011
20000,93,18034,0,0,1966,18034
40000,93,35989,0,0,4011,35989
60000,93,53959,0,0,6041,53959
80000,93,71967,0,0,8033,71967
100000,93,89912,0,0,10088,89912
2,94,2,0,0,0,2
3,94,3,0,0,0,3
100,94,88,0,0,12,88
200,94,180,0,0,20,180
2000,94,1832,0,0,168,1832
10000,94,9061,0,0,939,9061
20000,94,18061,0,0,1939,18061
40000,94,35977,0,0,4023,35977
60000,94,53852,0,0,6148,53852
80000,94,71985,0,0,8015,71985
100000,94,89943,0,0,10057,89943
2,95,2,0,0,0,2
3,95,3,0,0,0,3
100,95,94,0,0,6,94
200,95,179,0,0,21,179
2000,95,1788,0,0,212,1788
10000,95,8998,0,0,1002,8998
20000,95,18008,0,0,1992,18008
40000,95,35937,0,0,4063,35937
60000,95,53992,0,0,6008,53992
80000,95,72042,0,0,7958,72042
100000,95,89947,0,0,10053,89947
2,96,2,0,0,0,2
3,96,3,0,0,0,3
100,96,91,0,0,9,91
200,96,173,0,0,27,173
2000,96,1817,0,0,183,1817
10000,96,8993,0,0,1007,8993
20000,96,18040,0,0,1960,18040
40000,96,35975,0,0,4025,35975
60000,96,53917,0,0,6083,53917
80000,96,72082,0,0,7918,72082
100000,96,89980,0,0,10020,89980
2,97,2,0,0,0,2
3,97,3,0,0,0,3
100,97,85,0,0,15,85
200,97,182,0,0,18,182
2000,97,1812,0,0,188,1812
10000,97,8968,0,0,1032,8968
20000,97,17969,0,0,2031,17969
40000,97,36031,0,0,3969,36031
60000,97,53987,0,0,6013,53987
80000,97,71933,0,0,8067,71933
100000,97,90027,0,0,9973,90027
2,98,2,0,0,0,2
3,98,2,0,0,1,2
100,98,94,0,0,6,94
200,98,180,0,0,20,180
2000,98,1820,0,0,180,1820
10000,98,8973,0,0,1027,8973
20000,98,18007,0,0,1993,18007
40000,98,36068,0,0,3932,36068
60000,98,53942,0,0,6058,53942
80000,98,71967,0,0,8033,71967
100000,98,90095,0,0,9905,90095
2,99,2,0,0,0,2
3,99,2,0,0,1,2
100,99,90,0,0,10,90
200,99,174,0,0,26,174
2000,99,1818,0,0,182,1818
10000,99,8988,0,0,1012,8988
20000,99,17964,0,0,2036,17964
40000,99,35845,0,0,4155,35845
60000,99,54037,0,0,5963,54037
80000,99,71929,0,0,8071,71929
100000,99,90155,0,0,9845,90155
2,100,2,0,0,0,2
3,100,3,0,0,0,3
100,100,83,0,0,17,83
200,100,185,0,0,15,185
2000,100,1808,0,0,192,1808
10000,100,9023,0,0,977,9023
20000,100,18050,0,0,1950,18050
40000,100,35975,0,0,4025,35975
60000,100,54071,0,0,5929,54071
80000,100,72029,0,0,7971,72029
100000,100,89981,0,0,10019,89981
