Timestep,Iteration,Total Reward,Suboptimal Arms Count,Total Regret,Zeros Count,Ones Count
2,1,2,2,0.01,0,2
3,1,3,3,0.02,0,3
100,1,90,50,0.25,10,90
200,1,180,2,0.01,20,180
2000,1,1776,1,0.01,224,1776
10000,1,8964,9995,49.98,1036,8964
20000,1,17904,19999,99.99,2096,17904
40000,1,36009,2,0.01,3991,36009
60000,1,53905,30000,150.0,6095,53905
80000,1,71547,79998,399.99,8453,71547
100000,1,89629,99995,499.97,10371,89629
2,2,2,2,0.01,0,2
3,2,3,3,0.02,0,3
100,2,91,50,0.25,9,91
200,2,192,100,0.5,8,192
2000,2,1784,2,0.01,216,1784
10000,2,8990,5000,25.0,1010,8990
20000,2,18014,10000,50.0,1986,18014
40000,2,35949,4,0.02,4051,35949
60000,2,53721,30000,150.0,6279,53721
80000,2,71787,40000,200.0,8213,71787
100000,2,89598,99999,499.99,10402,89598
2,3,2,2,0.01,0,2
3,3,3,3,0.02,0,3
100,3,88,50,0.25,12,88
200,3,187,100,0.5,13,187
2000,3,1821,2,0.01,179,1821
10000,3,8981,5000,25.0,1019,8981
20000,3,18043,3,0.02,1957,18043
40000,3,36020,4,0.02,3980,36020
60000,3,53829,30000,150.0,6171,53829
80000,3,71976,7,0.04,8024,71976
100000,3,89676,50000,250.0,10324,89676
2,4,2,2,0.01,0,2
3,4,3,3,0.02,0,3
100,4,91,50,0.25,9,91
200,4,179,100,0.5,21,179
2000,4,1813,1,0.01,187,1813
10000,4,8995,3,0.02,1005,8995
20000,4,17945,4,0.02,2055,17945
40000,4,36026,1,0.01,3974,36026
60000,4,53893,30000,150.0,6107,53893
80000,4,71855,40000,200.0,8145,71855
100000,4,89743,50000,250.0,10257,89743
2,5,1,2,0.01,1,1
3,5,2,3,0.02,1,2
100,5,90,2,0.01,10,90
200,5,187,100,0.5,13,187
2000,5,1789,1000,5.0,211,1789
10000,5,9015,5,0.03,985,9015
20000,5,17958,19997,99.98,2042,17958
40000,5,35833,39994,199.97,4167,35833
60000,5,53642,59998,299.99,6358,53642
80000,5,71528,79999,399.99,8472,71528
100000,5,89559,99997,499.98,10441,89559
2,6,1,2,0.01,1,1
3,6,3,3,0.02,0,3
100,6,90,50,0.25,10,90
200,6,182,100,0.5,18,182
2000,6,1794,1000,5.0,206,1794
10000,6,8987,9999,50.0,1013,8987
20000,6,17896,19998,99.99,2104,17896
40000,6,35811,39998,199.99,4189,35811
60000,6,53668,59996,299.98,6332,53668
80000,6,72000,2,0.01,8000,72000
100000,6,90095,1,0.01,9905,90095
2,7,1,2,0.01,1,1
3,7,3,3,0.02,0,3
100,7,92,99,0.5,8,92
200,7,186,100,0.5,14,186
2000,7,1826,1000,5.0,174,1826
10000,7,8986,1,0.01,1014,8986
20000,7,17964,10000,50.0,2036,17964
40000,7,35711,39999,199.99,4289,35711
60000,7,54120,5,0.03,5880,54120
80000,7,71584,79997,399.98,8416,71584
100000,7,89730,50000,250.0,10270,89730
2,8,1,2,0.01,1,1
3,8,3,3,0.02,0,3
100,8,91,50,0.25,9,91
200,8,175,1,0.01,25,175
2000,8,1808,4,0.02,192,1808
10000,8,8958,9997,49.99,1042,8958
20000,8,18021,6,0.03,1979,18021
40000,8,35968,20000,100.0,4032,35968
60000,8,53707,59994,299.97,6293,53707
80000,8,71692,40000,200.0,8308,71692
100000,8,89443,99993,499.96,10557,89443
2,9,2,2,0.01,0,2
3,9,3,3,0.02,0,3
100,9,95,50,0.25,5,95
200,9,179,1,0.01,21,179
2000,9,1777,1997,9.99,223,1777
10000,9,8995,5,0.03,1005,8995
20000,9,18005,4,0.02,1995,18005
40000,9,35593,39998,199.99,4407,35593
60000,9,53907,30000,150.0,6093,53907
80000,9,71913,1,0.01,8087,71913
100000,9,89482,99998,499.99,10518,89482
2,10,1,2,0.01,1,1
3,10,3,3,0.02,0,3
100,10,89,99,0.5,11,89
200,10,177,100,0.5,23,177
2000,10,1777,1000,5.0,223,1777
10000,10,8919,9999,50.0,1081,8919
20000,10,18007,10000,50.0,1993,18007
40000,10,36033,5,0.03,3967,36033
60000,10,53669,59999,299.99,6331,53669
80000,10,71992,5,0.03,8008,71992
100000,10,89622,99999,499.99,10378,89622
2,11,2,2,0.01,0,2
3,11,3,3,0.02,0,3
100,11,91,50,0.25,9,91
200,11,181,100,0.5,19,181
2000,11,1800,2,0.01,200,1800
10000,11,8965,9999,50.0,1035,8965
20000,11,17827,19998,99.99,2173,17827
40000,11,35929,1,0.01,4071,35929
60000,11,54046,3,0.02,5954,54046
80000,11,72061,4,0.02,7939,72061
100000,11,89789,50000,250.0,10211,89789
2,12,2,2,0.01,0,2
3,12,3,3,0.02,0,3
100,12,88,50,0.25,12,88
200,12,179,100,0.5,21,179
2000,12,1801,1,0.01,199,1801
10000,12,8975,9998,49.99,1025,8975
20000,12,17952,10000,50.0,2048,17952
40000,12,36033,2,0.01,3967,36033
60000,12,53889,30000,150.0,6111,53889
80000,12,72002,1,0.01,7998,72002
100000,12,89779,50000,250.0,10221,89779
2,13,2,2,0.01,0,2
3,13,3,3,0.02,0,3
100,13,91,50,0.25,9,91
200,13,188,1,0.01,12,188
2000,13,1800,1,0.01,200,1800
10000,13,8983,5000,25.0,1017,8983
20000,13,18081,1,0.01,1919,18081
40000,13,35823,39998,199.99,4177,35823
60000,13,53711,59997,299.98,6289,53711
80000,13,71897,40000,200.0,8103,71897
100000,13,89917,5,0.03,10083,89917
2,14,2,2,0.01,0,2
3,14,3,3,0.02,0,3
100,14,93,1,0.01,7,93
200,14,186,100,0.5,14,186
2000,14,1798,1000,5.0,202,1798
10000,14,9022,1,0.01,978,9022
20000,14,17877,19997,99.98,2123,17877
40000,14,35743,39998,199.99,4257,35743
60000,14,54071,4,0.02,5929,54071
80000,14,71877,40000,200.0,8123,71877
100000,14,89657,50000,250.0,10343,89657
2,15,2,2,0.01,0,2
3,15,2,3,0.02,1,2
100,15,90,2,0.01,10,90
200,15,179,2,0.01,21,179
2000,15,1794,1000,5.0,206,1794
10000,15,8962,9999,50.0,1038,8962
20000,15,17911,10000,50.0,2089,17911
40000,15,35941,3,0.02,4059,35941
60000,15,53773,59995,299.97,6227,53773
80000,15,71907,4,0.02,8093,71907
100000,15,89464,99993,499.96,10536,89464
2,16,2,2,0.01,0,2
3,16,3,3,0.02,0,3
100,16,85,98,0.49,15,85
200,16,174,2,0.01,26,174
2000,16,1813,1000,5.0,187,1813
10000,16,8988,5000,25.0,1012,8988
20000,16,17890,19996,99.98,2110,17890
40000,16,35808,39998,199.99,4192,35808
60000,16,53896,2,0.01,6104,53896
80000,16,71648,79995,399.97,8352,71648
100000,16,89932,6,0.03,10068,89932
2,17,2,2,0.01,0,2
3,17,2,3,0.02,1,2
100,17,91,50,0.25,9,91
200,17,180,3,0.02,20,180
2000,17,1796,2,0.01,204,1796
10000,17,9001,5,0.03,999,9001
20000,17,17966,3,0.02,2034,17966
40000,17,35972,20000,100.0,4028,35972
60000,17,53986,5,0.03,6014,53986
80000,17,72013,2,0.01,7987,72013
100000,17,89550,99996,499.98,10450,89550
2,18,2,2,0.01,0,2
3,18,3,3,0.02,0,3
100,18,90,98,0.49,10,90
200,18,180,197,0.99,20,180
2000,18,1778,1998,9.99,222,1778
10000,18,9051,2,0.01,949,9051
20000,18,17946,19994,99.97,2054,17946
40000,18,35785,39996,199.98,4215,35785
60000,18,53723,59997,299.98,6277,53723
80000,18,71528,79995,399.97,8472,71528
100000,18,89897,50000,250.0,10103,89897
2,19,1,2,0.01,1,1
3,19,3,3,0.02,0,3
100,19,87,1,0.01,13,87
200,19,186,100,0.5,14,186
2000,19,1801,1000,5.0,199,1801
10000,19,9004,5000,25.0,996,9004
20000,19,17983,2,0.01,2017,17983
40000,19,36031,5,0.03,3969,36031
60000,19,53644,59999,299.99,6356,53644
80000,19,71981,4,0.02,8019,71981
100000,19,90027,6,0.03,9973,90027
2,20,2,2,0.01,0,2
3,20,3,3,0.02,0,3
100,20,94,50,0.25,6,94
200,20,175,100,0.5,25,175
2000,20,1799,1996,9.98,201,1799
10000,20,8938,9996,49.98,1062,8938
20000,20,17909,19998,99.99,2091,17909
40000,20,35996,4,0.02,4004,35996
60000,20,53866,3,0.02,6134,53866
80000,20,71769,40000,200.0,8231,71769
100000,20,89496,99994,499.97,10504,89496
2,21,1,2,0.01,1,1
3,21,3,3,0.02,0,3
100,21,93,50,0.25,7,93
200,21,176,199,1.0,24,176
2000,21,1800,1000,5.0,200,1800
10000,21,9057,1,0.01,943,9057
20000,21,17986,10000,50.0,2014,17986
40000,21,35957,1,0.01,4043,35957
60000,21,53684,59996,299.98,6316,53684
80000,21,71596,79993,399.96,8404,71596
100000,21,90087,1,0.01,9913,90087
2,22,1,2,0.01,1,1
3,22,3,3,0.02,0,3
100,22,89,2,0.01,11,89
200,22,176,100,0.5,24,176
2000,22,1821,1000,5.0,179,1821
10000,22,9002,1,0.01,998,9002
20000,22,17957,10000,50.0,2043,17957
40000,22,35928,20000,100.0,4072,35928
60000,22,53986,2,0.01,6014,53986
80000,22,71911,40000,200.0,8089,71911
100000,22,89752,50000,250.0,10248,89752
2,23,2,2,0.01,0,2
3,23,2,3,0.02,1,2
100,23,93,50,0.25,7,93
200,23,185,100,0.5,15,185
2000,23,1790,1,0.01,210,1790
10000,23,9002,1,0.01,998,9002
20000,23,17988,3,0.02,2012,17988
40000,23,35801,20000,100.0,4199,35801
60000,23,53975,30000,150.0,6025,53975
80000,23,71520,79994,399.97,8480,71520
100000,23,89562,99995,499.97,10438,89562
2,24,2,2,0.01,0,2
3,24,2,3,0.02,1,2
100,24,85,99,0.5,15,85
200,24,185,100,0.5,15,185
2000,24,1790,2,0.01,210,1790
10000,24,9006,2,0.01,994,9006
20000,24,18035,2,0.01,1965,18035
40000,24,35884,39999,199.99,4116,35884
60000,24,53742,30000,150.0,6258,53742
80000,24,71912,40000,200.0,8088,71912
100000,24,89530,99999,499.99,10470,89530
2,25,2,2,0.01,0,2
3,25,2,3,0.02,1,2
100,25,89,50,0.25,11,89
200,25,179,100,0.5,21,179
2000,25,1806,4,0.02,194,1806
10000,25,8994,5000,25.0,1006,8994
20000,25,17852,10000,50.0,2148,17852
40000,25,36037,20000,100.0,3963,36037
60000,25,53952,4,0.02,6048,53952
80000,25,71731,40000,200.0,8269,71731
100000,25,89651,50000,250.0,10349,89651
2,26,2,2,0.01,0,2
3,26,2,3,0.02,1,2
100,26,89,50,0.25,11,89
200,26,183,1,0.01,17,183
2000,26,1805,1000,5.0,195,1805
10000,26,9030,2,0.01,970,9030
20000,26,17878,19999,99.99,2122,17878
40000,26,35987,2,0.01,4013,35987
60000,26,53856,30000,150.0,6144,53856
80000,26,71652,40000,200.0,8348,71652
100000,26,89896,50000,250.0,10104,89896
2,27,1,2,0.01,1,1
3,27,3,3,0.02,0,3
100,27,90,1,0.01,10,90
200,27,183,3,0.02,17,183
2000,27,1794,3,0.02,206,1794
10000,27,8993,5000,25.0,1007,8993
20000,27,17987,19999,99.99,2013,17987
40000,27,35828,20000,100.0,4172,35828
60000,27,53785,59994,299.97,6215,53785
80000,27,72110,7,0.04,7890,72110
100000,27,89476,99997,499.98,10524,89476
2,28,1,2,0.01,1,1
3,28,2,3,0.02,1,2
100,28,92,50,0.25,8,92
200,28,176,199,1.0,24,176
2000,28,1802,1000,5.0,198,1802
10000,28,8999,2,0.01,1001,8999
20000,28,17931,1,0.01,2069,17931
40000,28,35762,39997,199.98,4238,35762
60000,28,54018,4,0.02,5982,54018
80000,28,71904,1,0.01,8096,71904
100000,28,89832,50000,250.0,10168,89832
2,29,2,2,0.01,0,2
3,29,3,3,0.02,0,3
100,29,93,50,0.25,7,93
200,29,181,1,0.01,19,181
2000,29,1789,1998,9.99,211,1789
10000,29,9046,2,0.01,954,9046
20000,29,17881,19995,99.97,2119,17881
40000,29,36052,3,0.02,3948,36052
60000,29,53857,30000,150.0,6143,53857
80000,29,71675,79994,399.97,8325,71675
100000,29,89489,99997,499.98,10511,89489
2,30,2,2,0.01,0,2
3,30,2,3,0.02,1,2
100,30,85,50,0.25,15,85
200,30,170,197,0.99,30,170
2000,30,1809,4,0.02,191,1809
10000,30,9003,5000,25.0,997,9003
20000,30,17902,19994,99.97,2098,17902
40000,30,35995,5,0.03,4005,35995
60000,30,54051,7,0.04,5949,54051
80000,30,71989,40000,200.0,8011,71989
100000,30,89557,99999,499.99,10443,89557
2,31,2,2,0.01,0,2
3,31,3,3,0.02,0,3
100,31,93,50,0.25,7,93
200,31,184,198,0.99,16,184
2000,31,1819,4,0.02,181,1819
10000,31,8959,1,0.01,1041,8959
20000,31,17990,2,0.01,2010,17990
40000,31,36084,5,0.03,3916,36084
60000,31,53954,5,0.03,6046,53954
80000,31,71684,79997,399.98,8316,71684
100000,31,89528,99998,499.99,10472,89528
2,32,1,2,0.01,1,1
3,32,2,3,0.02,1,2
100,32,84,99,0.5,16,84
200,32,182,3,0.02,18,182
2000,32,1802,1,0.01,198,1802
10000,32,8977,9999,50.0,1023,8977
20000,32,17894,10000,50.0,2106,17894
40000,32,35987,6,0.03,4013,35987
60000,32,53745,30000,150.0,6255,53745
80000,32,71520,79996,399.98,8480,71520
100000,32,89546,99999,499.99,10454,89546
2,33,2,2,0.01,0,2
3,33,3,3,0.02,0,3
100,33,91,50,0.25,9,91
200,33,181,100,0.5,19,181
2000,33,1814,1000,5.0,186,1814
10000,33,9035,5000,25.0,965,9035
20000,33,17993,10000,50.0,2007,17993
40000,33,35764,39999,199.99,4236,35764
60000,33,53900,1,0.01,6100,53900
80000,33,71844,6,0.03,8156,71844
100000,33,89981,2,0.01,10019,89981
2,34,1,2,0.01,1,1
3,34,1,3,0.02,2,1
100,34,92,50,0.25,8,92
200,34,183,100,0.5,17,183
2000,34,1809,1000,5.0,191,1809
10000,34,8968,5000,25.0,1032,8968
20000,34,17940,1,0.01,2060,17940
40000,34,35921,20000,100.0,4079,35921
60000,34,54064,3,0.02,5936,54064
80000,34,72013,4,0.02,7987,72013
100000,34,89375,99997,499.98,10625,89375
2,35,2,2,0.01,0,2
3,35,3,3,0.02,0,3
100,35,88,50,0.25,12,88
200,35,181,100,0.5,19,181
2000,35,1791,1000,5.0,209,1791
10000,35,8922,9999,50.0,1078,8922
20000,35,17888,19999,99.99,2112,17888
40000,35,35955,4,0.02,4045,35955
60000,35,54024,2,0.01,5976,54024
80000,35,72034,3,0.02,7966,72034
100000,35,89363,99998,499.99,10637,89363
2,36,2,2,0.01,0,2
3,36,3,3,0.02,0,3
100,36,91,50,0.25,9,91
200,36,177,100,0.5,23,177
2000,36,1808,2,0.01,192,1808
10000,36,8963,5000,25.0,1037,8963
20000,36,18060,3,0.02,1940,18060
40000,36,35800,39995,199.97,4200,35800
60000,36,53778,59997,299.98,6222,53778
80000,36,71624,79994,399.97,8376,71624
100000,36,89577,50000,250.0,10423,89577
2,37,2,2,0.01,0,2
3,37,3,3,0.02,0,3
100,37,89,98,0.49,11,89
200,37,176,2,0.01,24,176
2000,37,1774,1,0.01,226,1774
10000,37,9010,1,0.01,990,9010
20000,37,17969,1,0.01,2031,17969
40000,37,35835,39998,199.99,4165,35835
60000,37,53740,59996,299.98,6260,53740
80000,37,71597,79999,399.99,8403,71597
100000,37,89445,99996,499.98,10555,89445
2,38,0,2,0.01,2,0
3,38,3,3,0.02,0,3
100,38,92,50,0.25,8,92
200,38,178,100,0.5,22,178
2000,38,1806,1000,5.0,194,1806
10000,38,8964,9997,49.99,1036,8964
20000,38,17912,19995,99.97,2088,17912
40000,38,35847,20000,100.0,4153,35847
60000,38,54027,3,0.02,5973,54027
80000,38,71981,2,0.01,8019,71981
100000,38,89235,99993,499.96,10765,89235
2,39,2,2,0.01,0,2
3,39,3,3,0.02,0,3
100,39,92,50,0.25,8,92
200,39,180,100,0.5,20,180
2000,39,1790,1000,5.0,210,1790
10000,39,8954,5000,25.0,1046,8954
20000,39,17929,19999,99.99,2071,17929
40000,39,35953,2,0.01,4047,35953
60000,39,53972,1,0.01,6028,53972
80000,39,71568,79999,399.99,8432,71568
100000,39,89680,99998,499.99,10320,89680
2,40,2,2,0.01,0,2
3,40,3,3,0.02,0,3
100,40,94,50,0.25,6,94
200,40,182,100,0.5,18,182
2000,40,1789,1,0.01,211,1789
10000,40,8945,5000,25.0,1055,8945
20000,40,17972,10000,50.0,2028,17972
40000,40,35925,39999,199.99,4075,35925
60000,40,53804,30000,150.0,6196,53804
80000,40,71882,40000,200.0,8118,71882
100000,40,89696,50000,250.0,10304,89696
2,41,2,2,0.01,0,2
3,41,3,3,0.02,0,3
100,41,95,99,0.5,5,95
200,41,185,1,0.01,15,185
2000,41,1814,1000,5.0,186,1814
10000,41,9014,3,0.02,986,9014
20000,41,17902,10000,50.0,2098,17902
40000,41,36020,1,0.01,3980,36020
60000,41,53778,30000,150.0,6222,53778
80000,41,72027,1,0.01,7973,72027
100000,41,89493,99995,499.97,10507,89493
2,42,2,2,0.01,0,2
3,42,3,3,0.02,0,3
100,42,86,50,0.25,14,86
200,42,181,198,0.99,19,181
2000,42,1794,1000,5.0,206,1794
10000,42,8972,5000,25.0,1028,8972
20000,42,17870,19999,99.99,2130,17870
40000,42,36057,5,0.03,3943,36057
60000,42,53800,30000,150.0,6200,53800
80000,42,71660,79999,399.99,8340,71660
100000,42,89386,99999,499.99,10614,89386
2,43,2,2,0.01,0,2
3,43,3,3,0.02,0,3
100,43,93,50,0.25,7,93
200,43,183,3,0.02,17,183
2000,43,1813,4,0.02,187,1813
10000,43,8945,5000,25.0,1055,8945
20000,43,17916,19996,99.98,2084,17916
40000,43,35751,39999,199.99,4249,35751
60000,43,53844,30000,150.0,6156,53844
80000,43,72007,1,0.01,7993,72007
100000,43,89618,99996,499.98,10382,89618
2,44,1,2,0.01,1,1
3,44,3,3,0.02,0,3
100,44,83,99,0.5,17,83
200,44,181,100,0.5,19,181
2000,44,1799,1000,5.0,201,1799
10000,44,9025,4,0.02,975,9025
20000,44,18068,2,0.01,1932,18068
40000,44,35913,20000,100.0,4087,35913
60000,44,53847,30000,150.0,6153,53847
80000,44,71540,79996,399.98,8460,71540
100000,44,89834,50000,250.0,10166,89834
2,45,2,2,0.01,0,2
3,45,3,3,0.02,0,3
100,45,88,98,0.49,12,88
200,45,179,199,1.0,21,179
2000,45,1764,1997,9.99,236,1764
10000,45,8942,5000,25.0,1058,8942
20000,45,17898,10000,50.0,2102,17898
40000,45,35927,20000,100.0,4073,35927
60000,45,53804,30000,150.0,6196,53804
80000,45,71951,2,0.01,8049,71951
100000,45,89970,4,0.02,10030,89970
2,46,2,2,0.01,0,2
3,46,3,3,0.02,0,3
100,46,93,50,0.25,7,93
200,46,181,100,0.5,19,181
2000,46,1807,1,0.01,193,1807
10000,46,9032,3,0.02,968,9032
20000,46,17977,19994,99.97,2023,17977
40000,46,35826,39999,199.99,4174,35826
60000,46,53991,2,0.01,6009,53991
80000,46,72019,7,0.04,7981,72019
100000,46,89570,99997,499.98,10430,89570
2,47,2,2,0.01,0,2
3,47,3,3,0.02,0,3
100,47,88,50,0.25,12,88
200,47,180,100,0.5,20,180
2000,47,1798,2,0.01,202,1798
10000,47,8997,1,0.01,1003,8997
20000,47,17963,10000,50.0,2037,17963
40000,47,35888,20000,100.0,4112,35888
60000,47,53970,5,0.03,6030,53970
80000,47,71907,79996,399.98,8093,71907
100000,47,90089,3,0.02,9911,90089
2,48,2,2,0.01,0,2
3,48,3,3,0.02,0,3
100,48,88,50,0.25,12,88
200,48,178,100,0.5,22,178
2000,48,1809,1,0.01,191,1809
10000,48,8963,9995,49.98,1037,8963
20000,48,18018,1,0.01,1982,18018
40000,48,35751,39994,199.97,4249,35751
60000,48,54079,5,0.03,5921,54079
80000,48,71983,1,0.01,8017,71983
100000,48,89974,3,0.02,10026,89974
2,49,2,2,0.01,0,2
3,49,3,3,0.02,0,3
100,49,87,2,0.01,13,87
200,49,177,100,0.5,23,177
2000,49,1808,1000,5.0,192,1808
10000,49,9024,5000,25.0,976,9024
20000,49,17851,19995,99.97,2149,17851
40000,49,35776,20000,100.0,4224,35776
60000,49,53858,30000,150.0,6142,53858
80000,49,71590,79998,399.99,8410,71590
100000,49,89553,99999,499.99,10447,89553
2,50,2,2,0.01,0,2
3,50,2,3,0.02,1,2
100,50,88,98,0.49,12,88
200,50,173,100,0.5,27,173
2000,50,1789,1000,5.0,211,1789
10000,50,8978,9998,49.99,1022,8978
20000,50,17973,19998,99.99,2027,17973
40000,50,36046,1,0.01,3954,36046
60000,50,53927,2,0.01,6073,53927
80000,50,71978,2,0.01,8022,71978
100000,50,90018,3,0.02,9982,90018
2,51,2,2,0.01,0,2
3,51,3,3,0.02,0,3
100,51,92,50,0.25,8,92
200,51,181,100,0.5,19,181
2000,51,1819,1000,5.0,181,1819
10000,51,8963,5000,25.0,1037,8963
20000,51,17932,19997,99.98,2068,17932
40000,51,35834,39997,199.98,4166,35834
60000,51,53969,2,0.01,6031,53969
80000,51,71782,40000,200.0,8218,71782
100000,51,89974,4,0.02,10026,89974
2,52,2,2,0.01,0,2
3,52,3,3,0.02,0,3
100,52,89,50,0.25,11,89
200,52,182,100,0.5,18,182
2000,52,1796,1000,5.0,204,1796
10000,52,9013,9999,50.0,987,9013
20000,52,17931,19999,99.99,2069,17931
40000,52,35822,39995,199.97,4178,35822
60000,52,53770,59999,299.99,6230,53770
80000,52,71745,79996,399.98,8255,71745
100000,52,90022,6,0.03,9978,90022
2,53,2,2,0.01,0,2
3,53,3,3,0.02,0,3
100,53,85,2,0.01,15,85
200,53,176,2,0.01,24,176
2000,53,1775,1000,5.0,225,1775
10000,53,8944,9995,49.98,1056,8944
20000,53,18023,2,0.01,1977,18023
40000,53,35997,1,0.01,4003,35997
60000,53,53962,3,0.02,6038,53962
80000,53,71649,79997,399.98,8351,71649
100000,53,89318,99993,499.96,10682,89318
2,54,2,2,0.01,0,2
3,54,3,3,0.02,0,3
100,54,93,50,0.25,7,93
200,54,171,2,0.01,29,171
2000,54,1814,1000,5.0,186,1814
10000,54,8973,5000,25.0,1027,8973
20000,54,17949,6,0.03,2051,17949
40000,54,36019,1,0.01,3981,36019
60000,54,53712,30000,150.0,6288,53712
80000,54,71915,6,0.03,8085,71915
100000,54,90036,6,0.03,9964,90036
2,55,2,2,0.01,0,2
3,55,2,3,0.02,1,2
100,55,92,98,0.49,8,92
200,55,179,1,0.01,21,179
2000,55,1795,1000,5.0,205,1795
10000,55,8917,5000,25.0,1083,8917
20000,55,17964,10000,50.0,2036,17964
40000,55,36129,4,0.02,3871,36129
60000,55,53597,59997,299.98,6403,53597
80000,55,71547,79996,399.98,8453,71547
100000,55,89583,99999,499.99,10417,89583
2,56,2,2,0.01,0,2
3,56,2,3,0.02,1,2
100,56,91,50,0.25,9,91
200,56,181,3,0.02,19,181
2000,56,1777,1999,10.0,223,1777
10000,56,8936,9995,49.98,1064,8936
20000,56,17994,10000,50.0,2006,17994
40000,56,35838,39996,199.98,4162,35838
60000,56,53881,30000,150.0,6119,53881
80000,56,71582,79997,399.98,8418,71582
100000,56,89537,99996,499.98,10463,89537
2,57,2,2,0.01,0,2
3,57,1,3,0.02,2,1
100,57,90,2,0.01,10,90
200,57,181,100,0.5,19,181
2000,57,1798,1000,5.0,202,1798
10000,57,8968,9999,50.0,1032,8968
20000,57,17917,19999,99.99,2083,17917
40000,57,35832,39997,199.98,4168,35832
60000,57,53736,59995,299.97,6264,53736
80000,57,71531,79996,399.98,8469,71531
100000,57,89530,99995,499.97,10470,89530
2,58,2,2,0.01,0,2
3,58,2,3,0.02,1,2
100,58,89,2,0.01,11,89
200,58,182,100,0.5,18,182
2000,58,1793,1000,5.0,207,1793
10000,58,9006,1,0.01,994,9006
20000,58,17961,19996,99.98,2039,17961
40000,58,36034,1,0.01,3966,36034
60000,58,54029,2,0.01,5971,54029
80000,58,71485,79998,399.99,8515,71485
100000,58,89643,99999,499.99,10357,89643
2,59,2,2,0.01,0,2
3,59,3,3,0.02,0,3
100,59,84,50,0.25,16,84
200,59,191,1,0.01,9,191
2000,59,1780,1999,10.0,220,1780
10000,59,8976,1,0.01,1024,8976
20000,59,18006,1,0.01,1994,18006
40000,59,35977,2,0.01,4023,35977
60000,59,53711,59996,299.98,6289,53711
80000,59,71533,79999,399.99,8467,71533
100000,59,89418,99997,499.98,10582,89418
2,60,2,2,0.01,0,2
3,60,3,3,0.02,0,3
100,60,87,50,0.25,13,87
200,60,169,2,0.01,31,169
2000,60,1797,1000,5.0,203,1797
10000,60,8971,5000,25.0,1029,8971
20000,60,18021,2,0.01,1979,18021
40000,60,36082,20000,100.0,3918,36082
60000,60,53604,59999,299.99,6396,53604
80000,60,71603,79997,399.98,8397,71603
100000,60,89807,50000,250.0,10193,89807
2,61,2,2,0.01,0,2
3,61,3,3,0.02,0,3
100,61,91,50,0.25,9,91
200,61,181,1,0.01,19,181
2000,61,1797,1000,5.0,203,1797
10000,61,9014,2,0.01,986,9014
20000,61,17983,10000,50.0,2017,17983
40000,61,35802,39997,199.98,4198,35802
60000,61,54075,4,0.02,5925,54075
80000,61,72074,3,0.02,7926,72074
100000,61,89791,50000,250.0,10209,89791
2,62,1,2,0.01,1,1
3,62,2,3,0.02,1,2
100,62,91,50,0.25,9,91
200,62,183,1,0.01,17,183
2000,62,1806,1000,5.0,194,1806
10000,62,8997,5000,25.0,1003,8997
20000,62,18048,1,0.01,1952,18048
40000,62,35689,39995,199.97,4311,35689
60000,62,53998,5,0.03,6002,53998
80000,62,71989,4,0.02,8011,71989
100000,62,89478,99998,499.99,10522,89478
2,63,2,2,0.01,0,2
3,63,3,3,0.02,0,3
100,63,90,50,0.25,10,90
200,63,182,100,0.5,18,182
2000,63,1808,1000,5.0,192,1808
10000,63,8995,5000,25.0,1005,8995
20000,63,18032,1,0.01,1968,18032
40000,63,35743,39997,199.98,4257,35743
60000,63,54049,2,0.01,5951,54049
80000,63,71445,79999,399.99,8555,71445
100000,63,89599,99998,499.99,10401,89599
2,64,2,2,0.01,0,2
3,64,3,3,0.02,0,3
100,64,88,98,0.49,12,88
200,64,187,3,0.02,13,187
2000,64,1816,3,0.02,184,1816
10000,64,9049,1,0.01,951,9049
20000,64,17959,3,0.02,2041,17959
40000,64,35847,39995,199.97,4153,35847
60000,64,53920,4,0.02,6080,53920
80000,64,71875,40000,200.0,8125,71875
100000,64,89793,50000,250.0,10207,89793
2,65,2,2,0.01,0,2
3,65,3,3,0.02,0,3
100,65,90,50,0.25,10,90
200,65,175,100,0.5,25,175
2000,65,1785,1997,9.99,215,1785
10000,65,9024,4,0.02,976,9024
20000,65,17800,19997,99.98,2200,17800
40000,65,35797,39995,199.97,4203,35797
60000,65,53690,59997,299.98,6310,53690
80000,65,71921,3,0.02,8079,71921
100000,65,89574,99997,499.98,10426,89574
2,66,2,2,0.01,0,2
3,66,3,3,0.02,0,3
100,66,91,50,0.25,9,91
200,66,171,197,0.99,29,171
2000,66,1795,1000,5.0,205,1795
10000,66,8977,4,0.02,1023,8977
20000,66,17874,19995,99.97,2126,17874
40000,66,35726,39997,199.98,4274,35726
60000,66,53983,1,0.01,6017,53983
80000,66,71630,79996,399.98,8370,71630
100000,66,89743,50000,250.0,10257,89743
2,67,2,2,0.01,0,2
3,67,3,3,0.02,0,3
100,67,92,50,0.25,8,92
200,67,177,100,0.5,23,177
2000,67,1783,1000,5.0,217,1783
10000,67,9004,5000,25.0,996,9004
20000,67,17951,10000,50.0,2049,17951
40000,67,35857,39998,199.99,4143,35857
60000,67,53678,59995,299.97,6322,53678
80000,67,71767,40000,200.0,8233,71767
100000,67,89563,99996,499.98,10437,89563
2,68,2,2,0.01,0,2
3,68,3,3,0.02,0,3
100,68,94,50,0.25,6,94
200,68,180,100,0.5,20,180
2000,68,1797,1999,10.0,203,1797
10000,68,8993,9999,50.0,1007,8993
20000,68,17999,2,0.01,2001,17999
40000,68,36084,1,0.01,3916,36084
60000,68,53553,59999,299.99,6447,53553
80000,68,71930,4,0.02,8070,71930
100000,68,89457,99996,499.98,10543,89457
2,69,2,2,0.01,0,2
3,69,3,3,0.02,0,3
100,69,87,50,0.25,13,87
200,69,185,100,0.5,15,185
2000,69,1800,1000,5.0,200,1800
10000,69,8994,9999,50.0,1006,8994
20000,69,17902,19998,99.99,2098,17902
40000,69,35950,6,0.03,4050,35950
60000,69,53574,59994,299.97,6426,53574
80000,69,71638,79996,399.98,8362,71638
100000,69,89856,4,0.02,10144,89856
2,70,2,2,0.01,0,2
3,70,2,3,0.02,1,2
100,70,87,50,0.25,13,87
200,70,180,100,0.5,20,180
2000,70,1795,1000,5.0,205,1795
10000,70,8920,9998,49.99,1080,8920
20000,70,18025,1,0.01,1975,18025
40000,70,35828,39994,199.97,4172,35828
60000,70,53939,4,0.02,6061,53939
80000,70,72162,1,0.01,7838,72162
100000,70,90073,2,0.01,9927,90073
2,71,2,2,0.01,0,2
3,71,1,3,0.02,2,1
100,71,87,50,0.25,13,87
200,71,173,2,0.01,27,173
2000,71,1790,1000,5.0,210,1790
10000,71,9022,2,0.01,978,9022
20000,71,17933,19997,99.98,2067,17933
40000,71,35835,39998,199.99,4165,35835
60000,71,54092,4,0.02,5908,54092
80000,71,71691,40000,200.0,8309,71691
100000,71,89486,99995,499.97,10514,89486
2,72,2,2,0.01,0,2
3,72,3,3,0.02,0,3
100,72,92,50,0.25,8,92
200,72,175,100,0.5,25,175
2000,72,1813,1000,5.0,187,1813
10000,72,8962,5000,25.0,1038,8962
20000,72,17964,6,0.03,2036,17964
40000,72,35967,2,0.01,4033,35967
60000,72,53654,59993,299.96,6346,53654
80000,72,71684,40000,200.0,8316,71684
100000,72,90043,2,0.01,9957,90043
2,73,1,2,0.01,1,1
3,73,3,3,0.02,0,3
100,73,89,50,0.25,11,89
200,73,177,100,0.5,23,177
2000,73,1796,1000,5.0,204,1796
10000,73,9011,2,0.01,989,9011
20000,73,17970,2,0.01,2030,17970
40000,73,35789,39996,199.98,4211,35789
60000,73,53738,30000,150.0,6262,53738
80000,73,71630,40000,200.0,8370,71630
100000,73,90139,2,0.01,9861,90139
2,74,2,2,0.01,0,2
3,74,2,3,0.02,1,2
100,74,90,50,0.25,10,90
200,74,188,2,0.01,12,188
2000,74,1830,1,0.01,170,1830
10000,74,9041,5,0.03,959,9041
20000,74,17821,19997,99.98,2179,17821
40000,74,35835,20000,100.0,4165,35835
60000,74,53960,4,0.02,6040,53960
80000,74,72082,7,0.04,7918,72082
100000,74,90030,1,0.01,9970,90030
2,75,2,2,0.01,0,2
3,75,3,3,0.02,0,3
100,75,94,50,0.25,6,94
200,75,178,100,0.5,22,178
2000,75,1790,1998,9.99,210,1790
10000,75,8991,4,0.02,1009,8991
20000,75,17972,4,0.02,2028,17972
40000,75,35935,20000,100.0,4065,35935
60000,75,53791,59999,299.99,6209,53791
80000,75,71981,1,0.01,8019,71981
100000,75,89805,50000,250.0,10195,89805
2,76,1,2,0.01,1,1
3,76,2,3,0.02,1,2
100,76,88,50,0.25,12,88
200,76,175,100,0.5,25,175
2000,76,1800,1000,5.0,200,1800
10000,76,8980,5000,25.0,1020,8980
20000,76,17953,10000,50.0,2047,17953
40000,76,36075,2,0.01,3925,36075
60000,76,53724,59995,299.97,6276,53724
80000,76,71545,79994,399.97,8455,71545
100000,76,89596,99998,499.99,10404,89596
2,77,1,2,0.01,1,1
3,77,3,3,0.02,0,3
100,77,94,50,0.25,6,94
200,77,184,100,0.5,16,184
2000,77,1810,1000,5.0,190,1810
10000,77,8978,3,0.02,1022,8978
20000,77,18031,3,0.02,1969,18031
40000,77,35990,5,0.03,4010,35990
60000,77,53728,59994,299.97,6272,53728
80000,77,71520,79996,399.98,8480,71520
100000,77,89356,99995,499.97,10644,89356
2,78,1,2,0.01,1,1
3,78,2,3,0.02,1,2
100,78,91,50,0.25,9,91
200,78,176,3,0.02,24,176
2000,78,1785,1999,10.0,215,1785
10000,78,8947,5000,25.0,1053,8947
20000,78,17992,3,0.02,2008,17992
40000,78,36036,3,0.02,3964,36036
60000,78,53944,30000,150.0,6056,53944
80000,78,71875,1,0.01,8125,71875
100000,78,89807,4,0.02,10193,89807
2,79,2,2,0.01,0,2
3,79,2,3,0.02,1,2
100,79,92,2,0.01,8,92
200,79,179,197,0.99,21,179
2000,79,1796,1000,5.0,204,1796
10000,79,9021,4,0.02,979,9021
20000,79,18013,10000,50.0,1987,18013
40000,79,35843,39997,199.98,4157,35843
60000,79,53583,59996,299.98,6417,53583
80000,79,72097,7,0.04,7903,72097
100000,79,89443,99993,499.96,10557,89443
2,80,2,2,0.01,0,2
3,80,2,3,0.02,1,2
100,80,89,50,0.25,11,89
200,80,179,1,0.01,21,179
2000,80,1793,1000,5.0,207,1793
10000,80,8997,9999,50.0,1003,8997
20000,80,17957,1,0.01,2043,17957
40000,80,35824,39995,199.97,4176,35824
60000,80,54047,6,0.03,5953,54047
80000,80,71493,79996,399.98,8507,71493
100000,80,89391,99995,499.97,10609,89391
2,81,2,2,0.01,0,2
3,81,2,3,0.02,1,2
100,81,93,50,0.25,7,93
200,81,177,2,0.01,23,177
2000,81,1788,1000,5.0,212,1788
10000,81,9002,4,0.02,998,9002
20000,81,18048,10000,50.0,1952,18048
40000,81,35901,1,0.01,4099,35901
60000,81,53892,1,0.01,6108,53892
80000,81,71959,40000,200.0,8041,71959
100000,81,89412,99999,499.99,10588,89412
2,82,2,2,0.01,0,2
3,82,3,3,0.02,0,3
100,82,95,50,0.25,5,95
200,82,183,100,0.5,17,183
2000,82,1796,1000,5.0,204,1796
10000,82,8972,5000,25.0,1028,8972
20000,82,17912,19997,99.98,2088,17912
40000,82,35860,39996,199.98,4140,35860
60000,82,54075,5,0.03,5925,54075
80000,82,71650,40000,200.0,8350,71650
100000,82,89527,99997,499.98,10473,89527
2,83,2,2,0.01,0,2
3,83,2,3,0.02,1,2
100,83,92,2,0.01,8,92
200,83,187,100,0.5,13,187
2000,83,1786,1000,5.0,214,1786
10000,83,8995,5000,25.0,1005,8995
20000,83,17964,19995,99.97,2036,17964
40000,83,35914,20000,100.0,4086,35914
60000,83,53664,59999,299.99,6336,53664
80000,83,71489,79993,399.96,8511,71489
100000,83,89512,99999,499.99,10488,89512
2,84,2,2,0.01,0,2
3,84,3,3,0.02,0,3
100,84,92,50,0.25,8,92
200,84,172,198,0.99,28,172
2000,84,1780,1998,9.99,220,1780
10000,84,8937,5000,25.0,1063,8937
20000,84,17795,19995,99.97,2205,17795
40000,84,35824,20000,100.0,4176,35824
60000,84,53976,2,0.01,6024,53976
80000,84,72071,3,0.02,7929,72071
100000,84,89688,50000,250.0,10312,89688
2,85,2,2,0.01,0,2
3,85,2,3,0.02,1,2
100,85,92,50,0.25,8,92
200,85,186,100,0.5,14,186
2000,85,1824,1000,5.0,176,1824
10000,85,8919,5000,25.0,1081,8919
20000,85,17804,19998,99.99,2196,17804
40000,85,35761,39998,199.99,4239,35761
60000,85,54172,1,0.01,5828,54172
80000,85,71518,79998,399.99,8482,71518
100000,85,90038,3,0.02,9962,90038
2,86,2,2,0.01,0,2
3,86,3,3,0.02,0,3
100,86,94,50,0.25,6,94
200,86,176,1,0.01,24,176
2000,86,1795,1000,5.0,205,1795
10000,86,8952,5000,25.0,1048,8952
20000,86,17901,10000,50.0,2099,17901
40000,86,35918,20000,100.0,4082,35918
60000,86,53981,30000,150.0,6019,53981
80000,86,71747,40000,200.0,8253,71747
100000,86,89845,1,0.01,10155,89845
2,87,2,2,0.01,0,2
3,87,3,3,0.02,0,3
100,87,91,50,0.25,9,91
200,87,178,1,0.01,22,178
2000,87,1783,1996,9.98,217,1783
10000,87,8965,4,0.02,1035,8965
20000,87,17886,10000,50.0,2114,17886
40000,87,36015,1,0.01,3985,36015
60000,87,54093,4,0.02,5907,54093
80000,87,71582,79998,399.99,8418,71582
100000,87,90086,5,0.03,9914,90086
2,88,1,2,0.01,1,1
3,88,3,3,0.02,0,3
100,88,91,50,0.25,9,91
200,88,179,100,0.5,21,179
2000,88,1773,1998,9.99,227,1773
10000,88,8949,9998,49.99,1051,8949
20000,88,17949,6,0.03,2051,17949
40000,88,35790,20000,100.0,4210,35790
60000,88,54023,1,0.01,5977,54023
80000,88,71982,5,0.03,8018,71982
100000,88,89773,50000,250.0,10227,89773
2,89,2,2,0.01,0,2
3,89,3,3,0.02,0,3
100,89,88,50,0.25,12,88
200,89,180,1,0.01,20,180
2000,89,1788,1997,9.99,212,1788
10000,89,9002,5000,25.0,998,9002
20000,89,17757,19998,99.99,2243,17757
40000,89,35920,39996,199.98,4080,35920
60000,89,54037,7,0.04,5963,54037
80000,89,71827,40000,200.0,8173,71827
100000,89,90105,4,0.02,9895,90105
2,90,2,2,0.01,0,2
3,90,3,3,0.02,0,3
100,90,91,2,0.01,9,91
200,90,177,100,0.5,23,177
2000,90,1789,1,0.01,211,1789
10000,90,9010,5000,25.0,990,9010
20000,90,18006,19996,99.98,1994,18006
40000,90,35848,20000,100.0,4152,35848
60000,90,53688,59999,299.99,6312,53688
80000,90,71496,79994,399.97,8504,71496
100000,90,89956,4,0.02,10044,89956
2,91,2,2,0.01,0,2
3,91,3,3,0.02,0,3
100,91,93,50,0.25,7,93
200,91,177,100,0.5,23,177
2000,91,1800,1997,9.99,200,1800
10000,91,8970,9997,49.99,1030,8970
20000,91,17959,10000,50.0,2041,17959
40000,91,35956,20000,100.0,4044,35956
60000,91,53902,5,0.03,6098,53902
80000,91,71710,40000,200.0,8290,71710
100000,91,89504,99996,499.98,10496,89504
2,92,1,2,0.01,1,1
3,92,3,3,0.02,0,3
100,92,90,50,0.25,10,90
200,92,185,100,0.5,15,185
2000,92,1799,1,0.01,201,1799
10000,92,8968,9999,50.0,1032,8968
20000,92,17868,19998,99.99,2132,17868
40000,92,35788,39994,199.97,4212,35788
60000,92,53581,59997,299.98,6419,53581
80000,92,71616,79995,399.97,8384,71616
100000,92,89971,1,0.01,10029,89971
2,93,2,2,0.01,0,2
3,93,3,3,0.02,0,3
100,93,88,50,0.25,12,88
200,93,170,197,0.99,30,170
2000,93,1790,1997,9.99,210,1790
10000,93,9034,2,0.01,966,9034
20000,93,18017,2,0.01,1983,18017
40000,93,35767,39997,199.98,4233,35767
60000,93,53812,59995,299.97,6188,53812
80000,93,71635,79995,399.97,8365,71635
100000,93,89492,99998,499.99,10508,89492
2,94,2,2,0.01,0,2
3,94,3,3,0.02,0,3
100,94,90,50,0.25,10,90
200,94,178,100,0.5,22,178
2000,94,1794,3,0.02,206,1794
10000,94,9052,5,0.03,948,9052
20000,94,18058,2,0.01,1942,18058
40000,94,35881,3,0.02,4119,35881
60000,94,53775,59999,299.99,6225,53775
80000,94,72122,3,0.02,7878,72122
100000,94,89723,99993,499.96,10277,89723
2,95,2,2,0.01,0,2
3,95,3,3,0.02,0,3
100,95,92,50,0.25,8,92
200,95,177,2,0.01,23,177
2000,95,1823,1,0.01,177,1823
10000,95,9032,2,0.01,968,9032
20000,95,18015,5,0.03,1985,18015
40000,95,35932,20000,100.0,4068,35932
60000,95,53971,30000,150.0,6029,53971
80000,95,71640,79994,399.97,8360,71640
100000,95,89593,50000,250.0,10407,89593
2,96,2,2,0.01,0,2
3,96,3,3,0.02,0,3
100,96,89,50,0.25,11,89
200,96,175,1,0.01,25,175
2000,96,1784,3,0.02,216,1784
10000,96,8997,9998,49.99,1003,8997
20000,96,17969,19997,99.98,2031,17969
40000,96,35976,20000,100.0,4024,35976
60000,96,53967,4,0.02,6033,53967
80000,96,71610,79998,399.99,8390,71610
100000,96,90004,1,0.01,9996,90004
2,97,2,2,0.01,0,2
3,97,3,3,0.02,0,3
100,97,92,2,0.01,8,92
200,97,175,100,0.5,25,175
2000,97,1794,1997,9.99,206,1794
10000,97,8982,5000,25.0,1018,8982
20000,97,18040,2,0.01,1960,18040
40000,97,35795,39996,199.98,4205,35795
60000,97,53899,30000,150.0,6101,53899
80000,97,71804,1,0.01,8196,71804
100000,97,89699,50000,250.0,10301,89699
2,98,2,2,0.01,0,2
3,98,3,3,0.02,0,3
100,98,90,50,0.25,10,90
200,98,177,1,0.01,23,177
2000,98,1807,1000,5.0,193,1807
10000,98,8954,2,0.01,1046,8954
20000,98,17926,10000,50.0,2074,17926
40000,98,35728,39995,199.97,4272,35728
60000,98,53609,59999,299.99,6391,53609
80000,98,72015,7,0.04,7985,72015
100000,98,89508,50000,250.0,10492,89508
2,99,2,2,0.01,0,2
3,99,3,3,0.02,0,3
100,99,84,99,0.5,16,84
200,99,182,100,0.5,18,182
2000,99,1795,3,0.02,205,1795
10000,99,8975,9995,49.98,1025,8975
20000,99,17883,19999,99.99,2117,17883
40000,99,35953,39996,199.98,4047,35953
60000,99,53863,4,0.02,6137,53863
80000,99,72196,2,0.01,7804,72196
100000,99,90006,2,0.01,9994,90006
2,100,2,2,0.01,0,2
3,100,2,3,0.02,1,2
100,100,90,50,0.25,10,90
200,100,180,100,0.5,20,180
2000,100,1788,1999,10.0,212,1788
10000,100,8948,5000,25.0,1052,8948
20000,100,17918,10000,50.0,2082,17918
40000,100,35946,20000,100.0,4054,35946
60000,100,53666,59999,299.99,6334,53666
80000,100,71966,6,0.03,8034,71966
100000,100,89308,99997,499.98,10692,89308
