Timestep,Iteration,Total Reward,Suboptimal Arms Count,Total Regret,Zeros Count,Ones Count
2,1,1,1,0.01,1,1
3,1,2,1,0.01,1,2
100,1,54,60,0.3,46,54
200,1,84,98,0.49,116,84
2000,1,986,861,4.3,1014,986
10000,1,5048,4302,21.51,4952,5048
20000,1,9975,7576,37.88,10025,9975
40000,1,19750,11907,59.54,20250,19750
60000,1,30019,19202,96.01,29981,30019
80000,1,39745,38136,190.68,40255,39745
100000,1,49824,28246,141.23,50176,49824
2,2,2,1,0.01,0,2
3,2,0,1,0.01,3,0
100,2,57,45,0.23,43,57
200,2,101,112,0.56,99,101
2000,2,1012,526,2.63,988,1012
10000,2,4949,3946,19.73,5051,4949
20000,2,9981,8132,40.66,10019,9981
40000,2,19963,10474,52.37,20037,19963
60000,2,29852,21902,109.51,30148,29852
80000,2,39786,27452,137.26,40214,39786
100000,2,49690,30145,150.72,50310,49690
2,3,1,1,0.01,1,1
3,3,0,1,0.01,3,0
100,3,49,52,0.26,51,49
200,3,91,104,0.52,109,91
2000,3,1001,1119,5.59,999,1001
10000,3,5007,3514,17.57,4993,5007
20000,3,10023,7085,35.42,9977,10023
40000,3,19735,7586,37.93,20265,19735
60000,3,29891,20784,103.92,30109,29891
80000,3,39857,23513,117.56,40143,39857
100000,3,49973,26084,130.42,50027,49973
2,4,0,1,0.01,2,0
3,4,1,2,0.01,2,1
100,4,46,56,0.28,54,46
200,4,93,87,0.44,107,93
2000,4,930,976,4.88,1070,930
10000,4,4876,3270,16.35,5124,4876
20000,4,9893,8371,41.86,10107,9893
40000,4,19867,17272,86.36,20133,19867
60000,4,29853,27854,139.27,30147,29853
80000,4,40030,15564,77.82,39970,40030
100000,4,49714,24439,122.19,50286,49714
2,5,1,1,0.01,1,1
3,5,1,1,0.01,2,1
100,5,58,41,0.21,42,58
200,5,100,119,0.6,100,100
2000,5,992,1073,5.36,1008,992
10000,5,4937,5297,26.48,5063,4937
20000,5,9919,13311,66.56,10081,9919
40000,5,19788,20352,101.76,20212,19788
60000,5,30018,21374,106.87,29982,30018
80000,5,39934,14363,71.82,40066,39934
100000,5,50062,8823,44.12,49938,50062
2,6,2,1,0.01,0,2
3,6,2,1,0.01,1,2
100,6,46,40,0.2,54,46
200,6,114,98,0.49,86,114
2000,6,993,1269,6.34,1007,993
10000,6,4989,4324,21.62,5011,4989
20000,6,9997,11855,59.28,10003,9997
40000,6,19893,12930,64.65,20107,19893
60000,6,29780,15535,77.68,30220,29780
80000,6,39611,33605,168.02,40389,39611
100000,6,49564,32603,163.01,50436,49564
2,7,1,1,0.01,1,1
3,7,1,2,0.01,2,1
100,7,44,63,0.32,56,44
200,7,96,103,0.52,104,96
2000,7,1006,975,4.87,994,1006
10000,7,4969,4350,21.75,5031,4969
20000,7,9941,6096,30.48,10059,9941
40000,7,19883,22830,114.15,20117,19883
60000,7,29845,41154,205.77,30155,29845
80000,7,39582,36183,180.91,40418,39582
100000,7,49762,29612,148.06,50238,49762
2,8,1,1,0.01,1,1
3,8,0,1,0.01,3,0
100,8,43,51,0.26,57,43
200,8,97,97,0.49,103,97
2000,8,999,978,4.89,1001,999
10000,8,4948,5319,26.59,5052,4948
20000,8,9958,8723,43.62,10042,9958
40000,8,19966,11747,58.74,20034,19966
60000,8,29850,17518,87.59,30150,29850
80000,8,39668,21353,106.76,40332,39668
100000,8,49926,24994,124.97,50074,49926
2,9,0,1,0.01,2,0
3,9,3,1,0.01,0,3
100,9,45,52,0.26,55,45
200,9,94,89,0.45,106,94
2000,9,993,1253,6.26,1007,993
10000,9,4981,4260,21.3,5019,4981
20000,9,9842,13340,66.7,10158,9842
40000,9,19933,17868,89.34,20067,19933
60000,9,30024,37726,188.63,29976,30024
80000,9,39744,28801,144.0,40256,39744
100000,9,49831,36226,181.13,50169,49831
2,10,2,1,0.01,0,2
3,10,0,1,0.01,3,0
100,10,59,49,0.25,41,59
200,10,106,113,0.57,94,106
2000,10,965,830,4.15,1035,965
10000,10,4909,5234,26.17,5091,4909
20000,10,9959,10023,50.12,10041,9959
40000,10,19942,12331,61.66,20058,19942
60000,10,30047,28868,144.34,29953,30047
80000,10,39728,46802,234.01,40272,39728
100000,10,50183,20131,100.65,49817,50183
2,11,0,1,0.01,2,0
3,11,2,2,0.01,1,2
100,11,56,48,0.24,44,56
200,11,97,88,0.44,103,97
2000,11,987,1226,6.13,1013,987
10000,11,5105,4322,21.61,4895,5105
20000,11,9908,6627,33.13,10092,9908
40000,11,20051,5604,28.02,19949,20051
60000,11,29779,23873,119.36,30221,29779
80000,11,39968,21222,106.11,40032,39968
100000,11,49690,25220,126.1,50310,49690
2,12,1,1,0.01,1,1
3,12,2,1,0.01,1,2
100,12,42,54,0.27,58,42
200,12,106,125,0.63,94,106
2000,12,1000,985,4.92,1000,1000
10000,12,5047,4402,22.01,4953,5047
20000,12,9901,4955,24.77,10099,9901
40000,12,19802,17363,86.81,20198,19802
60000,12,29744,26800,134.0,30256,29744
80000,12,39778,31571,157.85,40222,39778
100000,12,49981,27677,138.38,50019,49981
2,13,2,1,0.01,0,2
3,13,0,1,0.01,3,0
100,13,44,44,0.22,56,44
200,13,102,105,0.53,98,102
2000,13,978,933,4.66,1022,978
10000,13,4873,3953,19.77,5127,4873
20000,13,9880,8054,40.27,10120,9880
40000,13,20006,10983,54.92,19994,20006
60000,13,29765,11975,59.88,30235,29765
80000,13,39589,29814,149.07,40411,39589
100000,13,49866,33495,167.47,50134,49866
2,14,1,1,0.01,1,1
3,14,2,1,0.01,1,2
100,14,56,43,0.22,44,56
200,14,94,98,0.49,106,94
2000,14,942,944,4.72,1058,942
10000,14,4895,4414,22.07,5105,4895
20000,14,9905,8689,43.45,10095,9905
40000,14,20021,14574,72.87,19979,20021
60000,14,29913,8887,44.44,30087,29913
80000,14,39718,20293,101.46,40282,39718
100000,14,49961,22848,114.24,50039,49961
2,15,1,1,0.01,1,1
3,15,2,2,0.01,1,2
100,15,47,58,0.29,53,47
200,15,101,103,0.52,99,101
2000,15,1022,761,3.8,978,1022
10000,15,5045,3838,19.19,4955,5045
20000,15,10091,9330,46.65,9909,10091
40000,15,19900,27574,137.87,20100,19900
60000,15,30114,27311,136.55,29886,30114
80000,15,39826,14526,72.63,40174,39826
100000,15,49592,31955,159.77,50408,49592
2,16,1,1,0.01,1,1
3,16,3,1,0.01,0,3
100,16,57,44,0.22,43,57
200,16,96,118,0.59,104,96
2000,16,980,465,2.32,1020,980
10000,16,4985,6291,31.45,5015,4985
20000,16,10041,10490,52.45,9959,10041
40000,16,19843,9873,49.37,20157,19843
60000,16,29907,27416,137.08,30093,29907
80000,16,39820,16300,81.5,40180,39820
100000,16,49968,35734,178.67,50032,49968
2,17,2,1,0.01,0,2
3,17,1,2,0.01,2,1
100,17,43,51,0.26,57,43
200,17,112,120,0.6,88,112
2000,17,991,729,3.64,1009,991
10000,17,4993,5199,25.99,5007,4993
20000,17,9898,6724,33.62,10102,9898
40000,17,20001,10357,51.79,19999,20001
60000,17,29949,16539,82.69,30051,29949
80000,17,39933,20297,101.48,40067,39933
100000,17,49963,29217,146.08,50037,49963
2,18,0,1,0.01,2,0
3,18,1,1,0.01,2,1
100,18,54,39,0.2,46,54
200,18,82,109,0.55,118,82
2000,18,1015,938,4.69,985,1015
10000,18,5010,6707,33.53,4990,5010
20000,18,9865,8259,41.3,10135,9865
40000,18,19952,21518,107.59,20048,19952
60000,18,29924,28429,142.14,30076,29924
80000,18,39635,11424,57.12,40365,39635
100000,18,49908,53540,267.7,50092,49908
2,19,0,1,0.01,2,0
3,19,2,2,0.01,1,2
100,19,52,45,0.23,48,52
200,19,99,76,0.38,101,99
2000,19,996,665,3.32,1004,996
10000,19,5038,4588,22.94,4962,5038
20000,19,9959,6772,33.86,10041,9959
40000,19,19997,9846,49.23,20003,19997
60000,19,29854,18135,90.67,30146,29854
80000,19,39867,29949,149.74,40133,39867
100000,19,49812,41405,207.02,50188,49812
2,20,1,1,0.01,1,1
3,20,1,1,0.01,2,1
100,20,55,47,0.24,45,55
200,20,94,92,0.46,106,94
2000,20,951,1059,5.29,1049,951
10000,20,5000,5623,28.11,5000,5000
20000,20,9922,7004,35.02,10078,9922
40000,20,19903,16599,82.99,20097,19903
60000,20,30014,21327,106.63,29986,30014
80000,20,39959,25360,126.8,40041,39959
100000,20,50066,18647,93.23,49934,50066
2,21,1,1,0.01,1,1
3,21,1,2,0.01,2,1
100,21,47,48,0.24,53,47
200,21,99,107,0.54,101,99
2000,21,1018,1153,5.76,982,1018
10000,21,4977,4174,20.87,5023,4977
20000,21,9977,7605,38.03,10023,9977
40000,21,19866,21299,106.49,20134,19866
60000,21,30073,14683,73.42,29927,30073
80000,21,39879,30428,152.14,40121,39879
100000,21,49849,55811,279.05,50151,49849
2,22,2,1,0.01,0,2
3,22,2,1,0.01,1,2
100,22,45,60,0.3,55,45
200,22,98,95,0.48,102,98
2000,22,996,1084,5.42,1004,996
10000,22,4945,5332,26.66,5055,4945
20000,22,10052,4692,23.46,9948,10052
40000,22,19888,23494,117.47,20112,19888
60000,22,29723,22861,114.3,30277,29723
80000,22,39999,34900,174.5,40001,39999
100000,22,49963,28011,140.05,50037,49963
2,23,2,1,0.01,0,2
3,23,3,1,0.01,0,3
100,23,53,54,0.27,47,53
200,23,99,114,0.57,101,99
2000,23,988,707,3.53,1012,988
10000,23,5006,6064,30.32,4994,5006
20000,23,9887,10308,51.54,10113,9887
40000,23,19808,20645,103.22,20192,19808
60000,23,30048,17430,87.15,29952,30048
80000,23,40069,36905,184.52,39931,40069
100000,23,50127,29901,149.5,49873,50127
2,24,1,1,0.01,1,1
3,24,2,2,0.01,1,2
100,24,46,51,0.26,54,46
200,24,114,94,0.47,86,114
2000,24,983,1178,5.89,1017,983
10000,24,4919,5521,27.6,5081,4919
20000,24,10029,12019,60.1,9971,10029
40000,24,19871,12681,63.41,20129,19871
60000,24,30004,17920,89.6,29996,30004
80000,24,39811,33074,165.37,40189,39811
100000,24,49820,33853,169.26,50180,49820
2,25,1,1,0.01,1,1
3,25,1,2,0.01,2,1
100,25,61,48,0.24,39,61
200,25,98,89,0.45,102,98
2000,25,999,1046,5.23,1001,999
10000,25,5002,5008,25.04,4998,5002
20000,25,9926,6722,33.61,10074,9926
40000,25,19790,14688,73.44,20210,19790
60000,25,29964,13489,67.45,30036,29964
80000,25,39842,22218,111.09,40158,39842
100000,25,49815,52332,261.66,50185,49815
2,26,0,1,0.01,2,0
3,26,2,2,0.01,1,2
100,26,55,61,0.31,45,55
200,26,110,109,0.55,90,110
2000,26,988,808,4.04,1012,988
10000,26,5016,4314,21.57,4984,5016
20000,26,10010,9426,47.13,9990,10010
40000,26,20035,21102,105.51,19965,20035
60000,26,29784,29510,147.55,30216,29784
80000,26,39775,33649,168.24,40225,39775
100000,26,49873,31136,155.68,50127,49873
2,27,2,1,0.01,0,2
3,27,2,1,0.01,1,2
100,27,45,54,0.27,55,45
200,27,103,104,0.52,97,103
2000,27,982,932,4.66,1018,982
10000,27,5016,2944,14.72,4984,5016
20000,27,10027,7410,37.05,9973,10027
40000,27,19999,19158,95.79,20001,19999
60000,27,29804,12459,62.3,30196,29804
80000,27,40026,25040,125.2,39974,40026
100000,27,49766,25222,126.11,50234,49766
2,28,1,1,0.01,1,1
3,28,1,2,0.01,2,1
100,28,38,37,0.19,62,38
200,28,111,112,0.56,89,111
2000,28,983,618,3.09,1017,983
10000,28,5078,4633,23.16,4922,5078
20000,28,10015,11529,57.65,9985,10015
40000,28,20016,12311,61.56,19984,20016
60000,28,30078,19352,96.76,29922,30078
80000,28,39993,28027,140.13,40007,39993
100000,28,49862,34345,171.72,50138,49862
2,29,1,1,0.01,1,1
3,29,0,1,0.01,3,0
100,29,45,55,0.28,55,45
200,29,105,67,0.34,95,105
2000,29,982,975,4.87,1018,982
10000,29,4916,4551,22.75,5084,4916
20000,29,9887,8471,42.36,10113,9887
40000,29,19996,10354,51.77,20004,19996
60000,29,29761,22897,114.48,30239,29761
80000,29,39593,24820,124.1,40407,39593
100000,29,49697,23700,118.5,50303,49697
2,30,1,1,0.01,1,1
3,30,2,1,0.01,1,2
100,30,43,52,0.26,57,43
200,30,96,115,0.58,104,96
2000,30,1026,692,3.46,974,1026
10000,30,4950,4078,20.39,5050,4950
20000,30,10014,7923,39.62,9986,10014
40000,30,20082,6871,34.35,19918,20082
60000,30,29889,36055,180.27,30111,29889
80000,30,39811,34803,174.01,40189,39811
100000,30,49878,24401,122.0,50122,49878
2,31,1,1,0.01,1,1
3,31,1,2,0.01,2,1
100,31,53,61,0.31,47,53
200,31,115,81,0.41,85,115
2000,31,1006,659,3.29,994,1006
10000,31,5037,5109,25.54,4963,5037
20000,31,9975,5357,26.78,10025,9975
40000,31,19774,11283,56.42,20226,19774
60000,31,29926,27872,139.36,30074,29926
80000,31,39927,16638,83.19,40073,39927
100000,31,50132,40736,203.68,49868,50132
2,32,1,1,0.01,1,1
3,32,1,2,0.01,2,1
100,32,53,45,0.23,47,53
200,32,81,115,0.58,119,81
2000,32,1013,674,3.37,987,1013
10000,32,5013,4885,24.42,4987,5013
20000,32,10073,9118,45.59,9927,10073
40000,32,19880,15151,75.76,20120,19880
60000,32,29832,18236,91.18,30168,29832
80000,32,39878,17186,85.93,40122,39878
100000,32,49876,29847,149.23,50124,49876
2,33,2,1,0.01,0,2
3,33,0,1,0.01,3,0
100,33,58,54,0.27,42,58
200,33,97,86,0.43,103,97
2000,33,1048,1065,5.32,952,1048
10000,33,4975,3804,19.02,5025,4975
20000,33,9949,8885,44.43,10051,9949
40000,33,20089,19991,99.95,19911,20089
60000,33,30077,15200,76.0,29923,30077
80000,33,40044,21462,107.31,39956,40044
100000,33,49909,31473,157.36,50091,49909
2,34,2,1,0.01,0,2
3,34,1,1,0.01,2,1
100,34,56,52,0.26,44,56
200,34,88,87,0.44,112,88
2000,34,986,1385,6.92,1014,986
10000,34,4964,4692,23.46,5036,4964
20000,34,9956,7162,35.81,10044,9956
40000,34,19921,8781,43.91,20079,19921
60000,34,29720,25836,129.18,30280,29720
80000,34,39602,65008,325.04,40398,39602
100000,34,50035,26901,134.5,49965,50035
2,35,1,1,0.01,1,1
3,35,2,2,0.01,1,2
100,35,43,63,0.32,57,43
200,35,101,83,0.42,99,101
2000,35,984,800,4.0,1016,984
10000,35,5023,5010,25.05,4977,5023
20000,35,9941,10485,52.43,10059,9941
40000,35,19903,14993,74.97,20097,19903
60000,35,30012,25405,127.02,29988,30012
80000,35,39595,11036,55.18,40405,39595
100000,35,49913,28505,142.52,50087,49913
2,36,1,1,0.01,1,1
3,36,3,1,0.01,0,3
100,36,51,57,0.29,49,51
200,36,104,103,0.52,96,104
2000,36,987,828,4.14,1013,987
10000,36,5058,4191,20.96,4942,5058
20000,36,9947,14369,71.85,10053,9947
40000,36,19940,14327,71.64,20060,19940
60000,36,29846,27415,137.07,30154,29846
80000,36,39866,18754,93.77,40134,39866
100000,36,49999,36796,183.98,50001,49999
2,37,2,1,0.01,0,2
3,37,1,2,0.01,2,1
100,37,47,45,0.23,53,47
200,37,88,76,0.38,112,88
2000,37,956,1365,6.82,1044,956
10000,37,5019,5157,25.78,4981,5019
20000,37,9936,9310,46.55,10064,9936
40000,37,19786,22004,110.02,20214,19786
60000,37,29769,27969,139.84,30231,29769
80000,37,39905,34945,174.72,40095,39905
100000,37,49759,18340,91.7,50241,49759
2,38,0,1,0.01,2,0
3,38,1,2,0.01,2,1
100,38,52,49,0.25,48,52
200,38,101,112,0.56,99,101
2000,38,1020,1085,5.42,980,1020
10000,38,4962,5498,27.49,5038,4962
20000,38,9947,7855,39.28,10053,9947
40000,38,19942,12541,62.71,20058,19942
60000,38,29913,26180,130.9,30087,29913
80000,38,39677,18982,94.91,40323,39677
100000,38,49746,32198,160.99,50254,49746
2,39,1,1,0.01,1,1
3,39,2,1,0.01,1,2
100,39,53,43,0.22,47,53
200,39,97,106,0.53,103,97
2000,39,968,1245,6.22,1032,968
10000,39,4970,4220,21.1,5030,4970
20000,39,9969,10377,51.89,10031,9969
40000,39,19921,23662,118.31,20079,19921
60000,39,29999,26117,130.58,30001,29999
80000,39,39820,16683,83.41,40180,39820
100000,39,49822,42976,214.88,50178,49822
2,40,2,1,0.01,0,2
3,40,0,1,0.01,3,0
100,40,50,56,0.28,50,50
200,40,99,99,0.5,101,99
2000,40,995,948,4.74,1005,995
10000,40,4911,5087,25.43,5089,4911
20000,40,9995,4904,24.52,10005,9995
40000,40,19769,17199,85.99,20231,19769
60000,40,29914,23064,115.32,30086,29914
80000,40,39928,21898,109.49,40072,39928
100000,40,49705,33128,165.64,50295,49705
2,41,1,1,0.01,1,1
3,41,1,2,0.01,2,1
100,41,50,49,0.25,50,50
200,41,94,136,0.68,106,94
2000,41,1033,879,4.39,967,1033
10000,41,4988,5201,26.0,5012,4988
20000,41,10050,10081,50.41,9950,10050
40000,41,19926,10157,50.79,20074,19926
60000,41,30038,10555,52.78,29962,30038
80000,41,39660,22547,112.73,40340,39660
100000,41,49857,45638,228.19,50143,49857
2,42,1,1,0.01,1,1
3,42,2,2,0.01,1,2
100,42,57,54,0.27,43,57
200,42,113,107,0.54,87,113
2000,42,1028,1053,5.26,972,1028
10000,42,4921,3696,18.48,5079,4921
20000,42,9951,7084,35.42,10049,9951
40000,42,19808,13090,65.45,20192,19808
60000,42,30002,35133,175.66,29998,30002
80000,42,39924,40133,200.66,40076,39924
100000,42,49880,32055,160.27,50120,49880
2,43,2,1,0.01,0,2
3,43,0,1,0.01,3,0
100,43,58,51,0.26,42,58
200,43,91,109,0.55,109,91
2000,43,978,1145,5.72,1022,978
10000,43,5063,4942,24.71,4937,5063
20000,43,9979,3117,15.59,10021,9979
40000,43,19868,10378,51.89,20132,19868
60000,43,29795,16193,80.96,30205,29795
80000,43,39956,17720,88.6,40044,39956
100000,43,49980,23176,115.88,50020,49980
2,44,1,1,0.01,1,1
3,44,1,1,0.01,2,1
100,44,47,46,0.23,53,47
200,44,101,95,0.48,99,101
2000,44,962,1423,7.11,1038,962
10000,44,4925,5160,25.8,5075,4925
20000,44,9850,6379,31.89,10150,9850
40000,44,19945,13890,69.45,20055,19945
60000,44,29837,15086,75.43,30163,29837
80000,44,39799,27814,139.07,40201,39799
100000,44,49740,28093,140.46,50260,49740
2,45,2,1,0.01,0,2
3,45,2,2,0.01,1,2
100,45,47,48,0.24,53,47
200,45,90,79,0.4,110,90
2000,45,958,637,3.18,1042,958
10000,45,4993,4434,22.17,5007,4993
20000,45,9967,7243,36.22,10033,9967
40000,45,19791,19212,96.06,20209,19791
60000,45,29696,22979,114.89,30304,29696
80000,45,39924,30654,153.27,40076,39924
100000,45,49872,44807,224.03,50128,49872
2,46,1,1,0.01,1,1
3,46,1,2,0.01,2,1
100,46,54,45,0.23,46,54
200,46,86,100,0.5,114,86
2000,46,1034,824,4.12,966,1034
10000,46,5023,3919,19.6,4977,5023
20000,46,10030,5256,26.28,9970,10030
40000,46,20066,9066,45.33,19934,20066
60000,46,29808,21481,107.4,30192,29808
80000,46,39892,24441,122.2,40108,39892
100000,46,50027,24443,122.21,49973,50027
2,47,1,1,0.01,1,1
3,47,1,1,0.01,2,1
100,47,53,51,0.26,47,53
200,47,108,106,0.53,92,108
2000,47,986,1137,5.68,1014,986
10000,47,4899,4967,24.83,5101,4899
20000,47,9864,6830,34.15,10136,9864
40000,47,19917,15371,76.86,20083,19917
60000,47,29960,28226,141.13,30040,29960
80000,47,39877,25467,127.33,40123,39877
100000,47,49733,22281,111.4,50267,49733
2,48,2,1,0.01,0,2
3,48,1,2,0.01,2,1
100,48,54,53,0.27,46,54
200,48,95,97,0.49,105,95
2000,48,971,754,3.77,1029,971
10000,48,4933,6363,31.81,5067,4933
20000,48,9912,8219,41.1,10088,9912
40000,48,20056,14487,72.44,19944,20056
60000,48,29847,17895,89.47,30153,29847
80000,48,39693,18338,91.69,40307,39693
100000,48,49810,26244,131.22,50190,49810
2,49,0,1,0.01,2,0
3,49,0,1,0.01,3,0
100,49,51,48,0.24,49,51
200,49,87,90,0.45,113,87
2000,49,980,476,2.38,1020,980
10000,49,4954,3167,15.84,5046,4954
20000,49,9929,4935,24.67,10071,9929
40000,49,19947,9905,49.53,20053,19947
60000,49,29826,31913,159.56,30174,29826
80000,49,39834,17093,85.46,40166,39834
100000,49,49917,26357,131.78,50083,49917
2,50,1,1,0.01,1,1
3,50,3,1,0.01,0,3
100,50,48,53,0.27,52,48
200,50,100,87,0.44,100,100
2000,50,995,1067,5.33,1005,995
10000,50,4945,2032,10.16,5055,4945
20000,50,9869,17472,87.36,10131,9869
40000,50,20004,8541,42.71,19996,20004
60000,50,30046,13171,65.86,29954,30046
80000,50,40107,7362,36.81,39893,40107
100000,50,50043,35520,177.6,49957,50043
2,51,2,1,0.01,0,2
3,51,2,1,0.01,1,2
100,51,52,48,0.24,48,52
200,51,101,81,0.41,99,101
2000,51,993,685,3.42,1007,993
10000,51,4931,3591,17.96,5069,4931
20000,51,9933,11770,58.85,10067,9933
40000,51,19711,14229,71.15,20289,19711
60000,51,29921,23332,116.66,30079,29921
80000,51,39927,24679,123.39,40073,39927
100000,51,49929,23017,115.08,50071,49929
2,52,1,1,0.01,1,1
3,52,2,1,0.01,1,2
100,52,48,59,0.3,52,48
200,52,101,107,0.54,99,101
2000,52,988,1219,6.09,1012,988
10000,52,5023,1729,8.64,4977,5023
20000,52,9964,7252,36.26,10036,9964
40000,52,20128,20670,103.35,19872,20128
60000,52,29881,24659,123.29,30119,29881
80000,52,39680,49536,247.68,40320,39680
100000,52,49574,19292,96.46,50426,49574
2,53,1,1,0.01,1,1
3,53,1,1,0.01,2,1
100,53,38,61,0.31,62,38
200,53,104,114,0.57,96,104
2000,53,981,995,4.97,1019,981
10000,53,4979,3736,18.68,5021,4979
20000,53,9947,5702,28.51,10053,9947
40000,53,19922,5748,28.74,20078,19922
60000,53,29739,24967,124.83,30261,29739
80000,53,39485,54800,274.0,40515,39485
100000,53,49732,44834,224.17,50268,49732
2,54,1,1,0.01,1,1
3,54,0,1,0.01,3,0
100,54,48,53,0.27,52,48
200,54,86,106,0.53,114,86
2000,54,950,1180,5.9,1050,950
10000,54,4942,4179,20.9,5058,4942
20000,54,9914,10533,52.67,10086,9914
40000,54,19913,23072,115.36,20087,19913
60000,54,29958,14446,72.23,30042,29958
80000,54,39872,40874,204.37,40128,39872
100000,54,49742,21150,105.75,50258,49742
2,55,1,1,0.01,1,1
3,55,2,1,0.01,1,2
100,55,55,54,0.27,45,55
200,55,106,96,0.48,94,106
2000,55,1000,862,4.31,1000,1000
10000,55,4932,3923,19.62,5068,4932
20000,55,9964,8816,44.08,10036,9964
40000,55,19849,16912,84.56,20151,19849
60000,55,30144,18205,91.02,29856,30144
80000,55,39912,24676,123.38,40088,39912
100000,55,49699,53102,265.51,50301,49699
2,56,1,1,0.01,1,1
3,56,3,1,0.01,0,3
100,56,44,46,0.23,56,44
200,56,97,89,0.45,103,97
2000,56,982,1042,5.21,1018,982
10000,56,4978,5493,27.46,5022,4978
20000,56,9964,5643,28.21,10036,9964
40000,56,20116,16354,81.77,19884,20116
60000,56,30076,17150,85.75,29924,30076
80000,56,39785,22337,111.68,40215,39785
100000,56,49765,21594,107.97,50235,49765
2,57,2,1,0.01,0,2
3,57,1,1,0.01,2,1
100,57,37,53,0.27,63,37
200,57,112,93,0.47,88,112
2000,57,1012,933,4.66,988,1012
10000,57,4934,4286,21.43,5066,4934
20000,57,10038,9967,49.84,9962,10038
40000,57,19973,13790,68.95,20027,19973
60000,57,29717,43073,215.36,30283,29717
80000,57,39812,13811,69.06,40188,39812
100000,57,49902,42287,211.43,50098,49902
2,58,1,1,0.01,1,1
3,58,2,2,0.01,1,2
100,58,50,54,0.27,50,50
200,58,89,121,0.61,111,89
2000,58,1004,961,4.8,996,1004
10000,58,4887,3903,19.52,5113,4887
20000,58,9960,7734,38.67,10040,9960
40000,58,19958,19306,96.53,20042,19958
60000,58,29742,17052,85.26,30258,29742
80000,58,39776,29674,148.37,40224,39776
100000,58,49855,47728,238.64,50145,49855
2,59,0,1,0.01,2,0
3,59,1,1,0.01,2,1
100,59,53,44,0.22,47,53
200,59,99,123,0.62,101,99
2000,59,996,705,3.52,1004,996
10000,59,4922,5158,25.79,5078,4922
20000,59,10015,10031,50.16,9985,10015
40000,59,20026,11711,58.56,19974,20026
60000,59,29872,21585,107.92,30128,29872
80000,59,39726,25230,126.15,40274,39726
100000,59,49770,34956,174.78,50230,49770
2,60,2,1,0.01,0,2
3,60,1,1,0.01,2,1
100,60,50,42,0.21,50,50
200,60,111,114,0.57,89,111
2000,60,1017,1275,6.37,983,1017
10000,60,4922,5204,26.02,5078,4922
20000,60,10057,2978,14.89,9943,10057
40000,60,20003,18824,94.12,19997,20003
60000,60,29763,19160,95.8,30237,29763
80000,60,39883,25396,126.98,40117,39883
100000,60,49991,5492,27.46,50009,49991
2,61,1,1,0.01,1,1
3,61,2,1,0.01,1,2
100,61,55,46,0.23,45,55
200,61,96,125,0.63,104,96
2000,61,984,1001,5.0,1016,984
10000,61,5052,3872,19.36,4948,5052
20000,61,10104,4259,21.3,9896,10104
40000,61,19909,10593,52.97,20091,19909
60000,61,29805,20402,102.01,30195,29805
80000,61,40011,17149,85.74,39989,40011
100000,61,50036,19975,99.87,49964,50036
2,62,1,1,0.01,1,1
3,62,2,1,0.01,1,2
100,62,52,48,0.24,48,52
200,62,92,79,0.4,108,92
2000,62,981,1299,6.49,1019,981
10000,62,4946,6681,33.4,5054,4946
20000,62,10023,5701,28.5,9977,10023
40000,62,19932,20884,104.42,20068,19932
60000,62,30018,24001,120.0,29982,30018
80000,62,40071,16544,82.72,39929,40071
100000,62,49862,26212,131.06,50138,49862
2,63,2,1,0.01,0,2
3,63,3,1,0.01,0,3
100,63,52,53,0.27,48,52
200,63,101,63,0.32,99,101
2000,63,1002,1017,5.08,998,1002
10000,63,5012,5670,28.35,4988,5012
20000,63,9931,6848,34.24,10069,9931
40000,63,19992,9866,49.33,20008,19992
60000,63,29866,18057,90.28,30134,29866
80000,63,39973,26371,131.85,40027,39973
100000,63,49848,35028,175.14,50152,49848
2,64,1,1,0.01,1,1
3,64,0,1,0.01,3,0
100,64,55,45,0.23,45,55
200,64,105,103,0.52,95,105
2000,64,1002,932,4.66,998,1002
10000,64,4994,5748,28.74,5006,4994
20000,64,9853,12309,61.55,10147,9853
40000,64,19772,11293,56.47,20228,19772
60000,64,29938,11375,56.88,30062,29938
80000,64,39751,24474,122.37,40249,39751
100000,64,49713,47569,237.84,50287,49713
2,65,2,1,0.01,0,2
3,65,1,1,0.01,2,1
100,65,47,49,0.25,53,47
200,65,106,82,0.41,94,106
2000,65,986,594,2.97,1014,986
10000,65,4952,5184,25.92,5048,4952
20000,65,9851,14429,72.15,10149,9851
40000,65,19709,15533,77.67,20291,19709
60000,65,30080,19189,95.94,29920,30080
80000,65,39889,28262,141.31,40111,39889
100000,65,49996,26879,134.39,50004,49996
2,66,2,1,0.01,0,2
3,66,2,2,0.01,1,2
100,66,50,57,0.29,50,50
200,66,89,89,0.45,111,89
2000,66,1035,1158,5.79,965,1035
10000,66,4932,4264,21.32,5068,4932
20000,66,9951,6287,31.43,10049,9951
40000,66,19945,17857,89.28,20055,19945
60000,66,29760,13215,66.08,30240,29760
80000,66,40015,18521,92.6,39985,40015
100000,66,49555,14794,73.97,50445,49555
2,67,1,1,0.01,1,1
3,67,2,2,0.01,1,2
100,67,45,47,0.24,55,45
200,67,91,82,0.41,109,91
2000,67,1004,553,2.76,996,1004
10000,67,5027,2378,11.89,4973,5027
20000,67,9968,3721,18.61,10032,9968
40000,67,19921,10333,51.67,20079,19921
60000,67,29772,23829,119.14,30228,29772
80000,67,40151,24194,120.97,39849,40151
100000,67,49709,44965,224.82,50291,49709
2,68,1,1,0.01,1,1
3,68,1,1,0.01,2,1
100,68,54,49,0.25,46,54
200,68,90,85,0.43,110,90
2000,68,1065,683,3.41,935,1065
10000,68,4934,4390,21.95,5066,4934
20000,68,9909,10276,51.38,10091,9909
40000,68,19958,14099,70.5,20042,19958
60000,68,30108,16187,80.93,29892,30108
80000,68,39965,24101,120.5,40035,39965
100000,68,49936,23789,118.94,50064,49936
2,69,2,1,0.01,0,2
3,69,1,1,0.01,2,1
100,69,49,56,0.28,51,49
200,69,114,112,0.56,86,114
2000,69,973,604,3.02,1027,973
10000,69,4931,3798,18.99,5069,4931
20000,69,9921,15468,77.34,10079,9921
40000,69,19809,17385,86.92,20191,19809
60000,69,29848,27956,139.78,30152,29848
80000,69,39887,8342,41.71,40113,39887
100000,69,49695,19198,95.99,50305,49695
2,70,0,1,0.01,2,0
3,70,1,1,0.01,2,1
100,70,60,46,0.23,40,60
200,70,105,76,0.38,95,105
2000,70,1033,761,3.8,967,1033
10000,70,4964,5967,29.83,5036,4964
20000,70,9905,8711,43.56,10095,9905
40000,70,19786,13466,67.33,20214,19786
60000,70,29864,14409,72.05,30136,29864
80000,70,39873,21550,107.75,40127,39873
100000,70,49726,24089,120.44,50274,49726
2,71,1,1,0.01,1,1
3,71,1,1,0.01,2,1
100,71,54,49,0.25,46,54
200,71,110,95,0.48,90,110
2000,71,1011,704,3.52,989,1011
10000,71,4910,5541,27.7,5090,4910
20000,71,9997,13388,66.94,10003,9997
40000,71,19999,7384,36.92,20001,19999
60000,71,29924,23093,115.46,30076,29924
80000,71,39866,11784,58.92,40134,39866
100000,71,49904,30937,154.68,50096,49904
2,72,2,1,0.01,0,2
3,72,2,2,0.01,1,2
100,72,50,56,0.28,50,50
200,72,96,74,0.37,104,96
2000,72,1002,885,4.42,998,1002
10000,72,5042,4464,22.32,4958,5042
20000,72,9951,4134,20.67,10049,9951
40000,72,19903,20726,103.63,20097,19903
60000,72,29951,27420,137.1,30049,29951
80000,72,39935,26069,130.34,40065,39935
100000,72,49907,21765,108.82,50093,49907
2,73,0,1,0.01,2,0
3,73,3,1,0.01,0,3
100,73,51,43,0.22,49,51
200,73,91,108,0.54,109,91
2000,73,954,1009,5.04,1046,954
10000,73,5028,5487,27.43,4972,5028
20000,73,10071,11535,57.68,9929,10071
40000,73,19827,14055,70.28,20173,19827
60000,73,29851,21945,109.72,30149,29851
80000,73,39987,28401,142.0,40013,39987
100000,73,49700,27574,137.87,50300,49700
2,74,1,1,0.01,1,1
3,74,1,1,0.01,2,1
100,74,45,55,0.28,55,45
200,74,102,91,0.46,98,102
2000,74,995,794,3.97,1005,995
10000,74,4888,5203,26.01,5112,4888
20000,74,9908,8874,44.37,10092,9908
40000,74,19913,14174,70.87,20087,19913
60000,74,29937,21891,109.45,30063,29937
80000,74,40089,28903,144.51,39911,40089
100000,74,49885,42082,210.41,50115,49885
2,75,2,1,0.01,0,2
3,75,3,1,0.01,0,3
100,75,52,37,0.19,48,52
200,75,91,118,0.59,109,91
2000,75,977,813,4.06,1023,977
10000,75,4864,4259,21.3,5136,4864
20000,75,9923,9144,45.72,10077,9923
40000,75,19974,13701,68.51,20026,19974
60000,75,30029,23760,118.8,29971,30029
80000,75,40045,26631,133.15,39955,40045
100000,75,49952,27884,139.42,50048,49952
2,76,1,1,0.01,1,1
3,76,1,2,0.01,2,1
100,76,58,53,0.27,42,58
200,76,102,101,0.51,98,102
2000,76,965,953,4.76,1035,965
10000,76,4917,3164,15.82,5083,4917
20000,76,9960,8596,42.98,10040,9960
40000,76,19835,15589,77.95,20165,19835
60000,76,29861,12099,60.5,30139,29861
80000,76,39672,41347,206.73,40328,39672
100000,76,49366,35196,175.98,50634,49366
2,77,0,1,0.01,2,0
3,77,2,1,0.01,1,2
100,77,46,42,0.21,54,46
200,77,91,85,0.43,109,91
2000,77,991,832,4.16,1009,991
10000,77,5038,5333,26.66,4962,5038
20000,77,10028,6115,30.57,9972,10028
40000,77,20144,19930,99.65,19856,20144
60000,77,29600,28833,144.16,30400,29600
80000,77,39719,25129,125.64,40281,39719
100000,77,50086,29825,149.12,49914,50086
2,78,0,1,0.01,2,0
3,78,2,2,0.01,1,2
100,78,51,45,0.23,49,51
200,78,97,67,0.34,103,97
2000,78,976,778,3.89,1024,976
10000,78,5013,3308,16.54,4987,5013
20000,78,10026,7372,36.86,9974,10026
40000,78,19855,13691,68.46,20145,19855
60000,78,29897,17286,86.43,30103,29897
80000,78,39893,30466,152.33,40107,39893
100000,78,49703,28043,140.21,50297,49703
2,79,0,1,0.01,2,0
3,79,1,1,0.01,2,1
100,79,53,50,0.25,47,53
200,79,97,90,0.45,103,97
2000,79,997,829,4.14,1003,997
10000,79,5002,3761,18.81,4998,5002
20000,79,9951,9146,45.73,10049,9951
40000,79,20071,14002,70.01,19929,20071
60000,79,29834,25974,129.87,30166,29834
80000,79,40082,24451,122.25,39918,40082
100000,79,49916,25039,125.19,50084,49916
2,80,1,1,0.01,1,1
3,80,1,1,0.01,2,1
100,80,42,33,0.17,58,42
200,80,113,129,0.65,87,113
2000,80,995,998,4.99,1005,995
10000,80,4972,3085,15.43,5028,4972
20000,80,9970,4463,22.31,10030,9970
40000,80,19923,13493,67.47,20077,19923
60000,80,30034,20956,104.78,29966,30034
80000,80,39711,23696,118.48,40289,39711
100000,80,49779,42531,212.65,50221,49779
2,81,1,1,0.01,1,1
3,81,1,1,0.01,2,1
100,81,49,36,0.18,51,49
200,81,104,88,0.44,96,104
2000,81,943,1304,6.52,1057,943
10000,81,5023,5069,25.34,4977,5023
20000,81,10047,12705,63.53,9953,10047
40000,81,19876,15013,75.07,20124,19876
60000,81,29905,22697,113.48,30095,29905
80000,81,39658,33375,166.87,40342,39658
100000,81,49616,46221,231.1,50384,49616
2,82,2,1,0.01,0,2
3,82,1,2,0.01,2,1
100,82,41,50,0.25,59,41
200,82,100,120,0.6,100,100
2000,82,998,1033,5.16,1002,998
10000,82,5028,4947,24.73,4972,5028
20000,82,9861,8122,40.61,10139,9861
40000,82,19892,33389,166.94,20108,19892
60000,82,29938,20136,100.68,30062,29938
80000,82,39582,28847,144.23,40418,39582
100000,82,49774,21238,106.19,50226,49774
2,83,0,1,0.01,2,0
3,83,2,1,0.01,1,2
100,83,51,61,0.31,49,51
200,83,92,80,0.4,108,92
2000,83,971,733,3.66,1029,971
10000,83,4989,3941,19.71,5011,4989
20000,83,9968,8411,42.06,10032,9968
40000,83,20091,10903,54.52,19909,20091
60000,83,29753,30701,153.5,30247,29753
80000,83,40021,25072,125.36,39979,40021
100000,83,49901,41072,205.36,50099,49901
2,84,2,1,0.01,0,2
3,84,1,2,0.01,2,1
100,84,57,51,0.26,43,57
200,84,102,87,0.44,98,102
2000,84,987,842,4.21,1013,987
10000,84,4918,5340,26.7,5082,4918
20000,84,10014,5185,25.92,9986,10014
40000,84,19757,19206,96.03,20243,19757
60000,84,29711,18930,94.65,30289,29711
80000,84,39952,35750,178.75,40048,39952
100000,84,49944,26966,134.83,50056,49944
2,85,2,1,0.01,0,2
3,85,0,1,0.01,3,0
100,85,52,36,0.18,48,52
200,85,100,77,0.39,100,100
2000,85,969,1081,5.4,1031,969
10000,85,5004,4384,21.92,4996,5004
20000,85,10063,10382,51.91,9937,10063
40000,85,20033,15879,79.4,19967,20033
60000,85,29914,18233,91.16,30086,29914
80000,85,39756,37384,186.92,40244,39756
100000,85,50103,32934,164.67,49897,50103
2,86,2,1,0.01,0,2
3,86,2,1,0.01,1,2
100,86,45,52,0.26,55,45
200,86,100,112,0.56,100,100
2000,86,1001,665,3.32,999,1001
10000,86,5043,2854,14.27,4957,5043
20000,86,9943,12947,64.74,10057,9943
40000,86,20154,18297,91.48,19846,20154
60000,86,29813,23161,115.8,30187,29813
80000,86,39944,21289,106.44,40056,39944
100000,86,49877,29174,145.87,50123,49877
2,87,2,1,0.01,0,2
3,87,1,2,0.01,2,1
100,87,44,60,0.3,56,44
200,87,90,116,0.58,110,90
2000,87,1032,625,3.12,968,1032
10000,87,4988,4761,23.8,5012,4988
20000,87,9902,7009,35.04,10098,9902
40000,87,20012,11177,55.89,19988,20012
60000,87,29734,17348,86.74,30266,29734
80000,87,39587,28116,140.58,40413,39587
100000,87,49972,25601,128.0,50028,49972
2,88,1,1,0.01,1,1
3,88,1,1,0.01,2,1
100,88,45,55,0.28,55,45
200,88,94,92,0.46,106,94
2000,88,977,1189,5.94,1023,977
10000,88,4958,3553,17.77,5042,4958
20000,88,10107,8958,44.79,9893,10107
40000,88,19798,21569,107.84,20202,19798
60000,88,29976,27724,138.62,30024,29976
80000,88,39514,45087,225.43,40486,39514
100000,88,50131,20232,101.16,49869,50131
2,89,1,1,0.01,1,1
3,89,2,2,0.01,1,2
100,89,51,38,0.19,49,51
200,89,99,114,0.57,101,99
2000,89,983,555,2.77,1017,983
10000,89,5055,4232,21.16,4945,5055
20000,89,10023,6810,34.05,9977,10023
40000,89,20034,13452,67.26,19966,20034
60000,89,29821,24095,120.47,30179,29821
80000,89,40154,17760,88.8,39846,40154
100000,89,49589,34946,174.73,50411,49589
2,90,2,1,0.01,0,2
3,90,1,1,0.01,2,1
100,90,54,49,0.25,46,54
200,90,100,89,0.45,100,100
2000,90,956,1162,5.81,1044,956
10000,90,4888,2740,13.7,5112,4888
20000,90,9833,6072,30.36,10167,9833
40000,90,19924,11370,56.85,20076,19924
60000,90,29756,19672,98.36,30244,29756
80000,90,39906,24818,124.09,40094,39906
100000,90,49610,27100,135.5,50390,49610
2,91,1,1,0.01,1,1
3,91,2,1,0.01,1,2
100,91,52,54,0.27,48,52
200,91,103,91,0.46,97,103
2000,91,1018,1224,6.12,982,1018
10000,91,4921,7092,35.46,5079,4921
20000,91,10083,9195,45.98,9917,10083
40000,91,20166,6174,30.87,19834,20166
60000,91,29944,23610,118.05,30056,29944
80000,91,40158,29979,149.89,39842,40158
100000,91,49966,28088,140.44,50034,49966
2,92,1,1,0.01,1,1
3,92,2,1,0.01,1,2
100,92,51,35,0.18,49,51
200,92,87,108,0.54,113,87
2000,92,1010,1242,6.21,990,1010
10000,92,4900,5215,26.07,5100,4900
20000,92,10101,2274,11.37,9899,10101
40000,92,19921,8786,43.93,20079,19921
60000,92,29950,24521,122.6,30050,29950
80000,92,39866,25500,127.5,40134,39866
100000,92,50032,28813,144.06,49968,50032
2,93,1,1,0.01,1,1
3,93,1,1,0.01,2,1
100,93,47,52,0.26,53,47
200,93,109,77,0.39,91,109
2000,93,995,964,4.82,1005,995
10000,93,5013,4124,20.62,4987,5013
20000,93,9921,13098,65.49,10079,9921
40000,93,19831,7845,39.23,20169,19831
60000,93,29794,15887,79.44,30206,29794
80000,93,39924,31571,157.85,40076,39924
100000,93,49653,39695,198.47,50347,49653
2,94,1,1,0.01,1,1
3,94,1,2,0.01,2,1
100,94,42,47,0.24,58,42
200,94,92,112,0.56,108,92
2000,94,1005,1404,7.02,995,1005
10000,94,4956,3878,19.39,5044,4956
20000,94,10071,10494,52.47,9929,10071
40000,94,19891,8030,40.15,20109,19891
60000,94,29982,19836,99.18,30018,29982
80000,94,39760,26667,133.33,40240,39760
100000,94,49805,33431,167.15,50195,49805
2,95,1,1,0.01,1,1
3,95,1,1,0.01,2,1
100,95,48,53,0.27,52,48
200,95,101,111,0.56,99,101
2000,95,994,1255,6.27,1006,994
10000,95,5057,4375,21.87,4943,5057
20000,95,9948,11598,57.99,10052,9948
40000,95,19652,22273,111.36,20348,19652
60000,95,29555,23310,116.55,30445,29555
80000,95,39561,42058,210.29,40439,39561
100000,95,50090,25226,126.13,49910,50090
2,96,1,1,0.01,1,1
3,96,3,1,0.01,0,3
100,96,49,51,0.26,51,49
200,96,111,91,0.46,89,111
2000,96,963,1305,6.52,1037,963
10000,96,4925,4186,20.93,5075,4925
20000,96,9851,9329,46.65,10149,9851
40000,96,19818,24794,123.97,20182,19818
60000,96,29836,13258,66.29,30164,29836
80000,96,39916,36265,181.32,40084,39916
100000,96,49929,41414,207.07,50071,49929
2,97,2,1,0.01,0,2
3,97,1,2,0.01,2,1
100,97,52,38,0.19,48,52
200,97,98,107,0.54,102,98
2000,97,962,1094,5.47,1038,962
10000,97,5005,5280,26.4,4995,5005
20000,97,9864,9621,48.11,10136,9864
40000,97,19904,10041,50.21,20096,19904
60000,97,29832,23976,119.88,30168,29832
80000,97,39974,23276,116.38,40026,39974
100000,97,50066,29653,148.26,49934,50066
2,98,1,1,0.01,1,1
3,98,1,1,0.01,2,1
100,98,50,52,0.26,50,50
200,98,97,114,0.57,103,97
2000,98,951,568,2.84,1049,951
10000,98,4956,5509,27.54,5044,4956
20000,98,10073,10329,51.65,9927,10073
40000,98,19961,19231,96.15,20039,19961
60000,98,29778,15427,77.14,30222,29778
80000,98,39998,15365,76.83,40002,39998
100000,98,49541,30551,152.75,50459,49541
2,99,2,1,0.01,0,2
3,99,1,1,0.01,2,1
100,99,54,61,0.31,46,54
200,99,93,96,0.48,107,93
2000,99,985,918,4.59,1015,985
10000,99,4869,4014,20.07,5131,4869
20000,99,9983,10162,50.81,10017,9983
40000,99,19915,21639,108.19,20085,19915
60000,99,30016,19708,98.54,29984,30016
80000,99,39821,39107,195.53,40179,39821
100000,99,49795,49864,249.32,50205,49795
2,100,2,1,0.01,0,2
3,100,2,1,0.01,1,2
100,100,57,48,0.24,43,57
200,100,107,78,0.39,93,107
2000,100,1016,1324,6.62,984,1016
10000,100,4940,3471,17.36,5060,4940
20000,100,10074,11083,55.42,9926,10074
40000,100,19871,9710,48.55,20129,19871
60000,100,30016,16502,82.51,29984,30016
80000,100,39846,40677,203.38,40154,39846
100000,100,49694,56027,280.13,50306,49694
