Timestep,Iteration,Total Reward,Suboptimal Arms Count,Total Regret,Zeros Count,Ones Count
2,1,2,1,0.01,0,2
3,1,3,1,0.01,0,3
100,1,92,50,0.25,8,92
200,1,176,85,0.43,24,176
2000,1,1790,778,3.89,210,1790
10000,1,8982,2832,14.16,1018,8982
20000,1,17954,8652,43.26,2046,17954
40000,1,35949,10747,53.74,4051,35949
60000,1,53889,19857,99.28,6111,53889
80000,1,71932,26674,133.37,8068,71932
100000,1,89936,26471,132.35,10064,89936
2,2,0,1,0.01,2,0
3,2,3,1,0.01,0,3
100,2,86,50,0.25,14,86
200,2,185,107,0.54,15,185
2000,2,1808,993,4.96,192,1808
10000,2,8930,4519,22.59,1070,8930
20000,2,17909,6780,33.9,2091,17909
40000,2,35942,20590,102.95,4058,35942
60000,2,53922,17624,88.12,6078,53922
80000,2,71876,12103,60.52,8124,71876
100000,2,89796,39517,197.58,10204,89796
2,3,1,1,0.01,1,1
3,3,3,1,0.01,0,3
100,3,94,51,0.26,6,94
200,3,178,92,0.46,22,178
2000,3,1815,954,4.77,185,1815
10000,3,8979,5536,27.68,1021,8979
20000,3,18000,6255,31.27,2000,18000
40000,3,35845,15634,78.17,4155,35845
60000,3,53985,28564,142.82,6015,53985
80000,3,71952,23796,118.98,8048,71952
100000,3,90018,30448,152.24,9982,90018
2,4,2,1,0.01,0,2
3,4,2,2,0.01,1,2
100,4,96,50,0.25,4,96
200,4,180,104,0.52,20,180
2000,4,1812,943,4.71,188,1812
10000,4,9014,3440,17.2,986,9014
20000,4,17925,7929,39.65,2075,17925
40000,4,35959,11083,55.42,4041,35959
60000,4,53932,20566,102.83,6068,53932
80000,4,71873,16166,80.83,8127,71873
100000,4,89798,22790,113.95,10202,89798
2,5,2,1,0.01,0,2
3,5,2,2,0.01,1,2
100,5,91,52,0.26,9,91
200,5,186,95,0.48,14,186
2000,5,1773,879,4.39,227,1773
10000,5,8988,4392,21.96,1012,8988
20000,5,17979,10775,53.88,2021,17979
40000,5,35923,12042,60.21,4077,35923
60000,5,53934,17485,87.42,6066,53934
80000,5,71913,18531,92.65,8087,71913
100000,5,89654,23736,118.68,10346,89654
2,6,2,1,0.01,0,2
3,6,2,2,0.01,1,2
100,6,88,48,0.24,12,88
200,6,179,89,0.45,21,179
2000,6,1801,884,4.42,199,1801
10000,6,8979,3190,15.95,1021,8979
20000,6,17946,8124,40.62,2054,17946
40000,6,35863,14802,74.01,4137,35863
60000,6,53865,19085,95.42,6135,53865
80000,6,71775,26020,130.1,8225,71775
100000,6,89736,31303,156.51,10264,89736
2,7,2,1,0.01,0,2
3,7,3,1,0.01,0,3
100,7,92,49,0.25,8,92
200,7,186,95,0.48,14,186
2000,7,1795,984,4.92,205,1795
10000,7,9013,5089,25.44,987,9013
20000,7,18012,6472,32.36,1988,18012
40000,7,35989,13115,65.58,4011,35989
60000,7,53857,25396,126.98,6143,53857
80000,7,72010,22617,113.08,7990,72010
100000,7,89904,18895,94.47,10096,89904
2,8,2,1,0.01,0,2
3,8,3,1,0.01,0,3
100,8,93,49,0.25,7,93
200,8,180,93,0.47,20,180
2000,8,1805,954,4.77,195,1805
10000,8,8992,5652,28.26,1008,8992
20000,8,17983,8822,44.11,2017,17983
40000,8,35878,12123,60.62,4122,35878
60000,8,53870,20244,101.22,6130,53870
80000,8,71807,23337,116.68,8193,71807
100000,8,89826,18473,92.36,10174,89826
2,9,2,1,0.01,0,2
3,9,3,1,0.01,0,3
100,9,90,51,0.26,10,90
200,9,175,107,0.54,25,175
2000,9,1807,1396,6.98,193,1807
10000,9,8981,4753,23.76,1019,8981
20000,9,17954,7213,36.06,2046,17954
40000,9,35886,9933,49.67,4114,35886
60000,9,53891,17378,86.89,6109,53891
80000,9,71907,18555,92.77,8093,71907
100000,9,89769,35394,176.97,10231,89769
2,10,2,1,0.01,0,2
3,10,3,1,0.01,0,3
100,10,95,50,0.25,5,95
200,10,175,102,0.51,25,175
2000,10,1798,909,4.54,202,1798
10000,10,8995,4247,21.24,1005,8995
20000,10,17953,10318,51.59,2047,17953
40000,10,35832,16899,84.49,4168,35832
60000,10,53978,20284,101.42,6022,53978
80000,10,71776,26194,130.97,8224,71776
100000,10,89844,32529,162.64,10156,89844
2,11,1,1,0.01,1,1
3,11,3,1,0.01,0,3
100,11,91,49,0.25,9,91
200,11,180,90,0.45,20,180
2000,11,1783,1114,5.57,217,1783
10000,11,8981,3993,19.97,1019,8981
20000,11,17932,7094,35.47,2068,17932
40000,11,35879,17233,86.16,4121,35879
60000,11,54066,15897,79.49,5934,54066
80000,11,71879,18449,92.24,8121,71879
100000,11,89876,25472,127.36,10124,89876
2,12,2,1,0.01,0,2
3,12,3,1,0.01,0,3
100,12,93,49,0.25,7,93
200,12,177,89,0.45,23,177
2000,12,1766,1132,5.66,234,1766
10000,12,8979,3809,19.05,1021,8979
20000,12,17932,8140,40.7,2068,17932
40000,12,35910,15452,77.26,4090,35910
60000,12,53940,15726,78.63,6060,53940
80000,12,72009,21918,109.59,7991,72009
100000,12,89975,32334,161.67,10025,89975
2,13,2,1,0.01,0,2
3,13,3,1,0.01,0,3
100,13,88,51,0.26,12,88
200,13,176,108,0.54,24,176
2000,13,1813,916,4.58,187,1813
10000,13,8978,3989,19.95,1022,8978
20000,13,17902,6237,31.18,2098,17902
40000,13,35864,14591,72.96,4136,35864
60000,13,53946,17445,87.22,6054,53946
80000,13,71795,27001,135.0,8205,71795
100000,13,89975,20020,100.1,10025,89975
2,14,2,1,0.01,0,2
3,14,3,1,0.01,0,3
100,14,92,49,0.25,8,92
200,14,182,103,0.52,18,182
2000,14,1794,1040,5.2,206,1794
10000,14,8959,4266,21.33,1041,8959
20000,14,17899,10127,50.64,2101,17899
40000,14,35904,11875,59.38,4096,35904
60000,14,53952,12232,61.16,6048,53952
80000,14,71799,28816,144.08,8201,71799
100000,14,89700,30615,153.07,10300,89700
2,15,2,1,0.01,0,2
3,15,2,2,0.01,1,2
100,15,88,52,0.26,12,88
200,15,179,103,0.52,21,179
2000,15,1792,1123,5.61,208,1792
10000,15,8990,3465,17.33,1010,8990
20000,15,17940,7966,39.83,2060,17940
40000,15,35913,11275,56.38,4087,35913
60000,15,53876,8591,42.96,6124,53876
80000,15,72097,18598,92.99,7903,72097
100000,15,90103,18275,91.37,9897,90103
2,16,1,1,0.01,1,1
3,16,2,2,0.01,1,2
100,16,86,52,0.26,14,86
200,16,169,103,0.52,31,169
2000,16,1771,911,4.55,229,1771
10000,16,8981,4280,21.4,1019,8981
20000,16,17975,6622,33.11,2025,17975
40000,16,35944,13023,65.12,4056,35944
60000,16,53874,19195,95.97,6126,53874
80000,16,71864,30938,154.69,8136,71864
100000,16,90025,17263,86.31,9975,90025
2,17,2,1,0.01,0,2
3,17,3,1,0.01,0,3
100,17,89,51,0.26,11,89
200,17,183,98,0.49,17,183
2000,17,1799,894,4.47,201,1799
10000,17,8959,1623,8.11,1041,8959
20000,17,17962,5651,28.25,2038,17962
40000,17,35964,14758,73.79,4036,35964
60000,17,53958,20168,100.84,6042,53958
80000,17,71821,19968,99.84,8179,71821
100000,17,89881,28959,144.79,10119,89881
2,18,2,1,0.01,0,2
3,18,3,1,0.01,0,3
100,18,94,51,0.26,6,94
200,18,184,91,0.46,16,184
2000,18,1806,921,4.6,194,1806
10000,18,8958,4026,20.13,1042,8958
20000,18,18007,8623,43.12,1993,18007
40000,18,35936,10202,51.01,4064,35936
60000,18,54031,12783,63.92,5969,54031
80000,18,71923,21867,109.33,8077,71923
100000,18,89740,24566,122.83,10260,89740
2,19,1,1,0.01,1,1
3,19,2,1,0.01,1,2
100,19,94,49,0.25,6,94
200,19,179,106,0.53,21,179
2000,19,1804,937,4.68,196,1804
10000,19,8974,3691,18.46,1026,8974
20000,19,17929,6510,32.55,2071,17929
40000,19,35830,10670,53.35,4170,35830
60000,19,53941,23922,119.61,6059,53941
80000,19,71846,15592,77.96,8154,71846
100000,19,90000,24433,122.16,10000,90000
2,20,1,1,0.01,1,1
3,20,3,1,0.01,0,3
100,20,88,50,0.25,12,88
200,20,180,95,0.48,20,180
2000,20,1789,847,4.23,211,1789
10000,20,8999,5067,25.33,1001,8999
20000,20,17922,11338,56.69,2078,17922
40000,20,35978,11016,55.08,4022,35978
60000,20,53917,15130,75.65,6083,53917
80000,20,71799,14858,74.29,8201,71799
100000,20,89817,27808,139.04,10183,89817
2,21,2,1,0.01,0,2
3,21,3,1,0.01,0,3
100,21,89,52,0.26,11,89
200,21,182,97,0.49,18,182
2000,21,1804,1049,5.24,196,1804
10000,21,8957,5563,27.81,1043,8957
20000,21,18035,6330,31.65,1965,18035
40000,21,35890,14031,70.16,4110,35890
60000,21,53929,22687,113.43,6071,53929
80000,21,71926,32042,160.21,8074,71926
100000,21,89847,38508,192.54,10153,89847
2,22,2,1,0.01,0,2
3,22,2,1,0.01,1,2
100,22,90,51,0.26,10,90
200,22,185,96,0.48,15,185
2000,22,1795,694,3.47,205,1795
10000,22,8984,3081,15.41,1016,8984
20000,22,17908,4817,24.08,2092,17908
40000,22,35905,11482,57.41,4095,35905
60000,22,53917,23001,115.0,6083,53917
80000,22,71911,23067,115.33,8089,71911
100000,22,89925,29095,145.47,10075,89925
2,23,2,1,0.01,0,2
3,23,3,1,0.01,0,3
100,23,90,50,0.25,10,90
200,23,183,105,0.53,17,183
2000,23,1791,1040,5.2,209,1791
10000,23,8943,4701,23.5,1057,8943
20000,23,17946,7606,38.03,2054,17946
40000,23,35964,14063,70.32,4036,35964
60000,23,54030,5261,26.3,5970,54030
80000,23,72066,16968,84.84,7934,72066
100000,23,90029,20961,104.8,9971,90029
2,24,2,1,0.01,0,2
3,24,2,1,0.01,1,2
100,24,89,48,0.24,11,89
200,24,169,91,0.46,31,169
2000,24,1797,946,4.73,203,1797
10000,24,8949,5649,28.24,1051,8949
20000,24,17958,8630,43.15,2042,17958
40000,24,35939,17643,88.21,4061,35939
60000,24,53945,21128,105.64,6055,53945
80000,24,71979,15256,76.28,8021,71979
100000,24,89914,39110,195.55,10086,89914
2,25,2,1,0.01,0,2
3,25,3,1,0.01,0,3
100,25,89,52,0.26,11,89
200,25,187,96,0.48,13,187
2000,25,1805,977,4.88,195,1805
10000,25,8992,3869,19.35,1008,8992
20000,25,17959,9687,48.44,2041,17959
40000,25,35889,14660,73.3,4111,35889
60000,25,53936,13517,67.59,6064,53936
80000,25,71994,23397,116.98,8006,71994
100000,25,89797,35928,179.64,10203,89797
2,26,2,1,0.01,0,2
3,26,3,1,0.01,0,3
100,26,87,49,0.25,13,87
200,26,178,104,0.52,22,178
2000,26,1812,835,4.17,188,1812
10000,26,8997,4221,21.11,1003,8997
20000,26,18005,5307,26.53,1995,18005
40000,26,35904,15439,77.2,4096,35904
60000,26,53903,13218,66.09,6097,53903
80000,26,72020,17620,88.1,7980,72020
100000,26,90121,15320,76.6,9879,90121
2,27,2,1,0.01,0,2
3,27,3,1,0.01,0,3
100,27,92,49,0.25,8,92
200,27,181,98,0.49,19,181
2000,27,1785,1104,5.52,215,1785
10000,27,8933,4748,23.74,1067,8933
20000,27,17985,8737,43.69,2015,17985
40000,27,35924,15901,79.51,4076,35924
60000,27,53705,36856,184.28,6295,53705
80000,27,71918,23793,118.96,8082,71918
100000,27,89933,21962,109.81,10067,89933
2,28,2,1,0.01,0,2
3,28,3,1,0.01,0,3
100,28,84,52,0.26,16,84
200,28,178,89,0.45,22,178
2000,28,1794,895,4.47,206,1794
10000,28,8948,3792,18.96,1052,8948
20000,28,17996,8644,43.22,2004,17996
40000,28,36012,10599,53.0,3988,36012
60000,28,53967,17823,89.11,6033,53967
80000,28,71861,25230,126.15,8139,71861
100000,28,89808,16942,84.71,10192,89808
2,29,2,1,0.01,0,2
3,29,3,1,0.01,0,3
100,29,92,51,0.26,8,92
200,29,183,95,0.48,17,183
2000,29,1774,817,4.08,226,1774
10000,29,8972,5879,29.39,1028,8972
20000,29,17911,11217,56.09,2089,17911
40000,29,35964,12243,61.22,4036,35964
60000,29,53817,18122,90.61,6183,53817
80000,29,71803,27731,138.65,8197,71803
100000,29,89872,19591,97.95,10128,89872
2,30,1,1,0.01,1,1
3,30,3,1,0.01,0,3
100,30,93,50,0.25,7,93
200,30,185,96,0.48,15,185
2000,30,1792,1066,5.33,208,1792
10000,30,8992,3981,19.91,1008,8992
20000,30,17963,8997,44.99,2037,17963
40000,30,36066,14570,72.85,3934,36066
60000,30,53973,14597,72.99,6027,53973
80000,30,71917,25367,126.83,8083,71917
100000,30,89941,20132,100.66,10059,89941
2,31,2,1,0.01,0,2
3,31,3,1,0.01,0,3
100,31,90,51,0.26,10,90
200,31,182,100,0.5,18,182
2000,31,1788,830,4.15,212,1788
10000,31,9019,4865,24.32,981,9019
20000,31,18001,9925,49.63,1999,18001
40000,31,35869,10065,50.33,4131,35869
60000,31,53909,9918,49.59,6091,53909
80000,31,71787,28189,140.94,8213,71787
100000,31,89843,41309,206.54,10157,89843
2,32,2,1,0.01,0,2
3,32,3,1,0.01,0,3
100,32,92,50,0.25,8,92
200,32,181,98,0.49,19,181
2000,32,1782,818,4.09,218,1782
10000,32,9061,4027,20.14,939,9061
20000,32,17997,8439,42.2,2003,17997
40000,32,35924,16334,81.67,4076,35924
60000,32,53902,23295,116.47,6098,53902
80000,32,71880,20055,100.27,8120,71880
100000,32,89812,27907,139.53,10188,89812
2,33,2,1,0.01,0,2
3,33,3,1,0.01,0,3
100,33,92,50,0.25,8,92
200,33,169,103,0.52,31,169
2000,33,1797,884,4.42,203,1797
10000,33,8940,5060,25.3,1060,8940
20000,33,17937,8762,43.81,2063,17937
40000,33,35972,16127,80.63,4028,35972
60000,33,53834,15365,76.83,6166,53834
80000,33,71780,15973,79.86,8220,71780
100000,33,89994,23160,115.8,10006,89994
2,34,1,1,0.01,1,1
3,34,2,1,0.01,1,2
100,34,88,48,0.24,12,88
200,34,184,101,0.51,16,184
2000,34,1794,1162,5.81,206,1794
10000,34,8997,3061,15.31,1003,8997
20000,34,17888,5963,29.81,2112,17888
40000,34,35948,9151,45.76,4052,35948
60000,34,53917,18741,93.7,6083,53917
80000,34,72001,22706,113.53,7999,72001
100000,34,89859,16826,84.13,10141,89859
2,35,2,1,0.01,0,2
3,35,2,1,0.01,1,2
100,35,83,51,0.26,17,83
200,35,183,101,0.51,17,183
2000,35,1802,1066,5.33,198,1802
10000,35,8970,5130,25.65,1030,8970
20000,35,17896,6916,34.58,2104,17896
40000,35,35961,11216,56.08,4039,35961
60000,35,53785,17623,88.11,6215,53785
80000,35,71937,15283,76.42,8063,71937
100000,35,89774,21856,109.28,10226,89774
2,36,2,1,0.01,0,2
3,36,3,1,0.01,0,3
100,36,85,48,0.24,15,85
200,36,169,118,0.59,31,169
2000,36,1803,1287,6.43,197,1803
10000,36,8987,4341,21.7,1013,8987
20000,36,17942,8575,42.88,2058,17942
40000,36,35936,10993,54.97,4064,35936
60000,36,54057,21336,106.68,5943,54057
80000,36,71843,36221,181.1,8157,71843
100000,36,89813,24251,121.25,10187,89813
2,37,2,1,0.01,0,2
3,37,3,1,0.01,0,3
100,37,92,49,0.25,8,92
200,37,176,107,0.54,24,176
2000,37,1789,826,4.13,211,1789
10000,37,8981,3440,17.2,1019,8981
20000,37,17900,10063,50.32,2100,17900
40000,37,35929,14020,70.1,4071,35929
60000,37,53878,26360,131.8,6122,53878
80000,37,71933,16478,82.39,8067,71933
100000,37,89760,21355,106.77,10240,89760
2,38,2,1,0.01,0,2
3,38,3,1,0.01,0,3
100,38,91,51,0.26,9,91
200,38,184,106,0.53,16,184
2000,38,1773,740,3.7,227,1773
10000,38,8970,3653,18.27,1030,8970
20000,38,18006,7052,35.26,1994,18006
40000,38,35879,13800,69.0,4121,35879
60000,38,53763,21581,107.9,6237,53763
80000,38,71836,26889,134.44,8164,71836
100000,38,89859,19550,97.75,10141,89859
2,39,2,1,0.01,0,2
3,39,1,2,0.01,2,1
100,39,90,49,0.25,10,90
200,39,188,92,0.46,12,188
2000,39,1809,864,4.32,191,1809
10000,39,8947,4232,21.16,1053,8947
20000,39,17926,7164,35.82,2074,17926
40000,39,35973,8969,44.85,4027,35973
60000,39,53777,20843,104.21,6223,53777
80000,39,71969,18348,91.74,8031,71969
100000,39,89915,22367,111.83,10085,89915
2,40,2,1,0.01,0,2
3,40,3,1,0.01,0,3
100,40,93,50,0.25,7,93
200,40,184,96,0.48,16,184
2000,40,1812,909,4.54,188,1812
10000,40,9028,3404,17.02,972,9028
20000,40,18010,8300,41.5,1990,18010
40000,40,35944,12158,60.79,4056,35944
60000,40,53901,25798,128.99,6099,53901
80000,40,71916,28614,143.07,8084,71916
100000,40,89923,16718,83.59,10077,89923
2,41,2,1,0.01,0,2
3,41,3,1,0.01,0,3
100,41,91,50,0.25,9,91
200,41,180,93,0.47,20,180
2000,41,1797,947,4.73,203,1797
10000,41,8958,5461,27.3,1042,8958
20000,41,17870,4543,22.71,2130,17870
40000,41,35934,11065,55.33,4066,35934
60000,41,53888,30452,152.26,6112,53888
80000,41,71740,34948,174.74,8260,71740
100000,41,89960,22003,110.01,10040,89960
2,42,2,1,0.01,0,2
3,42,2,1,0.01,1,2
100,42,94,49,0.25,6,94
200,42,178,98,0.49,22,178
2000,42,1799,925,4.62,201,1799
10000,42,8943,3271,16.36,1057,8943
20000,42,17900,6988,34.94,2100,17900
40000,42,35902,13826,69.13,4098,35902
60000,42,53742,15340,76.7,6258,53742
80000,42,71792,36550,182.75,8208,71792
100000,42,89840,25389,126.94,10160,89840
2,43,2,1,0.01,0,2
3,43,3,1,0.01,0,3
100,43,88,52,0.26,12,88
200,43,181,102,0.51,19,181
2000,43,1820,939,4.69,180,1820
10000,43,9004,5140,25.7,996,9004
20000,43,17955,9247,46.24,2045,17955
40000,43,35935,9249,46.25,4065,35935
60000,43,53891,21405,107.02,6109,53891
80000,43,71977,22305,111.52,8023,71977
100000,43,89887,26301,131.5,10113,89887
2,44,2,1,0.01,0,2
3,44,2,1,0.01,1,2
100,44,90,49,0.25,10,90
200,44,177,98,0.49,23,177
2000,44,1809,891,4.45,191,1809
10000,44,9014,2515,12.58,986,9014
20000,44,18017,12066,60.33,1983,18017
40000,44,35885,17296,86.48,4115,35885
60000,44,54012,9914,49.57,5988,54012
80000,44,71761,26907,134.53,8239,71761
100000,44,89835,18444,92.22,10165,89835
2,45,2,1,0.01,0,2
3,45,3,1,0.01,0,3
100,45,94,52,0.26,6,94
200,45,181,98,0.49,19,181
2000,45,1776,820,4.1,224,1776
10000,45,8968,4112,20.56,1032,8968
20000,45,17925,6518,32.59,2075,17925
40000,45,35961,12222,61.11,4039,35961
60000,45,53950,13931,69.66,6050,53950
80000,45,71909,28112,140.56,8091,71909
100000,45,89821,19535,97.67,10179,89821
2,46,2,1,0.01,0,2
3,46,3,1,0.01,0,3
100,46,90,51,0.26,10,90
200,46,180,104,0.52,20,180
2000,46,1811,782,3.91,189,1811
10000,46,8948,3527,17.64,1052,8948
20000,46,18017,9763,48.82,1983,18017
40000,46,35903,14652,73.26,4097,35903
60000,46,54024,11585,57.93,5976,54024
80000,46,71921,32874,164.37,8079,71921
100000,46,89749,25306,126.53,10251,89749
2,47,2,1,0.01,0,2
3,47,3,1,0.01,0,3
100,47,92,50,0.25,8,92
200,47,187,101,0.51,13,187
2000,47,1794,855,4.27,206,1794
10000,47,8943,4314,21.57,1057,8943
20000,47,17938,8733,43.67,2062,17938
40000,47,35883,21202,106.01,4117,35883
60000,47,53921,17519,87.59,6079,53921
80000,47,71783,29049,145.24,8217,71783
100000,47,89918,29246,146.23,10082,89918
2,48,2,1,0.01,0,2
3,48,2,1,0.01,1,2
100,48,83,50,0.25,17,83
200,48,174,112,0.56,26,174
2000,48,1773,955,4.77,227,1773
10000,48,8941,5159,25.79,1059,8941
20000,48,17992,9376,46.88,2008,17992
40000,48,35968,16106,80.53,4032,35968
60000,48,53948,18271,91.35,6052,53948
80000,48,71873,17724,88.62,8127,71873
100000,48,89808,32126,160.63,10192,89808
2,49,2,1,0.01,0,2
3,49,3,1,0.01,0,3
100,49,88,53,0.27,12,88
200,49,179,106,0.53,21,179
2000,49,1791,1253,6.26,209,1791
10000,49,8975,3749,18.75,1025,8975
20000,49,18015,8249,41.25,1985,18015
40000,49,35949,11189,55.95,4051,35949
60000,49,53931,13487,67.44,6069,53931
80000,49,71772,29125,145.62,8228,71772
100000,49,89624,34829,174.14,10376,89624
2,50,2,1,0.01,0,2
3,50,3,1,0.01,0,3
100,50,84,55,0.28,16,84
200,50,179,94,0.47,21,179
2000,50,1777,900,4.5,223,1777
10000,50,8990,5165,25.82,1010,8990
20000,50,17995,6512,32.56,2005,17995
40000,50,35980,13611,68.06,4020,35980
60000,50,54053,23469,117.34,5947,54053
80000,50,71972,21912,109.56,8028,71972
100000,50,89868,35432,177.16,10132,89868
2,51,2,1,0.01,0,2
3,51,3,1,0.01,0,3
100,51,91,49,0.25,9,91
200,51,184,106,0.53,16,184
2000,51,1787,976,4.88,213,1787
10000,51,8938,6532,32.66,1062,8938
20000,51,17898,9783,48.92,2102,17898
40000,51,35941,14728,73.64,4059,35941
60000,51,53928,10783,53.92,6072,53928
80000,51,71979,23576,117.88,8021,71979
100000,51,89799,24765,123.82,10201,89799
2,52,2,1,0.01,0,2
3,52,3,1,0.01,0,3
100,52,90,51,0.26,10,90
200,52,178,105,0.53,22,178
2000,52,1800,1052,5.26,200,1800
10000,52,9041,2941,14.71,959,9041
20000,52,17978,8336,41.68,2022,17978
40000,52,35875,12949,64.75,4125,35875
60000,52,53910,12819,64.1,6090,53910
80000,52,71863,16190,80.95,8137,71863
100000,52,89897,23428,117.14,10103,89897
2,53,2,1,0.01,0,2
3,53,3,1,0.01,0,3
100,53,89,53,0.27,11,89
200,53,184,103,0.52,16,184
2000,53,1785,772,3.86,215,1785
10000,53,8963,4842,24.21,1037,8963
20000,53,17922,7124,35.62,2078,17922
40000,53,35996,8021,40.11,4004,35996
60000,53,53850,16676,83.38,6150,53850
80000,53,71995,10274,51.37,8005,71995
100000,53,89857,21458,107.29,10143,89857
2,54,2,1,0.01,0,2
3,54,2,1,0.01,1,2
100,54,90,47,0.24,10,90
200,54,181,112,0.56,19,181
2000,54,1778,1150,5.75,222,1778
10000,54,8955,4816,24.08,1045,8955
20000,54,17997,5629,28.14,2003,17997
40000,54,35911,17636,88.18,4089,35911
60000,54,53981,21262,106.31,6019,53981
80000,54,71899,21611,108.05,8101,71899
100000,54,89846,21142,105.71,10154,89846
2,55,2,1,0.01,0,2
3,55,3,1,0.01,0,3
100,55,87,49,0.25,13,87
200,55,181,95,0.48,19,181
2000,55,1817,1071,5.35,183,1817
10000,55,9018,4525,22.62,982,9018
20000,55,17912,7591,37.96,2088,17912
40000,55,36000,16111,80.55,4000,36000
60000,55,53956,10888,54.44,6044,53956
80000,55,71850,30628,153.14,8150,71850
100000,55,89986,19144,95.72,10014,89986
2,56,2,1,0.01,0,2
3,56,3,1,0.01,0,3
100,56,91,52,0.26,9,91
200,56,187,99,0.5,13,187
2000,56,1816,1019,5.09,184,1816
10000,56,8913,5075,25.37,1087,8913
20000,56,17956,5753,28.76,2044,17956
40000,56,35981,14333,71.67,4019,35981
60000,56,54029,8618,43.09,5971,54029
80000,56,71835,11116,55.58,8165,71835
100000,56,90095,14930,74.65,9905,90095
2,57,2,1,0.01,0,2
3,57,3,1,0.01,0,3
100,57,91,48,0.24,9,91
200,57,177,98,0.49,23,177
2000,57,1795,725,3.62,205,1795
10000,57,8975,3515,17.58,1025,8975
20000,57,18004,9063,45.32,1996,18004
40000,57,35975,15517,77.59,4025,35975
60000,57,53958,16185,80.92,6042,53958
80000,57,71884,35479,177.39,8116,71884
100000,57,89735,37858,189.29,10265,89735
2,58,2,1,0.01,0,2
3,58,2,1,0.01,1,2
100,58,93,49,0.25,7,93
200,58,182,100,0.5,18,182
2000,58,1786,1105,5.52,214,1786
10000,58,9019,3526,17.63,981,9019
20000,58,17903,7229,36.15,2097,17903
40000,58,35975,10299,51.5,4025,35975
60000,58,53707,27674,138.37,6293,53707
80000,58,71822,39287,196.43,8178,71822
100000,58,89947,21098,105.49,10053,89947
2,59,2,1,0.01,0,2
3,59,3,1,0.01,0,3
100,59,90,50,0.25,10,90
200,59,178,92,0.46,22,178
2000,59,1794,778,3.89,206,1794
10000,59,8969,2653,13.27,1031,8969
20000,59,17941,7803,39.02,2059,17941
40000,59,35994,9958,49.79,4006,35994
60000,59,54015,10245,51.23,5985,54015
80000,59,71954,15296,76.48,8046,71954
100000,59,90095,21893,109.46,9905,90095
2,60,2,1,0.01,0,2
3,60,3,1,0.01,0,3
100,60,88,53,0.27,12,88
200,60,178,96,0.48,22,178
2000,60,1779,1276,6.38,221,1779
10000,60,8956,3395,16.98,1044,8956
20000,60,17920,4626,23.13,2080,17920
40000,60,35781,12479,62.4,4219,35781
60000,60,53921,21162,105.81,6079,53921
80000,60,71924,30067,150.33,8076,71924
100000,60,89939,20587,102.93,10061,89939
2,61,2,1,0.01,0,2
3,61,2,1,0.01,1,2
100,61,94,49,0.25,6,94
200,61,182,90,0.45,18,182
2000,61,1785,995,4.97,215,1785
10000,61,8961,4308,21.54,1039,8961
20000,61,18006,6568,32.84,1994,18006
40000,61,35943,7364,36.82,4057,35943
60000,61,53775,26636,133.18,6225,53775
80000,61,71809,21445,107.22,8191,71809
100000,61,89839,40910,204.55,10161,89839
2,62,2,1,0.01,0,2
3,62,3,1,0.01,0,3
100,62,89,49,0.25,11,89
200,62,177,94,0.47,23,177
2000,62,1807,854,4.27,193,1807
10000,62,8952,3916,19.58,1048,8952
20000,62,17876,8288,41.44,2124,17876
40000,62,35978,8941,44.71,4022,35978
60000,62,53971,11179,55.9,6029,53971
80000,62,71856,31455,157.27,8144,71856
100000,62,89867,15663,78.32,10133,89867
2,63,2,1,0.01,0,2
3,63,2,1,0.01,1,2
100,63,90,50,0.25,10,90
200,63,187,101,0.51,13,187
2000,63,1818,1010,5.05,182,1818
10000,63,8900,3928,19.64,1100,8900
20000,63,17928,13464,67.32,2072,17928
40000,63,35875,10555,52.78,4125,35875
60000,63,53920,12019,60.1,6080,53920
80000,63,71995,26619,133.09,8005,71995
100000,63,89984,21816,109.08,10016,89984
2,64,2,1,0.01,0,2
3,64,3,1,0.01,0,3
100,64,87,46,0.23,13,87
200,64,175,93,0.47,25,175
2000,64,1778,860,4.3,222,1778
10000,64,8996,5409,27.04,1004,8996
20000,64,17871,7436,37.18,2129,17871
40000,64,35816,10794,53.97,4184,35816
60000,64,53746,24224,121.12,6254,53746
80000,64,71991,12928,64.64,8009,71991
100000,64,89853,20144,100.72,10147,89853
2,65,2,1,0.01,0,2
3,65,3,1,0.01,0,3
100,65,90,51,0.26,10,90
200,65,177,111,0.56,23,177
2000,65,1800,958,4.79,200,1800
10000,65,8994,2947,14.74,1006,8994
20000,65,18070,7659,38.3,1930,18070
40000,65,35921,21081,105.4,4079,35921
60000,65,54010,15483,77.42,5990,54010
80000,65,71878,18280,91.4,8122,71878
100000,65,89865,22619,113.09,10135,89865
2,66,2,1,0.01,0,2
3,66,2,1,0.01,1,2
100,66,89,51,0.26,11,89
200,66,177,102,0.51,23,177
2000,66,1802,1119,5.59,198,1802
10000,66,9005,4246,21.23,995,9005
20000,66,17964,8766,43.83,2036,17964
40000,66,35957,14147,70.74,4043,35957
60000,66,53918,17831,89.15,6082,53918
80000,66,71903,13882,69.41,8097,71903
100000,66,89820,35588,177.94,10180,89820
2,67,2,1,0.01,0,2
3,67,3,1,0.01,0,3
100,67,86,52,0.26,14,86
200,67,181,105,0.53,19,181
2000,67,1804,1011,5.05,196,1804
10000,67,8953,4798,23.99,1047,8953
20000,67,17902,8255,41.28,2098,17902
40000,67,35940,17422,87.11,4060,35940
60000,67,53828,11873,59.37,6172,53828
80000,67,71773,23172,115.86,8227,71773
100000,67,89799,18427,92.13,10201,89799
2,68,2,1,0.01,0,2
3,68,1,1,0.01,2,1
100,68,92,50,0.25,8,92
200,68,184,94,0.47,16,184
2000,68,1805,756,3.78,195,1805
10000,68,8997,3950,19.75,1003,8997
20000,68,17984,8764,43.82,2016,17984
40000,68,36011,10552,52.76,3989,36011
60000,68,53939,11046,55.23,6061,53939
80000,68,71732,12180,60.9,8268,71732
100000,68,89960,21004,105.02,10040,89960
2,69,2,1,0.01,0,2
3,69,3,1,0.01,0,3
100,69,91,48,0.24,9,91
200,69,185,101,0.51,15,185
2000,69,1794,830,4.15,206,1794
10000,69,8901,1571,7.85,1099,8901
20000,69,17921,7600,38.0,2079,17921
40000,69,35964,18093,90.46,4036,35964
60000,69,53782,15141,75.71,6218,53782
80000,69,71978,23262,116.31,8022,71978
100000,69,89713,27416,137.08,10287,89713
2,70,1,1,0.01,1,1
3,70,3,1,0.01,0,3
100,70,91,51,0.26,9,91
200,70,187,99,0.5,13,187
2000,70,1797,698,3.49,203,1797
10000,70,8933,2598,12.99,1067,8933
20000,70,17858,8631,43.16,2142,17858
40000,70,35946,15393,76.97,4054,35946
60000,70,53977,5679,28.39,6023,53977
80000,70,72001,12943,64.72,7999,72001
100000,70,89931,17385,86.92,10069,89931
2,71,1,1,0.01,1,1
3,71,2,1,0.01,1,2
100,71,90,50,0.25,10,90
200,71,179,106,0.53,21,179
2000,71,1793,979,4.89,207,1793
10000,71,9012,5360,26.8,988,9012
20000,71,17892,8405,42.03,2108,17892
40000,71,35845,12731,63.66,4155,35845
60000,71,54019,11868,59.34,5981,54019
80000,71,71783,26464,132.32,8217,71783
100000,71,90065,30734,153.67,9935,90065
2,72,2,1,0.01,0,2
3,72,3,1,0.01,0,3
100,72,90,51,0.26,10,90
200,72,184,95,0.48,16,184
2000,72,1799,806,4.03,201,1799
10000,72,9037,4315,21.57,963,9037
20000,72,17953,10721,53.61,2047,17953
40000,72,35884,15359,76.8,4116,35884
60000,72,53862,22264,111.32,6138,53862
80000,72,71948,14625,73.13,8052,71948
100000,72,89836,16689,83.44,10164,89836
2,73,2,1,0.01,0,2
3,73,3,1,0.01,0,3
100,73,90,51,0.26,10,90
200,73,185,96,0.48,15,185
2000,73,1809,1025,5.12,191,1809
10000,73,8972,3957,19.79,1028,8972
20000,73,17925,5995,29.97,2075,17925
40000,73,35908,17027,85.13,4092,35908
60000,73,53890,18284,91.42,6110,53890
80000,73,71917,14616,73.08,8083,71917
100000,73,89910,22733,113.66,10090,89910
2,74,2,1,0.01,0,2
3,74,3,1,0.01,0,3
100,74,88,48,0.24,12,88
200,74,177,111,0.56,23,177
2000,74,1799,1078,5.39,201,1799
10000,74,8985,3221,16.11,1015,8985
20000,74,17916,9217,46.09,2084,17916
40000,74,36019,12321,61.61,3981,36019
60000,74,53961,12048,60.24,6039,53961
80000,74,71969,20096,100.48,8031,71969
100000,74,89997,15376,76.88,10003,89997
2,75,2,1,0.01,0,2
3,75,3,1,0.01,0,3
100,75,90,51,0.26,10,90
200,75,173,103,0.52,27,173
2000,75,1784,782,3.91,216,1784
10000,75,8951,4249,21.25,1049,8951
20000,75,18059,4724,23.62,1941,18059
40000,75,35964,11755,58.78,4036,35964
60000,75,54014,16866,84.33,5986,54014
80000,75,71855,26147,130.73,8145,71855
100000,75,89917,27665,138.32,10083,89917
2,76,2,1,0.01,0,2
3,76,3,1,0.01,0,3
100,76,91,48,0.24,9,91
200,76,179,102,0.51,21,179
2000,76,1804,894,4.47,196,1804
10000,76,8935,2266,11.33,1065,8935
20000,76,17971,6467,32.33,2029,17971
40000,76,35830,15973,79.86,4170,35830
60000,76,53853,20623,103.11,6147,53853
80000,76,71828,13708,68.54,8172,71828
100000,76,89934,22185,110.92,10066,89934
2,77,2,1,0.01,0,2
3,77,3,1,0.01,0,3
100,77,92,50,0.25,8,92
200,77,180,93,0.47,20,180
2000,77,1818,1107,5.53,182,1818
10000,77,9010,3947,19.74,990,9010
20000,77,17986,7710,38.55,2014,17986
40000,77,35889,10571,52.86,4111,35889
60000,77,53996,16072,80.36,6004,53996
80000,77,71891,25897,129.48,8109,71891
100000,77,89763,23188,115.94,10237,89763
2,78,2,1,0.01,0,2
3,78,3,1,0.01,0,3
100,78,91,51,0.26,9,91
200,78,179,102,0.51,21,179
2000,78,1788,830,4.15,212,1788
10000,78,8935,5144,25.72,1065,8935
20000,78,17942,7841,39.21,2058,17942
40000,78,35908,12495,62.48,4092,35908
60000,78,53938,24281,121.4,6062,53938
80000,78,71829,19043,95.21,8171,71829
100000,78,89866,26472,132.36,10134,89866
2,79,2,1,0.01,0,2
3,79,3,1,0.01,0,3
100,79,91,50,0.25,9,91
200,79,174,95,0.48,26,174
2000,79,1811,1043,5.21,189,1811
10000,79,9020,3774,18.87,980,9020
20000,79,17968,7929,39.65,2032,17968
40000,79,35887,19106,95.53,4113,35887
60000,79,54045,13091,65.46,5955,54045
80000,79,71894,30575,152.87,8106,71894
100000,79,89899,28856,144.28,10101,89899
2,80,1,1,0.01,1,1
3,80,3,1,0.01,0,3
100,80,90,49,0.25,10,90
200,80,175,100,0.5,25,175
2000,80,1780,1088,5.44,220,1780
10000,80,8958,5128,25.64,1042,8958
20000,80,17964,8098,40.49,2036,17964
40000,80,35889,10641,53.21,4111,35889
60000,80,53761,27234,136.17,6239,53761
80000,80,71854,15778,78.89,8146,71854
100000,80,89836,20709,103.54,10164,89836
2,81,1,1,0.01,1,1
3,81,3,1,0.01,0,3
100,81,90,51,0.26,10,90
200,81,179,99,0.5,21,179
2000,81,1799,997,4.98,201,1799
10000,81,8956,3445,17.23,1044,8956
20000,81,18002,6951,34.75,1998,18002
40000,81,35992,9357,46.79,4008,35992
60000,81,53829,27392,136.96,6171,53829
80000,81,71863,21964,109.82,8137,71863
100000,81,89870,10859,54.3,10130,89870
2,82,2,1,0.01,0,2
3,82,3,1,0.01,0,3
100,82,89,46,0.23,11,89
200,82,174,102,0.51,26,174
2000,82,1803,996,4.98,197,1803
10000,82,8971,4845,24.22,1029,8971
20000,82,17936,9551,47.76,2064,17936
40000,82,35873,14376,71.88,4127,35873
60000,82,53996,16846,84.23,6004,53996
80000,82,71991,19998,99.99,8009,71991
100000,82,89807,18947,94.73,10193,89807
2,83,2,1,0.01,0,2
3,83,2,1,0.01,1,2
100,83,88,50,0.25,12,88
200,83,179,96,0.48,21,179
2000,83,1802,1015,5.07,198,1802
10000,83,8944,5331,26.65,1056,8944
20000,83,17968,5633,28.16,2032,17968
40000,83,35843,18325,91.62,4157,35843
60000,83,53945,18249,91.24,6055,53945
80000,83,71913,13519,67.6,8087,71913
100000,83,89906,44308,221.54,10094,89906
2,84,2,1,0.01,0,2
3,84,3,1,0.01,0,3
100,84,90,53,0.27,10,90
200,84,182,102,0.51,18,182
2000,84,1786,708,3.54,214,1786
10000,84,8991,4261,21.31,1009,8991
20000,84,17942,5609,28.04,2058,17942
40000,84,35739,18003,90.01,4261,35739
60000,84,53990,11545,57.73,6010,53990
80000,84,71832,33008,165.04,8168,71832
100000,84,89811,12730,63.65,10189,89811
2,85,2,1,0.01,0,2
3,85,3,1,0.01,0,3
100,85,89,52,0.26,11,89
200,85,177,104,0.52,23,177
2000,85,1812,902,4.51,188,1812
10000,85,8948,2842,14.21,1052,8948
20000,85,17955,6380,31.9,2045,17955
40000,85,35888,12768,63.84,4112,35888
60000,85,53912,19324,96.62,6088,53912
80000,85,71872,27372,136.86,8128,71872
100000,85,89975,16854,84.27,10025,89975
2,86,1,1,0.01,1,1
3,86,1,1,0.01,2,1
100,86,93,50,0.25,7,93
200,86,179,110,0.55,21,179
2000,86,1789,994,4.97,211,1789
10000,86,8966,3174,15.87,1034,8966
20000,86,17944,5306,26.53,2056,17944
40000,86,35980,18097,90.48,4020,35980
60000,86,54012,12622,63.11,5988,54012
80000,86,71837,18129,90.64,8163,71837
100000,86,90009,21037,105.18,9991,90009
2,87,2,1,0.01,0,2
3,87,3,1,0.01,0,3
100,87,88,49,0.25,12,88
200,87,179,106,0.53,21,179
2000,87,1779,1016,5.08,221,1779
10000,87,8964,4747,23.73,1036,8964
20000,87,17952,9355,46.78,2048,17952
40000,87,35927,11976,59.88,4073,35927
60000,87,53964,15441,77.21,6036,53964
80000,87,71865,28768,143.84,8135,71865
100000,87,89811,42871,214.35,10189,89811
2,88,2,1,0.01,0,2
3,88,3,1,0.01,0,3
100,88,90,49,0.25,10,90
200,88,184,91,0.46,16,184
2000,88,1769,891,4.45,231,1769
10000,88,8951,5909,29.54,1049,8951
20000,88,17963,12896,64.48,2037,17963
40000,88,35962,12184,60.92,4038,35962
60000,88,53951,15695,78.48,6049,53951
80000,88,71805,21659,108.29,8195,71805
100000,88,89913,20862,104.31,10087,89913
2,89,2,1,0.01,0,2
3,89,2,1,0.01,1,2
100,89,93,50,0.25,7,93
200,89,182,92,0.46,18,182
2000,89,1782,904,4.52,218,1782
10000,89,9038,4772,23.86,962,9038
20000,89,17846,9643,48.22,2154,17846
40000,89,35853,15900,79.5,4147,35853
60000,89,53867,18955,94.77,6133,53867
80000,89,71945,25949,129.74,8055,71945
100000,89,89848,32538,162.69,10152,89848
2,90,2,1,0.01,0,2
3,90,3,1,0.01,0,3
100,90,86,50,0.25,14,86
200,90,179,99,0.5,21,179
2000,90,1780,681,3.4,220,1780
10000,90,8930,4707,23.53,1070,8930
20000,90,17974,11091,55.46,2026,17974
40000,90,35945,19919,99.59,4055,35945
60000,90,54107,17602,88.01,5893,54107
80000,90,71994,15224,76.12,8006,71994
100000,90,90063,17421,87.1,9937,90063
2,91,2,1,0.01,0,2
3,91,3,1,0.01,0,3
100,91,91,52,0.26,9,91
200,91,179,105,0.53,21,179
2000,91,1771,981,4.9,229,1771
10000,91,8980,4403,22.01,1020,8980
20000,91,17889,6241,31.2,2111,17889
40000,91,36000,9017,45.09,4000,36000
60000,91,53978,14053,70.27,6022,53978
80000,91,71884,24329,121.64,8116,71884
100000,91,89806,18432,92.16,10194,89806
2,92,1,1,0.01,1,1
3,92,3,1,0.01,0,3
100,92,91,52,0.26,9,91
200,92,166,88,0.44,34,166
2000,92,1773,1050,5.25,227,1773
10000,92,8960,3238,16.19,1040,8960
20000,92,17975,7676,38.38,2025,17975
40000,92,35891,8123,40.62,4109,35891
60000,92,54013,17151,85.75,5987,54013
80000,92,71869,24038,120.19,8131,71869
100000,92,89656,37152,185.76,10344,89656
2,93,2,1,0.01,0,2
3,93,3,1,0.01,0,3
100,93,88,50,0.25,12,88
200,93,190,100,0.5,10,190
2000,93,1798,765,3.82,202,1798
10000,93,8963,4040,20.2,1037,8963
20000,93,17944,7121,35.6,2056,17944
40000,93,35954,14107,70.54,4046,35954
60000,93,53973,10884,54.42,6027,53973
80000,93,71871,18890,94.45,8129,71871
100000,93,89760,27371,136.85,10240,89760
2,94,1,1,0.01,1,1
3,94,2,2,0.01,1,2
100,94,91,51,0.26,9,91
200,94,176,98,0.49,24,176
2000,94,1782,1170,5.85,218,1782
10000,94,8938,4976,24.88,1062,8938
20000,94,17976,6322,31.61,2024,17976
40000,94,36014,13627,68.14,3986,36014
60000,94,53904,17784,88.92,6096,53904
80000,94,71891,17972,89.86,8109,71891
100000,94,89744,32455,162.27,10256,89744
2,95,1,1,0.01,1,1
3,95,3,1,0.01,0,3
100,95,89,46,0.23,11,89
200,95,183,98,0.49,17,183
2000,95,1771,1179,5.89,229,1771
10000,95,9016,3603,18.02,984,9016
20000,95,17918,8013,40.07,2082,17918
40000,95,35874,13962,69.81,4126,35874
60000,95,53852,15915,79.58,6148,53852
80000,95,71908,14655,73.28,8092,71908
100000,95,89737,37624,188.12,10263,89737
2,96,2,1,0.01,0,2
3,96,3,1,0.01,0,3
100,96,93,50,0.25,7,93
200,96,173,97,0.49,27,173
2000,96,1800,870,4.35,200,1800
10000,96,8999,4805,24.02,1001,8999
20000,96,17979,6263,31.31,2021,17979
40000,96,35952,14675,73.38,4048,35952
60000,96,53977,18756,93.78,6023,53977
80000,96,71901,23970,119.85,8099,71901
100000,96,89839,38351,191.75,10161,89839
2,97,1,1,0.01,1,1
3,97,2,1,0.01,1,2
100,97,87,55,0.28,13,87
200,97,181,109,0.55,19,181
2000,97,1781,793,3.96,219,1781
10000,97,8936,5610,28.05,1064,8936
20000,97,17907,7641,38.21,2093,17907
40000,97,36062,17158,85.79,3938,36062
60000,97,53818,15911,79.56,6182,53818
80000,97,71868,20386,101.93,8132,71868
100000,97,89933,33580,167.9,10067,89933
2,98,2,1,0.01,0,2
3,98,3,1,0.01,0,3
100,98,88,50,0.25,12,88
200,98,189,101,0.51,11,189
2000,98,1788,939,4.69,212,1788
10000,98,8976,4901,24.5,1024,8976
20000,98,17870,10837,54.19,2130,17870
40000,98,35933,15243,76.22,4067,35933
60000,98,53976,33573,167.86,6024,53976
80000,98,71839,19217,96.08,8161,71839
100000,98,89997,27687,138.43,10003,89997
2,99,1,1,0.01,1,1
3,99,2,1,0.01,1,2
100,99,92,49,0.25,8,92
200,99,179,98,0.49,21,179
2000,99,1829,893,4.46,171,1829
10000,99,9016,3561,17.81,984,9016
20000,99,17906,11618,58.09,2094,17906
40000,99,35928,13440,67.2,4072,35928
60000,99,53875,23906,119.53,6125,53875
80000,99,71834,28737,143.68,8166,71834
100000,99,89741,28675,143.37,10259,89741
2,100,2,1,0.01,0,2
3,100,3,1,0.01,0,3
100,100,93,49,0.25,7,93
200,100,183,102,0.51,17,183
2000,100,1789,927,4.63,211,1789
10000,100,8996,3074,15.37,1004,8996
20000,100,18044,9695,48.48,1956,18044
40000,100,35832,21704,108.52,4168,35832
60000,100,53842,21624,108.12,6158,53842
80000,100,71736,28684,143.42,8264,71736
100000,100,89947,18200,91.0,10053,89947
