Timestep,Iteration,Total Reward,Suboptimal Arms Count,Total Regret,Zeros Count,Ones Count
2,1,1,1,0.01,1,1
3,1,1,1,0.01,2,1
100,1,49,54,0.27,51,49
200,1,111,183,0.92,89,111
2000,1,990,1611,8.05,1010,990
10000,1,4936,4661,23.3,5064,4936
20000,1,9988,7664,38.32,10012,9988
40000,1,20069,872,4.36,19931,20069
60000,1,29943,29011,145.05,30057,29943
80000,1,40216,6853,34.26,39784,40216
100000,1,49892,27423,137.11,50108,49892
2,2,1,1,0.01,1,1
3,2,1,2,0.01,2,1
100,2,45,50,0.25,55,45
200,2,82,34,0.17,118,82
2000,2,1015,430,2.15,985,1015
10000,2,5057,9564,47.82,4943,5057
20000,2,9960,9531,47.66,10040,9960
40000,2,19970,7072,35.36,20030,19970
60000,2,29786,27920,139.6,30214,29786
80000,2,39929,28925,144.62,40071,39929
100000,2,50055,9717,48.59,49945,50055
2,3,1,1,0.01,1,1
3,3,3,1,0.01,0,3
100,3,49,28,0.14,51,49
200,3,101,131,0.66,99,101
2000,3,999,1816,9.08,1001,999
10000,3,5037,4071,20.36,4963,5037
20000,3,10054,4075,20.38,9946,10054
40000,3,19842,11106,55.53,20158,19842
60000,3,30149,6879,34.39,29851,30149
80000,3,40043,4992,24.96,39957,40043
100000,3,49878,18133,90.66,50122,49878
2,4,2,1,0.01,0,2
3,4,2,1,0.01,1,2
100,4,49,6,0.03,51,49
200,4,106,160,0.8,94,106
2000,4,981,1084,5.42,1019,981
10000,4,4972,1151,5.75,5028,4972
20000,4,9761,19990,99.95,10239,9761
40000,4,19880,12451,62.26,20120,19880
60000,4,29855,32681,163.4,30145,29855
80000,4,39793,50239,251.19,40207,39793
100000,4,50045,4159,20.8,49955,50045
2,5,0,1,0.01,2,0
3,5,1,1,0.01,2,1
100,5,52,35,0.18,48,52
200,5,105,51,0.26,95,105
2000,5,985,291,1.45,1015,985
10000,5,5107,4133,20.67,4893,5107
20000,5,10035,182,0.91,9965,10035
40000,5,20001,8257,41.29,19999,20001
60000,5,29760,9615,48.08,30240,29760
80000,5,39566,79846,399.23,40434,39566
100000,5,49835,25142,125.71,50165,49835
2,6,1,1,0.01,1,1
3,6,2,2,0.01,1,2
100,6,46,18,0.09,54,46
200,6,97,116,0.58,103,97
2000,6,970,561,2.8,1030,970
10000,6,5020,4124,20.62,4980,5020
20000,6,10004,11641,58.21,9996,10004
40000,6,19840,35122,175.61,20160,19840
60000,6,29972,16447,82.23,30028,29972
80000,6,40318,3136,15.68,39682,40318
100000,6,49960,23738,118.69,50040,49960
2,7,1,1,0.01,1,1
3,7,1,1,0.01,2,1
100,7,58,74,0.37,42,58
200,7,97,4,0.02,103,97
2000,7,993,437,2.18,1007,993
10000,7,4931,28,0.14,5069,4931
20000,7,9967,9196,45.98,10033,9967
40000,7,19795,19445,97.22,20205,19795
60000,7,29640,24748,123.74,30360,29640
80000,7,39863,29194,145.97,40137,39863
100000,7,49985,14391,71.96,50015,49985
2,8,0,1,0.01,2,0
3,8,1,1,0.01,2,1
100,8,47,93,0.47,53,47
200,8,98,188,0.94,102,98
2000,8,1010,1388,6.94,990,1010
10000,8,4930,9668,48.34,5070,4930
20000,8,9853,19955,99.77,10147,9853
40000,8,19989,12978,64.89,20011,19989
60000,8,30146,20642,103.21,29854,30146
80000,8,39745,30053,150.26,40255,39745
100000,8,50133,14453,72.27,49867,50133
2,9,0,1,0.01,2,0
3,9,2,1,0.01,1,2
100,9,52,3,0.02,48,52
200,9,101,109,0.55,99,101
2000,9,964,1186,5.93,1036,964
10000,9,4961,2538,12.69,5039,4961
20000,9,9912,8318,41.59,10088,9912
40000,9,20019,9902,49.51,19981,20019
60000,9,30058,236,1.18,29942,30058
80000,9,39840,2548,12.74,40160,39840
100000,9,50117,15098,75.49,49883,50117
2,10,1,1,0.01,1,1
3,10,1,2,0.01,2,1
100,10,51,53,0.27,49,51
200,10,98,114,0.57,102,98
2000,10,965,1273,6.36,1035,965
10000,10,4973,5416,27.08,5027,4973
20000,10,10047,5812,29.06,9953,10047
40000,10,19874,39834,199.17,20126,19874
60000,10,30041,16637,83.18,29959,30041
80000,10,39876,631,3.15,40124,39876
100000,10,49379,38595,192.97,50621,49379
2,11,0,1,0.01,2,0
3,11,2,1,0.01,1,2
100,11,51,88,0.44,49,51
200,11,103,121,0.61,97,103
2000,11,979,1310,6.55,1021,979
10000,11,4928,3666,18.33,5072,4928
20000,11,9944,6424,32.12,10056,9944
40000,11,19850,15157,75.79,20150,19850
60000,11,29781,52837,264.18,30219,29781
80000,11,40368,8453,42.27,39632,40368
100000,11,49654,24921,124.6,50346,49654
2,12,1,1,0.01,1,1
3,12,2,1,0.01,1,2
100,12,50,91,0.46,50,50
200,12,94,144,0.72,106,94
2000,12,1000,60,0.3,1000,1000
10000,12,5010,3869,19.35,4990,5010
20000,12,10001,4294,21.47,9999,10001
40000,12,20008,28331,141.65,19992,20008
60000,12,29799,17408,87.04,30201,29799
80000,12,39863,13730,68.65,40137,39863
100000,12,50000,15970,79.85,50000,50000
2,13,1,1,0.01,1,1
3,13,2,2,0.01,1,2
100,13,55,90,0.45,45,55
200,13,90,5,0.03,110,90
2000,13,996,305,1.52,1004,996
10000,13,4991,2738,13.69,5009,4991
20000,13,10063,7048,35.24,9937,10063
40000,13,19770,32701,163.5,20230,19770
60000,13,29931,58787,293.93,30069,29931
80000,13,39967,43601,218.0,40033,39967
100000,13,49792,26879,134.39,50208,49792
2,14,1,1,0.01,1,1
3,14,0,1,0.01,3,0
100,14,49,74,0.37,51,49
200,14,116,101,0.51,84,116
2000,14,1006,1065,5.32,994,1006
10000,14,4976,3331,16.66,5024,4976
20000,14,9995,1056,5.28,10005,9995
40000,14,19939,12640,63.2,20061,19939
60000,14,29825,12206,61.03,30175,29825
80000,14,39668,61817,309.08,40332,39668
100000,14,49643,25300,126.5,50357,49643
2,15,1,1,0.01,1,1
3,15,0,1,0.01,3,0
100,15,43,5,0.03,57,43
200,15,110,4,0.02,90,110
2000,15,983,1989,9.95,1017,983
10000,15,5004,9738,48.69,4996,5004
20000,15,9964,11281,56.41,10036,9964
40000,15,20080,8081,40.41,19920,20080
60000,15,29837,30264,151.32,30163,29837
80000,15,39766,30462,152.31,40234,39766
100000,15,49976,40380,201.9,50024,49976
2,16,1,1,0.01,1,1
3,16,1,1,0.01,2,1
100,16,46,16,0.08,54,46
200,16,105,154,0.77,95,105
2000,16,1003,520,2.6,997,1003
10000,16,5049,2458,12.29,4951,5049
20000,16,10009,4924,24.62,9991,10009
40000,16,19929,8446,42.23,20071,19929
60000,16,29904,26748,133.74,30096,29904
80000,16,39701,25099,125.49,40299,39701
100000,16,49741,27090,135.45,50259,49741
2,17,2,1,0.01,0,2
3,17,1,2,0.01,2,1
100,17,50,94,0.47,50,50
200,17,112,32,0.16,88,112
2000,17,985,228,1.14,1015,985
10000,17,4919,4691,23.45,5081,4919
20000,17,10002,5381,26.9,9998,10002
40000,17,19819,39248,196.24,20181,19819
60000,17,29681,8903,44.52,30319,29681
80000,17,39805,21184,105.92,40195,39805
100000,17,49786,26347,131.73,50214,49786
2,18,1,1,0.01,1,1
3,18,2,1,0.01,1,2
100,18,57,44,0.22,43,57
200,18,99,25,0.13,101,99
2000,18,993,1116,5.58,1007,993
10000,18,4948,3804,19.02,5052,4948
20000,18,9907,501,2.5,10093,9907
40000,18,20002,9123,45.62,19998,20002
60000,18,29980,18017,90.08,30020,29980
80000,18,40222,22539,112.69,39778,40222
100000,18,49932,17168,85.84,50068,49932
2,19,1,1,0.01,1,1
3,19,3,1,0.01,0,3
100,19,48,38,0.19,52,48
200,19,96,123,0.62,104,96
2000,19,987,474,2.37,1013,987
10000,19,4891,4740,23.7,5109,4891
20000,19,9898,10375,51.88,10102,9898
40000,19,19904,9814,49.07,20096,19904
60000,19,29839,8755,43.78,30161,29839
80000,19,39943,18730,93.65,40057,39943
100000,19,49894,38369,191.84,50106,49894
2,20,1,1,0.01,1,1
3,20,2,2,0.01,1,2
100,20,44,60,0.3,56,44
200,20,85,156,0.78,115,85
2000,20,985,921,4.6,1015,985
10000,20,5024,6129,30.64,4976,5024
20000,20,10073,5357,26.78,9927,10073
40000,20,20080,4280,21.4,19920,20080
60000,20,29777,26981,134.9,30223,29777
80000,20,40072,18344,91.72,39928,40072
100000,20,50021,13691,68.46,49979,50021
2,21,1,1,0.01,1,1
3,21,1,2,0.01,2,1
100,21,56,15,0.08,44,56
200,21,100,193,0.97,100,100
2000,21,967,212,1.06,1033,967
10000,21,4967,1134,5.67,5033,4967
20000,21,10036,8160,40.8,9964,10036
40000,21,20040,9384,46.92,19960,20040
60000,21,30047,27102,135.51,29953,30047
80000,21,40044,23715,118.57,39956,40044
100000,21,49973,5216,26.08,50027,49973
2,22,1,1,0.01,1,1
3,22,3,1,0.01,0,3
100,22,52,90,0.45,48,52
200,22,94,180,0.9,106,94
2000,22,982,1580,7.9,1018,982
10000,22,5035,538,2.69,4965,5035
20000,22,9937,2384,11.92,10063,9937
40000,22,19765,3802,19.01,20235,19765
60000,22,30191,1558,7.79,29809,30191
80000,22,39883,38676,193.38,40117,39883
100000,22,50257,19626,98.13,49743,50257
2,23,1,1,0.01,1,1
3,23,1,1,0.01,2,1
100,23,54,64,0.32,46,54
200,23,98,34,0.17,102,98
2000,23,968,505,2.52,1032,968
10000,23,5029,1493,7.46,4971,5029
20000,23,9870,18494,92.47,10130,9870
40000,23,20009,9881,49.41,19991,20009
60000,23,29930,16870,84.35,30070,29930
80000,23,39775,48428,242.14,40225,39775
100000,23,49626,31184,155.92,50374,49626
2,24,2,1,0.01,0,2
3,24,1,1,0.01,2,1
100,24,51,65,0.33,49,51
200,24,99,7,0.04,101,99
2000,24,989,1973,9.87,1011,989
10000,24,4905,3229,16.15,5095,4905
20000,24,10059,10642,53.21,9941,10059
40000,24,20141,3010,15.05,19859,20141
60000,24,29938,2782,13.91,30062,29938
80000,24,40083,5635,28.17,39917,40083
100000,24,50003,5347,26.73,49997,50003
2,25,2,1,0.01,0,2
3,25,2,2,0.01,1,2
100,25,45,68,0.34,55,45
200,25,108,6,0.03,92,108
2000,25,1027,486,2.43,973,1027
10000,25,4911,5327,26.63,5089,4911
20000,25,9888,6891,34.45,10112,9888
40000,25,20071,11204,56.02,19929,20071
60000,25,29867,10273,51.37,30133,29867
80000,25,39718,40968,204.84,40282,39718
100000,25,49856,17543,87.71,50144,49856
2,26,1,1,0.01,1,1
3,26,0,1,0.01,3,0
100,26,50,11,0.06,50,50
200,26,106,60,0.3,94,106
2000,26,988,689,3.44,1012,988
10000,26,4983,5368,26.84,5017,4983
20000,26,9937,5195,25.97,10063,9937
40000,26,20070,22161,110.8,19930,20070
60000,26,29797,19958,99.79,30203,29797
80000,26,39893,31337,156.68,40107,39893
100000,26,49652,33579,167.89,50348,49652
2,27,1,1,0.01,1,1
3,27,2,1,0.01,1,2
100,27,55,91,0.46,45,55
200,27,94,192,0.96,106,94
2000,27,1004,963,4.81,996,1004
10000,27,4967,7062,35.31,5033,4967
20000,27,10035,3092,15.46,9965,10035
40000,27,19964,7839,39.2,20036,19964
60000,27,29824,122,0.61,30176,29824
80000,27,40072,8778,43.89,39928,40072
100000,27,49712,37151,185.75,50288,49712
2,28,1,1,0.01,1,1
3,28,2,1,0.01,1,2
100,28,52,68,0.34,48,52
200,28,105,196,0.98,95,105
2000,28,1013,914,4.57,987,1013
10000,28,4978,6632,33.16,5022,4978
20000,28,9966,2819,14.1,10034,9966
40000,28,19956,2303,11.52,20044,19956
60000,28,29792,2798,13.99,30208,29792
80000,28,39677,19929,99.64,40323,39677
100000,28,49985,39695,198.47,50015,49985
2,29,0,1,0.01,2,0
3,29,1,2,0.01,2,1
100,29,54,61,0.31,46,54
200,29,94,75,0.38,106,94
2000,29,975,545,2.72,1025,975
10000,29,4909,4371,21.85,5091,4909
20000,29,9844,885,4.42,10156,9844
40000,29,19888,8289,41.45,20112,19888
60000,29,29987,13287,66.44,30013,29987
80000,29,39947,14258,71.29,40053,39947
100000,29,49734,26667,133.33,50266,49734
2,30,0,1,0.01,2,0
3,30,1,1,0.01,2,1
100,30,50,5,0.03,50,50
200,30,105,181,0.91,95,105
2000,30,1016,480,2.4,984,1016
10000,30,4938,7208,36.04,5062,4938
20000,30,10003,7007,35.03,9997,10003
40000,30,19828,6346,31.73,20172,19828
60000,30,29811,21224,106.12,30189,29811
80000,30,39839,26081,130.4,40161,39839
100000,30,50200,9651,48.26,49800,50200
2,31,1,1,0.01,1,1
3,31,2,2,0.01,1,2
100,31,46,84,0.42,54,46
200,31,97,72,0.36,103,97
2000,31,950,1800,9.0,1050,950
10000,31,4931,6801,34.0,5069,4931
20000,31,9802,13562,67.81,10198,9802
40000,31,20009,17224,86.12,19991,20009
60000,31,29756,16644,83.22,30244,29756
80000,31,39900,22522,112.61,40100,39900
100000,31,50092,4373,21.86,49908,50092
2,32,0,1,0.01,2,0
3,32,1,1,0.01,2,1
100,32,50,3,0.02,50,50
200,32,99,92,0.46,101,99
2000,32,985,14,0.07,1015,985
10000,32,4984,6038,30.19,5016,4984
20000,32,9809,15201,76.01,10191,9809
40000,32,20110,8423,42.12,19890,20110
60000,32,30018,12198,60.99,29982,30018
80000,32,39830,35820,179.1,40170,39830
100000,32,49983,787,3.93,50017,49983
2,33,2,1,0.01,0,2
3,33,2,2,0.01,1,2
100,33,42,4,0.02,58,42
200,33,92,92,0.46,108,92
2000,33,1022,678,3.39,978,1022
10000,33,4964,1875,9.38,5036,4964
20000,33,10022,34,0.17,9978,10022
40000,33,20048,9286,46.43,19952,20048
60000,33,30032,18691,93.45,29968,30032
80000,33,39829,3840,19.2,40171,39829
100000,33,50076,12429,62.15,49924,50076
2,34,1,1,0.01,1,1
3,34,3,1,0.01,0,3
100,34,47,10,0.05,53,47
200,34,96,10,0.05,104,96
2000,34,988,439,2.19,1012,988
10000,34,4998,5403,27.01,5002,4998
20000,34,9963,166,0.83,10037,9963
40000,34,19832,26147,130.73,20168,19832
60000,34,29958,15540,77.7,30042,29958
80000,34,39991,8006,40.03,40009,39991
100000,34,49709,39032,195.16,50291,49709
2,35,1,1,0.01,1,1
3,35,1,1,0.01,2,1
100,35,48,84,0.42,52,48
200,35,97,68,0.34,103,97
2000,35,974,1487,7.43,1026,974
10000,35,4924,5101,25.5,5076,4924
20000,35,9932,6693,33.46,10068,9932
40000,35,20013,7453,37.27,19987,20013
60000,35,29769,7265,36.33,30231,29769
80000,35,39920,18010,90.05,40080,39920
100000,35,49767,54452,272.26,50233,49767
2,36,0,1,0.01,2,0
3,36,2,2,0.01,1,2
100,36,48,46,0.23,52,48
200,36,92,149,0.75,108,92
2000,36,971,1992,9.96,1029,971
10000,36,4961,5730,28.65,5039,4961
20000,36,9797,8091,40.46,10203,9797
40000,36,19991,16070,80.35,20009,19991
60000,36,30014,2202,11.01,29986,30014
80000,36,39490,41982,209.91,40510,39490
100000,36,49905,42171,210.85,50095,49905
2,37,1,1,0.01,1,1
3,37,2,1,0.01,1,2
100,37,45,79,0.4,55,45
200,37,93,65,0.33,107,93
2000,37,972,1156,5.78,1028,972
10000,37,4930,1903,9.52,5070,4930
20000,37,9908,4789,23.94,10092,9908
40000,37,19956,10606,53.03,20044,19956
60000,37,30183,76,0.38,29817,30183
80000,37,39612,14374,71.87,40388,39612
100000,37,49915,6033,30.16,50085,49915
2,38,0,1,0.01,2,0
3,38,0,1,0.01,3,0
100,38,44,23,0.12,56,44
200,38,97,90,0.45,103,97
2000,38,981,698,3.49,1019,981
10000,38,5007,7215,36.08,4993,5007
20000,38,10007,5796,28.98,9993,10007
40000,38,19917,23828,119.14,20083,19917
60000,38,29896,27875,139.37,30104,29896
80000,38,39865,13647,68.24,40135,39865
100000,38,49855,21420,107.1,50145,49855
2,39,0,1,0.01,2,0
3,39,2,1,0.01,1,2
100,39,43,14,0.07,57,43
200,39,102,108,0.54,98,102
2000,39,1008,29,0.15,992,1008
10000,39,5018,7460,37.3,4982,5018
20000,39,9884,8017,40.09,10116,9884
40000,39,20048,8470,42.35,19952,20048
60000,39,29851,32993,164.96,30149,29851
80000,39,40087,7858,39.29,39913,40087
100000,39,50034,19092,95.46,49966,50034
2,40,2,1,0.01,0,2
3,40,2,2,0.01,1,2
100,40,50,46,0.23,50,50
200,40,100,59,0.3,100,100
2000,40,977,1451,7.25,1023,977
10000,40,4923,860,4.3,5077,4923
20000,40,9986,7946,39.73,10014,9986
40000,40,20097,12252,61.26,19903,20097
60000,40,29884,6793,33.96,30116,29884
80000,40,39760,17750,88.75,40240,39760
100000,40,49727,24337,121.68,50273,49727
2,41,0,1,0.01,2,0
3,41,2,1,0.01,1,2
100,41,45,24,0.12,55,45
200,41,110,75,0.38,90,110
2000,41,976,395,1.97,1024,976
10000,41,5004,7968,39.84,4996,5004
20000,41,9922,19940,99.7,10078,9922
40000,41,19822,7342,36.71,20178,19822
60000,41,29847,19892,99.46,30153,29847
80000,41,39875,24335,121.67,40125,39875
100000,41,50178,19127,95.63,49822,50178
2,42,2,1,0.01,0,2
3,42,2,1,0.01,1,2
100,42,43,40,0.2,57,43
200,42,108,192,0.96,92,108
2000,42,1006,1376,6.88,994,1006
10000,42,4936,4402,22.01,5064,4936
20000,42,9785,12742,63.71,10215,9785
40000,42,19922,20080,100.4,20078,19922
60000,42,30100,8237,41.19,29900,30100
80000,42,39936,22952,114.76,40064,39936
100000,42,49658,36434,182.17,50342,49658
2,43,0,1,0.01,2,0
3,43,2,2,0.01,1,2
100,43,47,21,0.11,53,47
200,43,87,137,0.69,113,87
2000,43,1003,733,3.66,997,1003
10000,43,4983,342,1.71,5017,4983
20000,43,10045,151,0.76,9955,10045
40000,43,20006,5055,25.27,19994,20006
60000,43,30012,4943,24.71,29988,30012
80000,43,39952,5108,25.54,40048,39952
100000,43,49826,15394,76.97,50174,49826
2,44,1,1,0.01,1,1
3,44,2,1,0.01,1,2
100,44,58,44,0.22,42,58
200,44,99,133,0.67,101,99
2000,44,999,1822,9.11,1001,999
10000,44,4921,8378,41.89,5079,4921
20000,44,10032,5712,28.56,9968,10032
40000,44,19868,17450,87.25,20132,19868
60000,44,29839,17992,89.96,30161,29839
80000,44,39936,10911,54.56,40064,39936
100000,44,50110,34330,171.65,49890,50110
2,45,2,1,0.01,0,2
3,45,0,1,0.01,3,0
100,45,58,50,0.25,42,58
200,45,102,158,0.79,98,102
2000,45,1002,230,1.15,998,1002
10000,45,5002,16,0.08,4998,5002
20000,45,9978,4139,20.7,10022,9978
40000,45,19967,20599,102.99,20033,19967
60000,45,29838,17586,87.93,30162,29838
80000,45,40083,14775,73.88,39917,40083
100000,45,50288,30134,150.67,49712,50288
2,46,1,1,0.01,1,1
3,46,2,1,0.01,1,2
100,46,49,9,0.05,51,49
200,46,112,196,0.98,88,112
2000,46,955,530,2.65,1045,955
10000,46,4941,3725,18.63,5059,4941
20000,46,10079,4854,24.27,9921,10079
40000,46,19913,19929,99.64,20087,19913
60000,46,30113,1384,6.92,29887,30113
80000,46,39836,13239,66.2,40164,39836
100000,46,49926,19260,96.3,50074,49926
2,47,0,1,0.01,2,0
3,47,2,1,0.01,1,2
100,47,55,81,0.41,45,55
200,47,96,40,0.2,104,96
2000,47,993,1056,5.28,1007,993
10000,47,5036,1212,6.06,4964,5036
20000,47,9879,9293,46.47,10121,9879
40000,47,19850,11227,56.14,20150,19850
60000,47,29864,25163,125.81,30136,29864
80000,47,39634,23604,118.02,40366,39634
100000,47,50026,38914,194.57,49974,50026
2,48,2,1,0.01,0,2
3,48,0,1,0.01,3,0
100,48,49,94,0.47,51,49
200,48,97,93,0.47,103,97
2000,48,990,461,2.3,1010,990
10000,48,4993,694,3.47,5007,4993
20000,48,9926,5115,25.57,10074,9926
40000,48,19946,18772,93.86,20054,19946
60000,48,29795,12167,60.84,30205,29795
80000,48,39727,18014,90.07,40273,39727
100000,48,50015,13048,65.24,49985,50015
2,49,2,1,0.01,0,2
3,49,2,2,0.01,1,2
100,49,47,40,0.2,53,47
200,49,96,166,0.83,104,96
2000,49,967,845,4.22,1033,967
10000,49,4938,1739,8.69,5062,4938
20000,49,10130,515,2.57,9870,10130
40000,49,19961,2387,11.94,20039,19961
60000,49,29811,35489,177.44,30189,29811
80000,49,39785,28134,140.67,40215,39785
100000,49,49922,3924,19.62,50078,49922
2,50,2,1,0.01,0,2
3,50,2,1,0.01,1,2
100,50,53,8,0.04,47,53
200,50,101,179,0.9,99,101
2000,50,1008,405,2.02,992,1008
10000,50,4975,6343,31.71,5025,4975
20000,50,10004,12536,62.68,9996,10004
40000,50,19908,7553,37.77,20092,19908
60000,50,30011,17403,87.01,29989,30011
80000,50,39991,9601,48.01,40009,39991
100000,50,49804,52481,262.4,50196,49804
2,51,2,1,0.01,0,2
3,51,2,1,0.01,1,2
100,51,45,19,0.1,55,45
200,51,109,23,0.12,91,109
2000,51,1015,16,0.08,985,1015
10000,51,5026,625,3.12,4974,5026
20000,51,9972,2566,12.83,10028,9972
40000,51,19910,12583,62.92,20090,19910
60000,51,30121,10091,50.46,29879,30121
80000,51,39877,19202,96.01,40123,39877
100000,51,49879,31225,156.12,50121,49879
2,52,1,1,0.01,1,1
3,52,1,2,0.01,2,1
100,52,51,70,0.35,49,51
200,52,95,108,0.54,105,95
2000,52,1004,1762,8.81,996,1004
10000,52,5032,3827,19.14,4968,5032
20000,52,9865,3361,16.81,10135,9865
40000,52,19865,7519,37.6,20135,19865
60000,52,30064,14015,70.08,29936,30064
80000,52,39842,28262,141.31,40158,39842
100000,52,49565,37867,189.33,50435,49565
2,53,2,1,0.01,0,2
3,53,1,1,0.01,2,1
100,53,48,83,0.42,52,48
200,53,101,46,0.23,99,101
2000,53,978,670,3.35,1022,978
10000,53,4970,5115,25.57,5030,4970
20000,53,10031,2976,14.88,9969,10031
40000,53,19915,7267,36.34,20085,19915
60000,53,29999,18,0.09,30001,29999
80000,53,39795,31618,158.09,40205,39795
100000,53,50258,11987,59.94,49742,50258
2,54,1,1,0.01,1,1
3,54,2,1,0.01,1,2
100,54,55,69,0.35,45,55
200,54,105,157,0.79,95,105
2000,54,992,1458,7.29,1008,992
10000,54,4981,1689,8.44,5019,4981
20000,54,9931,19752,98.76,10069,9931
40000,54,19942,10322,51.61,20058,19942
60000,54,29896,24353,121.76,30104,29896
80000,54,40100,24499,122.49,39900,40100
100000,54,49751,29126,145.63,50249,49751
2,55,0,1,0.01,2,0
3,55,0,1,0.01,3,0
100,55,46,7,0.04,54,46
200,55,106,4,0.02,94,106
2000,55,974,835,4.17,1026,974
10000,55,4953,4184,20.92,5047,4953
20000,55,10091,4358,21.79,9909,10091
40000,55,19921,16141,80.7,20079,19921
60000,55,29740,23364,116.82,30260,29740
80000,55,39893,17093,85.46,40107,39893
100000,55,50072,26531,132.65,49928,50072
2,56,2,1,0.01,0,2
3,56,1,1,0.01,2,1
100,56,52,3,0.02,48,52
200,56,100,141,0.71,100,100
2000,56,989,499,2.49,1011,989
10000,56,4957,13,0.07,5043,4957
20000,56,9922,7208,36.04,10078,9922
40000,56,19896,1496,7.48,20104,19896
60000,56,29764,59514,297.57,30236,29764
80000,56,40018,24333,121.66,39982,40018
100000,56,49813,21132,105.66,50187,49813
2,57,1,1,0.01,1,1
3,57,1,1,0.01,2,1
100,57,47,58,0.29,53,47
200,57,84,71,0.36,116,84
2000,57,975,968,4.84,1025,975
10000,57,5055,7866,39.33,4945,5055
20000,57,9828,7839,39.2,10172,9828
40000,57,19869,7829,39.15,20131,19869
60000,57,29887,23057,115.28,30113,29887
80000,57,39663,8649,43.25,40337,39663
100000,57,49856,39995,199.97,50144,49856
2,58,2,1,0.01,0,2
3,58,2,2,0.01,1,2
100,58,49,65,0.33,51,49
200,58,109,4,0.02,91,109
2000,58,1001,1364,6.82,999,1001
10000,58,5086,512,2.56,4914,5086
20000,58,10099,3512,17.56,9901,10099
40000,58,19889,16301,81.5,20111,19889
60000,58,29841,24871,124.35,30159,29841
80000,58,39971,18576,92.88,40029,39971
100000,58,50198,2875,14.38,49802,50198
2,59,2,1,0.01,0,2
3,59,2,1,0.01,1,2
100,59,49,36,0.18,51,49
200,59,96,113,0.57,104,96
2000,59,1011,1781,8.9,989,1011
10000,59,4952,8605,43.03,5048,4952
20000,59,9961,9693,48.47,10039,9961
40000,59,19913,123,0.62,20087,19913
60000,59,30035,7179,35.89,29965,30035
80000,59,39755,24288,121.44,40245,39755
100000,59,49934,19614,98.07,50066,49934
2,60,2,1,0.01,0,2
3,60,2,1,0.01,1,2
100,60,54,73,0.37,46,54
200,60,94,96,0.48,106,94
2000,60,994,679,3.39,1006,994
10000,60,4965,2169,10.85,5035,4965
20000,60,9951,6389,31.94,10049,9951
40000,60,19832,26662,133.31,20168,19832
60000,60,29948,22256,111.28,30052,29948
80000,60,39912,4544,22.72,40088,39912
100000,60,49733,56571,282.85,50267,49733
2,61,2,1,0.01,0,2
3,61,1,1,0.01,2,1
100,61,51,90,0.45,49,51
200,61,99,92,0.46,101,99
2000,61,1020,409,2.04,980,1020
10000,61,4980,5194,25.97,5020,4980
20000,61,9826,19610,98.05,10174,9826
40000,61,20048,15777,78.89,19952,20048
60000,61,29901,21038,105.19,30099,29901
80000,61,40006,19227,96.13,39994,40006
100000,61,49735,24446,122.23,50265,49735
2,62,1,1,0.01,1,1
3,62,2,2,0.01,1,2
100,62,43,86,0.43,57,43
200,62,109,40,0.2,91,109
2000,62,1002,1488,7.44,998,1002
10000,62,4905,6879,34.39,5095,4905
20000,62,9912,5336,26.68,10088,9912
40000,62,20036,23270,116.35,19964,20036
60000,62,29839,18894,94.47,30161,29839
80000,62,40215,8906,44.53,39785,40215
100000,62,49866,29299,146.49,50134,49866
2,63,1,1,0.01,1,1
3,63,1,1,0.01,2,1
100,63,51,80,0.4,49,51
200,63,110,175,0.88,90,110
2000,63,1020,1261,6.3,980,1020
10000,63,4970,8619,43.1,5030,4970
20000,63,9908,2983,14.92,10092,9908
40000,63,19941,23484,117.42,20059,19941
60000,63,29816,22116,110.58,30184,29816
80000,63,39893,12232,61.16,40107,39893
100000,63,49940,12217,61.09,50060,49940
2,64,1,1,0.01,1,1
3,64,2,1,0.01,1,2
100,64,50,40,0.2,50,50
200,64,103,44,0.22,97,103
2000,64,967,17,0.09,1033,967
10000,64,4967,72,0.36,5033,4967
20000,64,9987,4047,20.24,10013,9987
40000,64,19924,9193,45.97,20076,19924
60000,64,30032,11076,55.38,29968,30032
80000,64,39904,17480,87.4,40096,39904
100000,64,49910,16874,84.37,50090,49910
2,65,0,1,0.01,2,0
3,65,1,2,0.01,2,1
100,65,54,74,0.37,46,54
200,65,97,189,0.95,103,97
2000,65,991,902,4.51,1009,991
10000,65,4994,3507,17.54,5006,4994
20000,65,9925,13130,65.65,10075,9925
40000,65,19855,11128,55.64,20145,19855
60000,65,30063,3545,17.73,29937,30063
80000,65,39644,41207,206.03,40356,39644
100000,65,50146,5658,28.29,49854,50146
2,66,1,1,0.01,1,1
3,66,2,1,0.01,1,2
100,66,59,6,0.03,41,59
200,66,86,131,0.66,114,86
2000,66,967,1357,6.78,1033,967
10000,66,4995,2227,11.14,5005,4995
20000,66,10012,2042,10.21,9988,10012
40000,66,20029,8192,40.96,19971,20029
60000,66,30081,7125,35.62,29919,30081
80000,66,39844,43781,218.9,40156,39844
100000,66,49843,24407,122.03,50157,49843
2,67,1,1,0.01,1,1
3,67,2,1,0.01,1,2
100,67,47,65,0.33,53,47
200,67,98,15,0.08,102,98
2000,67,999,902,4.51,1001,999
10000,67,4983,7649,38.25,5017,4983
20000,67,9946,15386,76.93,10054,9946
40000,67,20152,1143,5.71,19848,20152
60000,67,30129,193,0.97,29871,30129
80000,67,39967,7892,39.46,40033,39967
100000,67,49876,29355,146.77,50124,49876
2,68,1,1,0.01,1,1
3,68,1,1,0.01,2,1
100,68,44,61,0.31,56,44
200,68,111,28,0.14,89,111
2000,68,1003,543,2.71,997,1003
10000,68,4965,4400,22.0,5035,4965
20000,68,9941,6771,33.85,10059,9941
40000,68,19825,22038,110.19,20175,19825
60000,68,29992,20551,102.75,30008,29992
80000,68,39736,26448,132.24,40264,39736
100000,68,49807,10054,50.27,50193,49807
2,69,1,1,0.01,1,1
3,69,1,1,0.01,2,1
100,69,51,37,0.19,49,51
200,69,97,78,0.39,103,97
2000,69,980,1451,7.25,1020,980
10000,69,4910,4306,21.53,5090,4910
20000,69,9901,8112,40.56,10099,9901
40000,69,19882,16200,81.0,20118,19882
60000,69,29995,19432,97.16,30005,29995
80000,69,39800,16613,83.06,40200,39800
100000,69,49868,40321,201.6,50132,49868
2,70,1,1,0.01,1,1
3,70,1,1,0.01,2,1
100,70,52,78,0.39,48,52
200,70,101,108,0.54,99,101
2000,70,991,743,3.71,1009,991
10000,70,4994,3752,18.76,5006,4994
20000,70,10044,1135,5.67,9956,10044
40000,70,20042,18344,91.72,19958,20042
60000,70,30155,11678,58.39,29845,30155
80000,70,39690,64293,321.46,40310,39690
100000,70,49886,16263,81.31,50114,49886
2,71,2,1,0.01,0,2
3,71,3,1,0.01,0,3
100,71,47,65,0.33,53,47
200,71,101,12,0.06,99,101
2000,71,1029,1377,6.88,971,1029
10000,71,4888,9848,49.24,5112,4888
20000,71,9933,6843,34.21,10067,9933
40000,71,20015,8361,41.81,19985,20015
60000,71,29928,13264,66.32,30072,29928
80000,71,39849,3826,19.13,40151,39849
100000,71,49988,23726,118.63,50012,49988
2,72,1,1,0.01,1,1
3,72,1,2,0.01,2,1
100,72,46,36,0.18,54,46
200,72,100,108,0.54,100,100
2000,72,967,14,0.07,1033,967
10000,72,4952,8075,40.38,5048,4952
20000,72,9998,13220,66.1,10002,9998
40000,72,19897,19692,98.46,20103,19897
60000,72,29929,14699,73.5,30071,29929
80000,72,40073,992,4.96,39927,40073
100000,72,49683,60555,302.77,50317,49683
2,73,2,1,0.01,0,2
3,73,0,1,0.01,3,0
100,73,43,95,0.48,57,43
200,73,101,14,0.07,99,101
2000,73,1019,567,2.83,981,1019
10000,73,4986,1482,7.41,5014,4986
20000,73,10067,144,0.72,9933,10067
40000,73,19891,23977,119.88,20109,19891
60000,73,29656,26628,133.14,30344,29656
80000,73,39832,8974,44.87,40168,39832
100000,73,50180,11960,59.8,49820,50180
2,74,0,1,0.01,2,0
3,74,0,1,0.01,3,0
100,74,46,73,0.37,54,46
200,74,96,163,0.82,104,96
2000,74,982,535,2.67,1018,982
10000,74,4971,2544,12.72,5029,4971
20000,74,9991,2055,10.28,10009,9991
40000,74,19905,13398,66.99,20095,19905
60000,74,29818,15719,78.6,30182,29818
80000,74,39979,16858,84.29,40021,39979
100000,74,49941,14938,74.69,50059,49941
2,75,1,1,0.01,1,1
3,75,1,1,0.01,2,1
100,75,50,25,0.13,50,50
200,75,103,176,0.88,97,103
2000,75,983,622,3.11,1017,983
10000,75,4996,1596,7.98,5004,4996
20000,75,9951,69,0.35,10049,9951
40000,75,19740,13515,67.58,20260,19740
60000,75,30014,8050,40.25,29986,30014
80000,75,40006,10654,53.27,39994,40006
100000,75,49928,16802,84.01,50072,49928
2,76,1,1,0.01,1,1
3,76,2,1,0.01,1,2
100,76,52,10,0.05,48,52
200,76,93,98,0.49,107,93
2000,76,998,1323,6.61,1002,998
10000,76,4905,4290,21.45,5095,4905
20000,76,9913,2552,12.76,10087,9913
40000,76,19848,7940,39.7,20152,19848
60000,76,30099,21931,109.65,29901,30099
80000,76,40120,5433,27.16,39880,40120
100000,76,50089,2565,12.83,49911,50089
2,77,1,1,0.01,1,1
3,77,2,1,0.01,1,2
100,77,53,97,0.49,47,53
200,77,104,62,0.31,96,104
2000,77,1026,848,4.24,974,1026
10000,77,4942,9991,49.96,5058,4942
20000,77,9912,4496,22.48,10088,9912
40000,77,19852,17409,87.04,20148,19852
60000,77,30162,6690,33.45,29838,30162
80000,77,39828,42227,211.13,40172,39828
100000,77,50064,1395,6.97,49936,50064
2,78,1,1,0.01,1,1
3,78,2,1,0.01,1,2
100,78,46,51,0.26,54,46
200,78,98,68,0.34,102,98
2000,78,1007,806,4.03,993,1007
10000,78,5012,1953,9.77,4988,5012
20000,78,10062,718,3.59,9938,10062
40000,78,20033,7903,39.52,19967,20033
60000,78,29973,10558,52.79,30027,29973
80000,78,40054,41103,205.51,39946,40054
100000,78,49753,26827,134.13,50247,49753
2,79,1,1,0.01,1,1
3,79,3,1,0.01,0,3
100,79,53,73,0.37,47,53
200,79,86,50,0.25,114,86
2000,79,996,1993,9.97,1004,996
10000,79,4973,2054,10.27,5027,4973
20000,79,10000,2102,10.51,10000,10000
40000,79,19668,28151,140.75,20332,19668
60000,79,29976,22944,114.72,30024,29976
80000,79,39846,38826,194.13,40154,39846
100000,79,50000,19797,98.98,50000,50000
2,80,1,1,0.01,1,1
3,80,1,1,0.01,2,1
100,80,47,93,0.47,53,47
200,80,98,55,0.28,102,98
2000,80,970,1823,9.12,1030,970
10000,80,4957,3053,15.27,5043,4957
20000,80,9927,1203,6.01,10073,9927
40000,80,19929,24383,121.91,20071,19929
60000,80,29965,10064,50.32,30035,29965
80000,80,40014,39321,196.6,39986,40014
100000,80,50022,23225,116.12,49978,50022
2,81,1,1,0.01,1,1
3,81,1,1,0.01,2,1
100,81,44,4,0.02,56,44
200,81,107,135,0.68,93,107
2000,81,994,1905,9.53,1006,994
10000,81,5015,5205,26.02,4985,5015
20000,81,10051,8153,40.77,9949,10051
40000,81,19892,10487,52.44,20108,19892
60000,81,29710,28882,144.41,30290,29710
80000,81,39719,30393,151.96,40281,39719
100000,81,49772,26822,134.11,50228,49772
2,82,0,1,0.01,2,0
3,82,0,1,0.01,3,0
100,82,49,60,0.3,51,49
200,82,105,71,0.36,95,105
2000,82,1007,1012,5.06,993,1007
10000,82,5007,1822,9.11,4993,5007
20000,82,10011,1913,9.57,9989,10011
40000,82,20039,5617,28.08,19961,20039
60000,82,29667,32017,160.08,30333,29667
80000,82,39831,26197,130.98,40169,39831
100000,82,50125,33795,168.97,49875,50125
2,83,1,1,0.01,1,1
3,83,1,2,0.01,2,1
100,83,50,24,0.12,50,50
200,83,97,89,0.45,103,97
2000,83,947,1147,5.73,1053,947
10000,83,4998,8587,42.94,5002,4998
20000,83,9933,9519,47.6,10067,9933
40000,83,19760,10286,51.43,20240,19760
60000,83,30092,5028,25.14,29908,30092
80000,83,39597,52285,261.42,40403,39597
100000,83,49803,23013,115.06,50197,49803
2,84,0,1,0.01,2,0
3,84,2,2,0.01,1,2
100,84,56,30,0.15,44,56
200,84,102,14,0.07,98,102
2000,84,1037,414,2.07,963,1037
10000,84,5022,5172,25.86,4978,5022
20000,84,10009,10097,50.49,9991,10009
40000,84,19732,25370,126.85,20268,19732
60000,84,30061,10388,51.94,29939,30061
80000,84,39727,27767,138.83,40273,39727
100000,84,50009,11213,56.07,49991,50009
2,85,1,1,0.01,1,1
3,85,2,1,0.01,1,2
100,85,51,10,0.05,49,51
200,85,100,101,0.51,100,100
2000,85,1007,704,3.52,993,1007
10000,85,5044,169,0.85,4956,5044
20000,85,9970,7989,39.95,10030,9970
40000,85,19970,8706,43.53,20030,19970
60000,85,30004,4791,23.95,29996,30004
80000,85,39807,27360,136.8,40193,39807
100000,85,49686,11537,57.69,50314,49686
2,86,0,1,0.01,2,0
3,86,0,1,0.01,3,0
100,86,54,18,0.09,46,54
200,86,104,82,0.41,96,104
2000,86,991,1978,9.89,1009,991
10000,86,4907,5308,26.54,5093,4907
20000,86,10055,4526,22.63,9945,10055
40000,86,19764,13939,69.7,20236,19764
60000,86,29785,19405,97.02,30215,29785
80000,86,39721,27694,138.47,40279,39721
100000,86,49962,29286,146.43,50038,49962
2,87,0,1,0.01,2,0
3,87,1,1,0.01,2,1
100,87,44,6,0.03,56,44
200,87,93,72,0.36,107,93
2000,87,989,1103,5.51,1011,989
10000,87,4972,5496,27.48,5028,4972
20000,87,10036,3982,19.91,9964,10036
40000,87,19768,26985,134.92,20232,19768
60000,87,29913,21436,107.18,30087,29913
80000,87,39919,24807,124.03,40081,39919
100000,87,49972,7551,37.76,50028,49972
2,88,0,1,0.01,2,0
3,88,2,1,0.01,1,2
100,88,54,23,0.12,46,54
200,88,98,45,0.23,102,98
2000,88,1013,299,1.49,987,1013
10000,88,4957,4722,23.61,5043,4957
20000,88,10008,5408,27.04,9992,10008
40000,88,19855,18368,91.84,20145,19855
60000,88,30130,16834,84.17,29870,30130
80000,88,40014,7683,38.42,39986,40014
100000,88,49594,35467,177.33,50406,49594
2,89,2,1,0.01,0,2
3,89,1,1,0.01,2,1
100,89,56,51,0.26,44,56
200,89,90,195,0.98,110,90
2000,89,1011,1398,6.99,989,1011
10000,89,5018,3099,15.5,4982,5018
20000,89,9961,5500,27.5,10039,9961
40000,89,20039,3138,15.69,19961,20039
60000,89,30025,10545,52.73,29975,30025
80000,89,39896,8972,44.86,40104,39896
100000,89,49931,23761,118.8,50069,49931
2,90,2,1,0.01,0,2
3,90,1,2,0.01,2,1
100,90,49,68,0.34,51,49
200,90,101,193,0.97,99,101
2000,90,1025,7,0.04,975,1025
10000,90,5025,2064,10.32,4975,5025
20000,90,10013,4453,22.26,9987,10013
40000,90,20010,13138,65.69,19990,20010
60000,90,30028,9863,49.32,29972,30028
80000,90,39713,12291,61.46,40287,39713
100000,90,49620,52390,261.95,50380,49620
2,91,1,1,0.01,1,1
3,91,3,1,0.01,0,3
100,91,51,73,0.37,49,51
200,91,106,99,0.5,94,106
2000,91,998,1863,9.32,1002,998
10000,91,5006,3124,15.62,4994,5006
20000,91,10065,3773,18.87,9935,10065
40000,91,19943,13135,65.68,20057,19943
60000,91,29901,16532,82.66,30099,29901
80000,91,39712,35778,178.89,40288,39712
100000,91,49765,24913,124.56,50235,49765
2,92,1,1,0.01,1,1
3,92,2,1,0.01,1,2
100,92,56,95,0.48,44,56
200,92,102,109,0.55,98,102
2000,92,985,1927,9.64,1015,985
10000,92,4994,8503,42.52,5006,4994
20000,92,9990,2786,13.93,10010,9990
40000,92,19964,11586,57.93,20036,19964
60000,92,29997,577,2.88,30003,29997
80000,92,39921,33985,169.92,40079,39921
100000,92,49933,424,2.12,50067,49933
2,93,0,1,0.01,2,0
3,93,3,1,0.01,0,3
100,93,52,79,0.4,48,52
200,93,92,81,0.41,108,92
2000,93,996,1066,5.33,1004,996
10000,93,4949,6469,32.34,5051,4949
20000,93,10062,7531,37.66,9938,10062
40000,93,19764,10573,52.87,20236,19764
60000,93,30127,3835,19.18,29873,30127
80000,93,40109,10841,54.21,39891,40109
100000,93,49711,23579,117.89,50289,49711
2,94,0,1,0.01,2,0
3,94,2,2,0.01,1,2
100,94,47,42,0.21,53,47
200,94,89,137,0.69,111,89
2000,94,960,1405,7.02,1040,960
10000,94,5006,598,2.99,4994,5006
20000,94,9983,2215,11.08,10017,9983
40000,94,19929,3884,19.42,20071,19929
60000,94,29842,25589,127.94,30158,29842
80000,94,39854,42807,214.03,40146,39854
100000,94,49950,25605,128.02,50050,49950
2,95,1,1,0.01,1,1
3,95,2,1,0.01,1,2
100,95,51,79,0.4,49,51
200,95,107,79,0.4,93,107
2000,95,1009,1508,7.54,991,1009
10000,95,5031,5325,26.62,4969,5031
20000,95,9914,16568,82.84,10086,9914
40000,95,19856,15574,77.87,20144,19856
60000,95,30078,8301,41.51,29922,30078
80000,95,39918,24039,120.19,40082,39918
100000,95,49652,73978,369.89,50348,49652
2,96,0,1,0.01,2,0
3,96,2,1,0.01,1,2
100,96,46,22,0.11,54,46
200,96,109,168,0.84,91,109
2000,96,1015,785,3.92,985,1015
10000,96,5008,3596,17.98,4992,5008
20000,96,9949,4990,24.95,10051,9949
40000,96,20010,2168,10.84,19990,20010
60000,96,29904,770,3.85,30096,29904
80000,96,39665,35083,175.41,40335,39665
100000,96,50061,2999,15.0,49939,50061
2,97,1,1,0.01,1,1
3,97,1,1,0.01,2,1
100,97,47,8,0.04,53,47
200,97,107,14,0.07,93,107
2000,97,1004,1017,5.08,996,1004
10000,97,4975,4718,23.59,5025,4975
20000,97,9926,15261,76.31,10074,9926
40000,97,19816,27911,139.55,20184,19816
60000,97,30045,33034,165.17,29955,30045
80000,97,39961,24758,123.79,40039,39961
100000,97,49613,4856,24.28,50387,49613
2,98,2,1,0.01,0,2
3,98,1,2,0.01,2,1
100,98,52,51,0.26,48,52
200,98,92,195,0.98,108,92
2000,98,974,772,3.86,1026,974
10000,98,5064,752,3.76,4936,5064
20000,98,9917,4308,21.54,10083,9917
40000,98,19992,3197,15.99,20008,19992
60000,98,30001,59085,295.42,29999,30001
80000,98,39754,22714,113.57,40246,39754
100000,98,50279,6996,34.98,49721,50279
2,99,0,1,0.01,2,0
3,99,2,1,0.01,1,2
100,99,48,83,0.42,52,48
200,99,88,194,0.97,112,88
2000,99,997,238,1.19,1003,997
10000,99,5031,5923,29.61,4969,5031
20000,99,10013,3646,18.23,9987,10013
40000,99,19814,15371,76.86,20186,19814
60000,99,29956,9154,45.77,30044,29956
80000,99,39644,56318,281.59,40356,39644
100000,99,49646,60332,301.66,50354,49646
2,100,2,1,0.01,0,2
3,100,1,2,0.01,2,1
100,100,49,9,0.05,51,49
200,100,107,50,0.25,93,107
2000,100,1000,1123,5.61,1000,1000
10000,100,5014,3730,18.65,4986,5014
20000,100,9933,14581,72.91,10067,9933
40000,100,20125,5302,26.51,19875,20125
60000,100,29765,4582,22.91,30235,29765
80000,100,39792,48733,243.66,40208,39792
100000,100,49877,40812,204.06,50123,49877
