Timestep,Iteration,Total Reward,Suboptimal Arms Count,Total Regret,Zeros Count,Ones Count
2,1,1,1,0.01,1,1
3,1,2,1,0.01,1,2
100,1,92,13,0.07,8,92
200,1,176,5,0.03,24,176
2000,1,1793,880,4.4,207,1793
10000,1,8987,2964,14.82,1013,8987
20000,1,17986,7704,38.52,2014,17986
40000,1,36069,8265,41.33,3931,36069
60000,1,53965,10070,50.35,6035,53965
80000,1,71908,9918,49.59,8092,71908
100000,1,89948,29236,146.18,10052,89948
2,2,2,1,0.01,0,2
3,2,2,2,0.01,1,2
100,2,90,57,0.29,10,90
200,2,188,120,0.6,12,188
2000,2,1777,1176,5.88,223,1777
10000,2,9004,4221,21.11,996,9004
20000,2,17983,3351,16.76,2017,17983
40000,2,36085,4965,24.82,3915,36085
60000,2,53950,19470,97.35,6050,53950
80000,2,71885,24170,120.85,8115,71885
100000,2,90009,12339,61.7,9991,90009
2,3,2,1,0.01,0,2
3,3,3,1,0.01,0,3
100,3,91,10,0.05,9,91
200,3,189,99,0.5,11,189
2000,3,1792,996,4.98,208,1792
10000,3,8966,5442,27.21,1034,8966
20000,3,17946,5925,29.62,2054,17946
40000,3,36085,12974,64.87,3915,36085
60000,3,54013,16743,83.71,5987,54013
80000,3,71880,7438,37.19,8120,71880
100000,3,89862,14973,74.87,10138,89862
2,4,2,1,0.01,0,2
3,4,3,1,0.01,0,3
100,4,85,50,0.25,15,85
200,4,181,91,0.46,19,181
2000,4,1793,837,4.18,207,1793
10000,4,8962,5466,27.33,1038,8962
20000,4,17982,4792,23.96,2018,17982
40000,4,35894,12753,63.77,4106,35894
60000,4,53929,9556,47.78,6071,53929
80000,4,71960,17286,86.43,8040,71960
100000,4,89861,31913,159.56,10139,89861
2,5,1,1,0.01,1,1
3,5,3,1,0.01,0,3
100,5,95,46,0.23,5,95
200,5,187,105,0.53,13,187
2000,5,1785,988,4.94,215,1785
10000,5,8963,4643,23.21,1037,8963
20000,5,17993,7050,35.25,2007,17993
40000,5,35867,3550,17.75,4133,35867
60000,5,53847,8506,42.53,6153,53847
80000,5,71921,41508,207.54,8079,71921
100000,5,89971,19564,97.82,10029,89971
2,6,2,1,0.01,0,2
3,6,3,1,0.01,0,3
100,6,86,56,0.28,14,86
200,6,173,122,0.61,27,173
2000,6,1804,1204,6.02,196,1804
10000,6,8952,3784,18.92,1048,8952
20000,6,17911,2068,10.34,2089,17911
40000,6,35865,11042,55.21,4135,35865
60000,6,53928,9434,47.17,6072,53928
80000,6,71974,13341,66.71,8026,71974
100000,6,89927,9803,49.02,10073,89927
2,7,2,1,0.01,0,2
3,7,3,1,0.01,0,3
100,7,91,51,0.26,9,91
200,7,180,136,0.68,20,180
2000,7,1778,1109,5.54,222,1778
10000,7,8953,3133,15.67,1047,8953
20000,7,17958,7529,37.65,2042,17958
40000,7,35983,15284,76.42,4017,35983
60000,7,53900,19246,96.23,6100,53900
80000,7,72017,6674,33.37,7983,72017
100000,7,89907,19645,98.22,10093,89907
2,8,2,1,0.01,0,2
3,8,3,1,0.01,0,3
100,8,93,12,0.06,7,93
200,8,176,179,0.9,24,176
2000,8,1792,758,3.79,208,1792
10000,8,8991,2250,11.25,1009,8991
20000,8,17972,5131,25.65,2028,17972
40000,8,35938,7090,35.45,4062,35938
60000,8,53964,9655,48.28,6036,53964
80000,8,72040,19489,97.44,7960,72040
100000,8,90142,14577,72.89,9858,90142
2,9,1,1,0.01,1,1
3,9,3,1,0.01,0,3
100,9,91,23,0.12,9,91
200,9,182,131,0.66,18,182
2000,9,1813,1320,6.6,187,1813
10000,9,8987,4955,24.77,1013,8987
20000,9,18025,14179,70.9,1975,18025
40000,9,36058,2223,11.12,3942,36058
60000,9,54001,5160,25.8,5999,54001
80000,9,72016,8838,44.19,7984,72016
100000,9,89924,10384,51.92,10076,89924
2,10,2,1,0.01,0,2
3,10,3,1,0.01,0,3
100,10,88,60,0.3,12,88
200,10,180,19,0.1,20,180
2000,10,1806,973,4.86,194,1806
10000,10,8982,2175,10.88,1018,8982
20000,10,18052,2519,12.6,1948,18052
40000,10,36116,6101,30.5,3884,36116
60000,10,53877,19148,95.74,6123,53877
80000,10,71884,11624,58.12,8116,71884
100000,10,89850,18179,90.89,10150,89850
2,11,1,1,0.01,1,1
3,11,2,1,0.01,1,2
100,11,91,60,0.3,9,91
200,11,185,71,0.36,15,185
2000,11,1792,655,3.27,208,1792
10000,11,8950,2843,14.22,1050,8950
20000,11,17944,5531,27.65,2056,17944
40000,11,35916,18050,90.25,4084,35916
60000,11,53977,8347,41.74,6023,53977
80000,11,71927,5575,27.87,8073,71927
100000,11,89820,13599,68.0,10180,89820
2,12,2,1,0.01,0,2
3,12,1,2,0.01,2,1
100,12,88,38,0.19,12,88
200,12,178,126,0.63,22,178
2000,12,1779,560,2.8,221,1779
10000,12,8988,3591,17.96,1012,8988
20000,12,17961,7791,38.96,2039,17961
40000,12,36030,9545,47.73,3970,36030
60000,12,53952,9086,45.43,6048,53952
80000,12,72048,16818,84.09,7952,72048
100000,12,89819,31176,155.88,10181,89819
2,13,0,1,0.01,2,0
3,13,3,1,0.01,0,3
100,13,87,94,0.47,13,87
200,13,179,152,0.76,21,179
2000,13,1764,1506,7.53,236,1764
10000,13,8906,5350,26.75,1094,8906
20000,13,17971,8858,44.29,2029,17971
40000,13,35853,11161,55.81,4147,35853
60000,13,53911,13639,68.2,6089,53911
80000,13,72008,12007,60.04,7992,72008
100000,13,89886,11460,57.3,10114,89886
2,14,1,1,0.01,1,1
3,14,3,1,0.01,0,3
100,14,87,37,0.19,13,87
200,14,175,95,0.48,25,175
2000,14,1805,909,4.54,195,1805
10000,14,9001,2739,13.7,999,9001
20000,14,18016,3606,18.03,1984,18016
40000,14,35955,18390,91.95,4045,35955
60000,14,53868,13996,69.98,6132,53868
80000,14,71928,10144,50.72,8072,71928
100000,14,89885,17533,87.66,10115,89885
2,15,1,1,0.01,1,1
3,15,3,1,0.01,0,3
100,15,91,47,0.24,9,91
200,15,186,112,0.56,14,186
2000,15,1786,808,4.04,214,1786
10000,15,8988,4292,21.46,1012,8988
20000,15,17929,10831,54.16,2071,17929
40000,15,35863,15045,75.23,4137,35863
60000,15,53933,24593,122.96,6067,53933
80000,15,71931,8622,43.11,8069,71931
100000,15,90029,13067,65.34,9971,90029
2,16,1,1,0.01,1,1
3,16,3,1,0.01,0,3
100,16,91,42,0.21,9,91
200,16,181,40,0.2,19,181
2000,16,1788,798,3.99,212,1788
10000,16,8959,4175,20.88,1041,8959
20000,16,17881,3356,16.78,2119,17881
40000,16,35944,20071,100.35,4056,35944
60000,16,54022,10317,51.59,5978,54022
80000,16,71999,8615,43.08,8001,71999
100000,16,89981,12223,61.12,10019,89981
2,17,2,1,0.01,0,2
3,17,3,1,0.01,0,3
100,17,86,55,0.28,14,86
200,17,183,125,0.63,17,183
2000,17,1785,1022,5.11,215,1785
10000,17,8953,3857,19.29,1047,8953
20000,17,18044,3777,18.89,1956,18044
40000,17,35915,7652,38.26,4085,35915
60000,17,54006,6259,31.29,5994,54006
80000,17,72009,13479,67.4,7991,72009
100000,17,89953,19894,99.47,10047,89953
2,18,1,1,0.01,1,1
3,18,3,1,0.01,0,3
100,18,89,68,0.34,11,89
200,18,178,195,0.98,22,178
2000,18,1824,1162,5.81,176,1824
10000,18,9010,3940,19.7,990,9010
20000,18,17970,7107,35.53,2030,17970
40000,18,35989,10707,53.54,4011,35989
60000,18,53965,13158,65.79,6035,53965
80000,18,71895,10109,50.55,8105,71895
100000,18,89844,15480,77.4,10156,89844
2,19,2,1,0.01,0,2
3,19,3,1,0.01,0,3
100,19,94,40,0.2,6,94
200,19,179,79,0.4,21,179
2000,19,1809,825,4.12,191,1809
10000,19,9004,3912,19.56,996,9004
20000,19,18017,3938,19.69,1983,18017
40000,19,35825,13484,67.42,4175,35825
60000,19,53921,15345,76.73,6079,53921
80000,19,71852,17796,88.98,8148,71852
100000,19,89889,12939,64.7,10111,89889
2,20,1,1,0.01,1,1
3,20,3,1,0.01,0,3
100,20,87,68,0.34,13,87
200,20,185,93,0.47,15,185
2000,20,1805,898,4.49,195,1805
10000,20,8963,2619,13.1,1037,8963
20000,20,17988,5831,29.15,2012,17988
40000,20,35853,9755,48.78,4147,35853
60000,20,54055,4368,21.84,5945,54055
80000,20,71995,26630,133.15,8005,71995
100000,20,89842,27941,139.7,10158,89842
2,21,1,1,0.01,1,1
3,21,2,1,0.01,1,2
100,21,89,53,0.27,11,89
200,21,191,66,0.33,9,191
2000,21,1792,1498,7.49,208,1792
10000,21,8968,3643,18.22,1032,8968
20000,21,17972,6596,32.98,2028,17972
40000,21,35997,5259,26.29,4003,35997
60000,21,53982,11839,59.2,6018,53982
80000,21,72046,14059,70.3,7954,72046
100000,21,89719,26090,130.45,10281,89719
2,22,2,1,0.01,0,2
3,22,2,1,0.01,1,2
100,22,93,15,0.08,7,93
200,22,172,93,0.47,28,172
2000,22,1795,783,3.91,205,1795
10000,22,8938,3588,17.94,1062,8938
20000,22,17931,12579,62.9,2069,17931
40000,22,35845,6403,32.01,4155,35845
60000,22,53966,11965,59.83,6034,53966
80000,22,71855,16300,81.5,8145,71855
100000,22,89986,14426,72.13,10014,89986
2,23,2,1,0.01,0,2
3,23,2,1,0.01,1,2
100,23,88,25,0.13,12,88
200,23,181,72,0.36,19,181
2000,23,1815,735,3.67,185,1815
10000,23,8972,2409,12.05,1028,8972
20000,23,17967,5783,28.91,2033,17967
40000,23,36043,8894,44.47,3957,36043
60000,23,53698,12080,60.4,6302,53698
80000,23,71961,11826,59.13,8039,71961
100000,23,89926,13547,67.74,10074,89926
2,24,1,1,0.01,1,1
3,24,3,1,0.01,0,3
100,24,94,46,0.23,6,94
200,24,179,117,0.59,21,179
2000,24,1799,1112,5.56,201,1799
10000,24,9041,3952,19.76,959,9041
20000,24,18026,4072,20.36,1974,18026
40000,24,35861,11473,57.37,4139,35861
60000,24,53987,11890,59.45,6013,53987
80000,24,71916,9706,48.53,8084,71916
100000,24,89868,14527,72.64,10132,89868
2,25,2,1,0.01,0,2
3,25,3,1,0.01,0,3
100,25,88,7,0.04,12,88
200,25,182,62,0.31,18,182
2000,25,1784,1172,5.86,216,1784
10000,25,8974,7759,38.8,1026,8974
20000,25,17998,3401,17.01,2002,17998
40000,25,35779,29226,146.13,4221,35779
60000,25,53956,14982,74.91,6044,53956
80000,25,71847,16366,81.83,8153,71847
100000,25,90127,17457,87.28,9873,90127
2,26,2,1,0.01,0,2
3,26,3,1,0.01,0,3
100,26,88,49,0.25,12,88
200,26,177,74,0.37,23,177
2000,26,1782,781,3.9,218,1782
10000,26,8970,2545,12.73,1030,8970
20000,26,18026,3321,16.61,1974,18026
40000,26,35959,7401,37.01,4041,35959
60000,26,53938,17175,85.87,6062,53938
80000,26,71913,23902,119.51,8087,71913
100000,26,89902,15292,76.46,10098,89902
2,27,2,1,0.01,0,2
3,27,2,1,0.01,1,2
100,27,90,46,0.23,10,90
200,27,183,198,0.99,17,183
2000,27,1814,856,4.28,186,1814
10000,27,9035,3875,19.38,965,9035
20000,27,17958,4600,23.0,2042,17958
40000,27,35927,18410,92.05,4073,35927
60000,27,54115,7843,39.22,5885,54115
80000,27,71858,12241,61.21,8142,71858
100000,27,90011,15958,79.79,9989,90011
2,28,2,1,0.01,0,2
3,28,3,1,0.01,0,3
100,28,85,46,0.23,15,85
200,28,169,150,0.75,31,169
2000,28,1771,784,3.92,229,1771
10000,28,9035,2475,12.38,965,9035
20000,28,17883,9151,45.76,2117,17883
40000,28,35974,16867,84.33,4026,35974
60000,28,54023,5693,28.46,5977,54023
80000,28,72006,4615,23.07,7994,72006
100000,28,89819,31721,158.6,10181,89819
2,29,2,1,0.01,0,2
3,29,3,1,0.01,0,3
100,29,92,81,0.41,8,92
200,29,183,126,0.63,17,183
2000,29,1824,1460,7.3,176,1824
10000,29,8972,4397,21.98,1028,8972
20000,29,17955,11379,56.9,2045,17955
40000,29,35867,8347,41.74,4133,35867
60000,29,54034,7368,36.84,5966,54034
80000,29,71955,15711,78.56,8045,71955
100000,29,89810,21336,106.68,10190,89810
2,30,1,1,0.01,1,1
3,30,3,1,0.01,0,3
100,30,84,94,0.47,16,84
200,30,182,137,0.69,18,182
2000,30,1779,1611,8.05,221,1779
10000,30,8964,2133,10.67,1036,8964
20000,30,17977,7823,39.12,2023,17977
40000,30,35957,6458,32.29,4043,35957
60000,30,53920,10482,52.41,6080,53920
80000,30,71864,23661,118.3,8136,71864
100000,30,90032,12748,63.74,9968,90032
2,31,2,1,0.01,0,2
3,31,3,1,0.01,0,3
100,31,91,35,0.18,9,91
200,31,178,74,0.37,22,178
2000,31,1816,772,3.86,184,1816
10000,31,8980,1908,9.54,1020,8980
20000,31,18013,4900,24.5,1987,18013
40000,31,35922,12089,60.45,4078,35922
60000,31,53819,20328,101.64,6181,53819
80000,31,72060,15737,78.69,7940,72060
100000,31,89763,17311,86.55,10237,89763
2,32,1,1,0.01,1,1
3,32,3,1,0.01,0,3
100,32,96,16,0.08,4,96
200,32,180,72,0.36,20,180
2000,32,1787,689,3.44,213,1787
10000,32,9022,2036,10.18,978,9022
20000,32,17956,6454,32.27,2044,17956
40000,32,35968,12667,63.34,4032,35968
60000,32,53998,9860,49.3,6002,53998
80000,32,71786,9544,47.72,8214,71786
100000,32,90001,14116,70.58,9999,90001
2,33,2,1,0.01,0,2
3,33,3,1,0.01,0,3
100,33,86,22,0.11,14,86
200,33,185,106,0.53,15,185
2000,33,1792,334,1.67,208,1792
10000,33,8921,3164,15.82,1079,8921
20000,33,17903,9247,46.24,2097,17903
40000,33,35893,10489,52.45,4107,35893
60000,33,53821,14880,74.4,6179,53821
80000,33,71854,32091,160.45,8146,71854
100000,33,89964,16165,80.82,10036,89964
2,34,2,1,0.01,0,2
3,34,3,1,0.01,0,3
100,34,89,53,0.27,11,89
200,34,178,110,0.55,22,178
2000,34,1785,1085,5.42,215,1785
10000,34,8960,3823,19.12,1040,8960
20000,34,17916,9185,45.93,2084,17916
40000,34,35963,9841,49.21,4037,35963
60000,34,53864,22523,112.61,6136,53864
80000,34,71984,17523,87.61,8016,71984
100000,34,90021,20761,103.8,9979,90021
2,35,2,1,0.01,0,2
3,35,3,1,0.01,0,3
100,35,90,42,0.21,10,90
200,35,187,104,0.52,13,187
2000,35,1771,949,4.74,229,1771
10000,35,9017,2591,12.96,983,9017
20000,35,17985,9807,49.04,2015,17985
40000,35,35892,11655,58.28,4108,35892
60000,35,53998,9497,47.49,6002,53998
80000,35,71941,17689,88.44,8059,71941
100000,35,89869,24727,123.63,10131,89869
2,36,2,1,0.01,0,2
3,36,2,2,0.01,1,2
100,36,90,92,0.46,10,90
200,36,181,68,0.34,19,181
2000,36,1800,510,2.55,200,1800
10000,36,8941,4118,20.59,1059,8941
20000,36,18005,5869,29.34,1995,18005
40000,36,35918,11257,56.29,4082,35918
60000,36,53791,20595,102.97,6209,53791
80000,36,72006,19098,95.49,7994,72006
100000,36,89843,23537,117.68,10157,89843
2,37,2,1,0.01,0,2
3,37,1,2,0.01,2,1
100,37,91,47,0.24,9,91
200,37,180,128,0.64,20,180
2000,37,1804,540,2.7,196,1804
10000,37,8942,4890,24.45,1058,8942
20000,37,17938,6779,33.89,2062,17938
40000,37,35926,18233,91.16,4074,35926
60000,37,53932,14212,71.06,6068,53932
80000,37,72015,9489,47.45,7985,72015
100000,37,89641,34869,174.34,10359,89641
2,38,1,1,0.01,1,1
3,38,3,1,0.01,0,3
100,38,87,88,0.44,13,87
200,38,186,75,0.38,14,186
2000,38,1793,973,4.86,207,1793
10000,38,9001,3481,17.41,999,9001
20000,38,17943,5244,26.22,2057,17943
40000,38,35862,10397,51.99,4138,35862
60000,38,53892,18055,90.27,6108,53892
80000,38,71955,14718,73.59,8045,71955
100000,38,89802,25206,126.03,10198,89802
2,39,2,1,0.01,0,2
3,39,3,1,0.01,0,3
100,39,90,19,0.1,10,90
200,39,174,60,0.3,26,174
2000,39,1792,1214,6.07,208,1792
10000,39,8973,5248,26.24,1027,8973
20000,39,17976,6603,33.01,2024,17976
40000,39,35974,11822,59.11,4026,35974
60000,39,54013,13689,68.45,5987,54013
80000,39,72048,9219,46.1,7952,72048
100000,39,89764,28917,144.58,10236,89764
2,40,1,1,0.01,1,1
3,40,3,1,0.01,0,3
100,40,87,38,0.19,13,87
200,40,185,85,0.43,15,185
2000,40,1819,655,3.27,181,1819
10000,40,9011,3221,16.11,989,9011
20000,40,18032,5399,26.99,1968,18032
40000,40,35934,11173,55.87,4066,35934
60000,40,53932,24309,121.54,6068,53932
80000,40,71799,17758,88.79,8201,71799
100000,40,89791,30411,152.05,10209,89791
2,41,1,1,0.01,1,1
3,41,3,1,0.01,0,3
100,41,89,66,0.33,11,89
200,41,177,135,0.68,23,177
2000,41,1782,585,2.92,218,1782
10000,41,8950,4347,21.73,1050,8950
20000,41,17975,9381,46.91,2025,17975
40000,41,35814,22405,112.02,4186,35814
60000,41,53914,24704,123.52,6086,53914
80000,41,71869,19719,98.59,8131,71869
100000,41,89894,21454,107.27,10106,89894
2,42,1,1,0.01,1,1
3,42,3,1,0.01,0,3
100,42,91,27,0.14,9,91
200,42,174,97,0.49,26,174
2000,42,1787,1014,5.07,213,1787
10000,42,8956,3151,15.76,1044,8956
20000,42,17938,4692,23.46,2062,17938
40000,42,35949,14035,70.18,4051,35949
60000,42,53826,20785,103.92,6174,53826
80000,42,71952,21739,108.69,8048,71952
100000,42,89892,28525,142.62,10108,89892
2,43,2,1,0.01,0,2
3,43,3,1,0.01,0,3
100,43,88,41,0.21,12,88
200,43,182,86,0.43,18,182
2000,43,1790,402,2.01,210,1790
10000,43,8994,4184,20.92,1006,8994
20000,43,17976,7152,35.76,2024,17976
40000,43,35890,15769,78.85,4110,35890
60000,43,53958,15669,78.35,6042,53958
80000,43,71932,9477,47.39,8068,71932
100000,43,89842,16589,82.94,10158,89842
2,44,2,1,0.01,0,2
3,44,3,1,0.01,0,3
100,44,92,76,0.38,8,92
200,44,175,150,0.75,25,175
2000,44,1796,1609,8.04,204,1796
10000,44,9007,1367,6.83,993,9007
20000,44,17945,7256,36.28,2055,17945
40000,44,35919,12252,61.26,4081,35919
60000,44,53730,17803,89.01,6270,53730
80000,44,71859,17427,87.13,8141,71859
100000,44,89947,29460,147.3,10053,89947
2,45,2,1,0.01,0,2
3,45,2,2,0.01,1,2
100,45,93,96,0.48,7,93
200,45,181,130,0.65,19,181
2000,45,1794,873,4.36,206,1794
10000,45,8960,4586,22.93,1040,8960
20000,45,17973,3891,19.46,2027,17973
40000,45,36000,8677,43.39,4000,36000
60000,45,53904,17119,85.59,6096,53904
80000,45,71894,8743,43.72,8106,71894
100000,45,89939,12702,63.51,10061,89939
2,46,2,1,0.01,0,2
3,46,3,1,0.01,0,3
100,46,86,39,0.2,14,86
200,46,179,59,0.3,21,179
2000,46,1798,812,4.06,202,1798
10000,46,8919,5229,26.14,1081,8919
20000,46,17934,2925,14.63,2066,17934
40000,46,35978,5970,29.85,4022,35978
60000,46,53804,6915,34.57,6196,53804
80000,46,71892,27405,137.02,8108,71892
100000,46,89892,16273,81.36,10108,89892
2,47,2,1,0.01,0,2
3,47,3,1,0.01,0,3
100,47,93,48,0.24,7,93
200,47,175,138,0.69,25,175
2000,47,1784,604,3.02,216,1784
10000,47,9018,4551,22.75,982,9018
20000,47,17964,9552,47.76,2036,17964
40000,47,35970,5770,28.85,4030,35970
60000,47,53874,13098,65.49,6126,53874
80000,47,71946,12063,60.32,8054,71946
100000,47,89759,33700,168.5,10241,89759
2,48,1,1,0.01,1,1
3,48,2,1,0.01,1,2
100,48,89,66,0.33,11,89
200,48,173,68,0.34,27,173
2000,48,1791,765,3.82,209,1791
10000,48,9025,5074,25.37,975,9025
20000,48,17929,9573,47.87,2071,17929
40000,48,35872,14146,70.73,4128,35872
60000,48,53840,24662,123.31,6160,53840
80000,48,71897,15267,76.34,8103,71897
100000,48,89834,10783,53.92,10166,89834
2,49,2,1,0.01,0,2
3,49,3,1,0.01,0,3
100,49,89,58,0.29,11,89
200,49,189,99,0.5,11,189
2000,49,1815,1146,5.73,185,1815
10000,49,8983,2193,10.97,1017,8983
20000,49,17973,6121,30.6,2027,17973
40000,49,35844,14040,70.2,4156,35844
60000,49,53934,16962,84.81,6066,53934
80000,49,71857,14521,72.61,8143,71857
100000,49,90024,24295,121.47,9976,90024
2,50,2,1,0.01,0,2
3,50,3,1,0.01,0,3
100,50,87,7,0.04,13,87
200,50,184,77,0.39,16,184
2000,50,1796,347,1.73,204,1796
10000,50,9015,5424,27.12,985,9015
20000,50,17997,4200,21.0,2003,17997
40000,50,35904,13890,69.45,4096,35904
60000,50,53848,21812,109.06,6152,53848
80000,50,71856,43151,215.75,8144,71856
100000,50,89969,25386,126.93,10031,89969
2,51,2,1,0.01,0,2
3,51,1,1,0.01,2,1
100,51,81,70,0.35,19,81
200,51,178,146,0.73,22,178
2000,51,1791,1166,5.83,209,1791
10000,51,8990,3920,19.6,1010,8990
20000,51,17929,4817,24.08,2071,17929
40000,51,35934,8858,44.29,4066,35934
60000,51,53940,9436,47.18,6060,53940
80000,51,71880,29283,146.41,8120,71880
100000,51,90057,20184,100.92,9943,90057
2,52,1,1,0.01,1,1
3,52,3,1,0.01,0,3
100,52,83,85,0.43,17,83
200,52,183,67,0.34,17,183
2000,52,1808,656,3.28,192,1808
10000,52,8970,1702,8.51,1030,8970
20000,52,17955,12323,61.62,2045,17955
40000,52,35930,18953,94.76,4070,35930
60000,52,53950,14948,74.74,6050,53950
80000,52,71896,33644,168.22,8104,71896
100000,52,89935,24655,123.27,10065,89935
2,53,2,1,0.01,0,2
3,53,2,1,0.01,1,2
100,53,91,38,0.19,9,91
200,53,177,131,0.66,23,177
2000,53,1797,853,4.26,203,1797
10000,53,8950,3451,17.26,1050,8950
20000,53,17978,3614,18.07,2022,17978
40000,53,35941,9628,48.14,4059,35941
60000,53,53876,31164,155.82,6124,53876
80000,53,72047,12055,60.28,7953,72047
100000,53,89964,8841,44.21,10036,89964
2,54,2,1,0.01,0,2
3,54,3,1,0.01,0,3
100,54,94,41,0.21,6,94
200,54,179,30,0.15,21,179
2000,54,1798,897,4.48,202,1798
10000,54,8995,4610,23.05,1005,8995
20000,54,17944,9774,48.87,2056,17944
40000,54,35964,11606,58.03,4036,35964
60000,54,53872,16026,80.13,6128,53872
80000,54,71937,13140,65.7,8063,71937
100000,54,89943,8372,41.86,10057,89943
2,55,2,1,0.01,0,2
3,55,3,1,0.01,0,3
100,55,91,63,0.32,9,91
200,55,177,42,0.21,23,177
2000,55,1791,1240,6.2,209,1791
10000,55,8950,4557,22.78,1050,8950
20000,55,18004,8955,44.78,1996,18004
40000,55,35976,10908,54.54,4024,35976
60000,55,53926,23721,118.6,6074,53926
80000,55,72008,8398,41.99,7992,72008
100000,55,89985,14201,71.01,10015,89985
2,56,2,1,0.01,0,2
3,56,2,1,0.01,1,2
100,56,89,97,0.49,11,89
200,56,177,118,0.59,23,177
2000,56,1796,963,4.81,204,1796
10000,56,8937,6453,32.26,1063,8937
20000,56,18031,6902,34.51,1969,18031
40000,56,35906,14493,72.47,4094,35906
60000,56,53883,19422,97.11,6117,53883
80000,56,71953,13026,65.13,8047,71953
100000,56,89920,24263,121.31,10080,89920
2,57,2,1,0.01,0,2
3,57,3,1,0.01,0,3
100,57,91,49,0.25,9,91
200,57,176,82,0.41,24,176
2000,57,1778,813,4.06,222,1778
10000,57,8951,3506,17.53,1049,8951
20000,57,17938,5867,29.33,2062,17938
40000,57,35953,9811,49.06,4047,35953
60000,57,53875,25547,127.73,6125,53875
80000,57,71978,10869,54.35,8022,71978
100000,57,89849,12648,63.24,10151,89849
2,58,2,1,0.01,0,2
3,58,2,1,0.01,1,2
100,58,89,28,0.14,11,89
200,58,185,64,0.32,15,185
2000,58,1795,817,4.08,205,1795
10000,58,8996,4223,21.12,1004,8996
20000,58,17940,5510,27.55,2060,17940
40000,58,35807,7346,36.73,4193,35807
60000,58,53788,18817,94.08,6212,53788
80000,58,71848,16475,82.37,8152,71848
100000,58,89978,14416,72.08,10022,89978
2,59,2,1,0.01,0,2
3,59,3,1,0.01,0,3
100,59,87,60,0.3,13,87
200,59,175,164,0.82,25,175
2000,59,1770,898,4.49,230,1770
10000,59,8962,4800,24.0,1038,8962
20000,59,17893,7451,37.26,2107,17893
40000,59,35992,5540,27.7,4008,35992
60000,59,53828,15874,79.37,6172,53828
80000,59,71949,16397,81.98,8051,71949
100000,59,89857,20068,100.34,10143,89857
2,60,2,1,0.01,0,2
3,60,3,1,0.01,0,3
100,60,91,38,0.19,9,91
200,60,178,138,0.69,22,178
2000,60,1764,1063,5.31,236,1764
10000,60,8989,5448,27.24,1011,8989
20000,60,17975,6560,32.8,2025,17975
40000,60,35906,9512,47.56,4094,35906
60000,60,53924,5905,29.52,6076,53924
80000,60,72025,14696,73.48,7975,72025
100000,60,89784,18922,94.61,10216,89784
2,61,2,1,0.01,0,2
3,61,3,1,0.01,0,3
100,61,90,26,0.13,10,90
200,61,179,48,0.24,21,179
2000,61,1794,932,4.66,206,1794
10000,61,9010,3256,16.28,990,9010
20000,61,18011,6040,30.2,1989,18011
40000,61,35971,12844,64.22,4029,35971
60000,61,53981,20919,104.59,6019,53981
80000,61,72005,21413,107.06,7995,72005
100000,61,90010,9462,47.31,9990,90010
2,62,2,1,0.01,0,2
3,62,3,1,0.01,0,3
100,62,82,80,0.4,18,82
200,62,176,158,0.79,24,176
2000,62,1792,1126,5.63,208,1792
10000,62,8977,5238,26.19,1023,8977
20000,62,17977,6239,31.19,2023,17977
40000,62,35965,13675,68.38,4035,35965
60000,62,53924,15167,75.84,6076,53924
80000,62,71943,13067,65.34,8057,71943
100000,62,89931,33354,166.77,10069,89931
2,63,2,1,0.01,0,2
3,63,3,1,0.01,0,3
100,63,92,63,0.32,8,92
200,63,190,111,0.56,10,190
2000,63,1786,881,4.4,214,1786
10000,63,8912,3792,18.96,1088,8912
20000,63,17939,6162,30.81,2061,17939
40000,63,35856,17426,87.13,4144,35856
60000,63,53907,19811,99.05,6093,53907
80000,63,71898,17136,85.68,8102,71898
100000,63,89845,28664,143.32,10155,89845
2,64,2,1,0.01,0,2
3,64,2,1,0.01,1,2
100,64,85,61,0.31,15,85
200,64,179,87,0.44,21,179
2000,64,1782,838,4.19,218,1782
10000,64,9022,2225,11.13,978,9022
20000,64,17979,5752,28.76,2021,17979
40000,64,35912,23257,116.28,4088,35912
60000,64,53928,11607,58.04,6072,53928
80000,64,71708,9805,49.03,8292,71708
100000,64,89975,28783,143.91,10025,89975
2,65,2,1,0.01,0,2
3,65,2,1,0.01,1,2
100,65,94,48,0.24,6,94
200,65,185,118,0.59,15,185
2000,65,1799,739,3.69,201,1799
10000,65,8972,4509,22.54,1028,8972
20000,65,17893,6848,34.24,2107,17893
40000,65,36021,6067,30.33,3979,36021
60000,65,53974,9882,49.41,6026,53974
80000,65,71806,28204,141.02,8194,71806
100000,65,89937,11894,59.47,10063,89937
2,66,2,1,0.01,0,2
3,66,3,1,0.01,0,3
100,66,90,37,0.19,10,90
200,66,178,45,0.23,22,178
2000,66,1801,1028,5.14,199,1801
10000,66,8992,2373,11.87,1008,8992
20000,66,17996,1417,7.08,2004,17996
40000,66,36096,6800,34.0,3904,36096
60000,66,53744,15989,79.94,6256,53744
80000,66,71817,19742,98.71,8183,71817
100000,66,89798,11886,59.43,10202,89798
2,67,2,1,0.01,0,2
3,67,3,1,0.01,0,3
100,67,90,2,0.01,10,90
200,67,183,49,0.25,17,183
2000,67,1796,528,2.64,204,1796
10000,67,8972,4796,23.98,1028,8972
20000,67,17969,9408,47.04,2031,17969
40000,67,35970,13897,69.49,4030,35970
60000,67,54005,8558,42.79,5995,54005
80000,67,71857,28909,144.54,8143,71857
100000,67,89988,6107,30.53,10012,89988
2,68,1,1,0.01,1,1
3,68,1,2,0.01,2,1
100,68,89,23,0.12,11,89
200,68,184,80,0.4,16,184
2000,68,1793,391,1.95,207,1793
10000,68,8931,5776,28.88,1069,8931
20000,68,18021,10412,52.06,1979,18021
40000,68,35863,12362,61.81,4137,35863
60000,68,53960,13695,68.48,6040,53960
80000,68,71836,17392,86.96,8164,71836
100000,68,89968,35068,175.34,10032,89968
2,69,2,1,0.01,0,2
3,69,1,1,0.01,2,1
100,69,92,47,0.24,8,92
200,69,180,2,0.01,20,180
2000,69,1801,1330,6.65,199,1801
10000,69,9015,3050,15.25,985,9015
20000,69,17959,5839,29.19,2041,17959
40000,69,35979,14014,70.07,4021,35979
60000,69,53928,10643,53.22,6072,53928
80000,69,71947,7415,37.08,8053,71947
100000,69,89868,11230,56.15,10132,89868
2,70,2,1,0.01,0,2
3,70,3,1,0.01,0,3
100,70,91,64,0.32,9,91
200,70,172,81,0.41,28,172
2000,70,1802,900,4.5,198,1802
10000,70,8956,2073,10.37,1044,8956
20000,70,17971,5905,29.52,2029,17971
40000,70,35957,13711,68.56,4043,35957
60000,70,53902,14205,71.03,6098,53902
80000,70,71922,25106,125.53,8078,71922
100000,70,89967,10215,51.08,10033,89967
2,71,2,1,0.01,0,2
3,71,3,1,0.01,0,3
100,71,93,41,0.21,7,93
200,71,185,109,0.55,15,185
2000,71,1801,1011,5.05,199,1801
10000,71,8954,4578,22.89,1046,8954
20000,71,17982,6999,34.99,2018,17982
40000,71,35948,10110,50.55,4052,35948
60000,71,53689,12519,62.6,6311,53689
80000,71,71901,18089,90.44,8099,71901
100000,71,89791,21267,106.33,10209,89791
2,72,0,1,0.01,2,0
3,72,3,1,0.01,0,3
100,72,93,33,0.17,7,93
200,72,179,129,0.65,21,179
2000,72,1784,587,2.93,216,1784
10000,72,9007,4398,21.99,993,9007
20000,72,17902,5234,26.17,2098,17902
40000,72,35798,19302,96.51,4202,35798
60000,72,53986,18905,94.52,6014,53986
80000,72,71886,27664,138.32,8114,71886
100000,72,89855,20787,103.93,10145,89855
2,73,1,1,0.01,1,1
3,73,3,1,0.01,0,3
100,73,89,2,0.01,11,89
200,73,181,171,0.86,19,181
2000,73,1787,783,3.91,213,1787
10000,73,8971,4135,20.68,1029,8971
20000,73,17949,9511,47.56,2051,17949
40000,73,36029,8684,43.42,3971,36029
60000,73,53882,9832,49.16,6118,53882
80000,73,71998,16385,81.92,8002,71998
100000,73,89903,13003,65.02,10097,89903
2,74,2,1,0.01,0,2
3,74,3,1,0.01,0,3
100,74,92,37,0.19,8,92
200,74,174,66,0.33,26,174
2000,74,1798,671,3.35,202,1798
10000,74,8931,5833,29.16,1069,8931
20000,74,17927,10079,50.4,2073,17927
40000,74,35818,18806,94.03,4182,35818
60000,74,53828,22062,110.31,6172,53828
80000,74,72097,8619,43.1,7903,72097
100000,74,89963,18210,91.05,10037,89963
2,75,1,1,0.01,1,1
3,75,3,1,0.01,0,3
100,75,90,32,0.16,10,90
200,75,178,107,0.54,22,178
2000,75,1789,776,3.88,211,1789
10000,75,8941,2290,11.45,1059,8941
20000,75,17982,7229,36.15,2018,17982
40000,75,35985,13112,65.56,4015,35985
60000,75,54068,9012,45.06,5932,54068
80000,75,72037,14906,74.53,7963,72037
100000,75,89832,24500,122.5,10168,89832
2,76,2,1,0.01,0,2
3,76,2,1,0.01,1,2
100,76,92,79,0.4,8,92
200,76,187,84,0.42,13,187
2000,76,1798,649,3.24,202,1798
10000,76,9004,3210,16.05,996,9004
20000,76,17964,4725,23.62,2036,17964
40000,76,36065,4011,20.06,3935,36065
60000,76,54002,14441,72.21,5998,54002
80000,76,72001,8866,44.33,7999,72001
100000,76,90022,14234,71.17,9978,90022
2,77,1,1,0.01,1,1
3,77,3,1,0.01,0,3
100,77,83,64,0.32,17,83
200,77,184,59,0.3,16,184
2000,77,1793,801,4.0,207,1793
10000,77,8960,5823,29.11,1040,8960
20000,77,17939,10417,52.09,2061,17939
40000,77,35910,16837,84.18,4090,35910
60000,77,54143,5893,29.46,5857,54143
80000,77,71903,22607,113.03,8097,71903
100000,77,89869,11510,57.55,10131,89869
2,78,1,1,0.01,1,1
3,78,3,1,0.01,0,3
100,78,95,22,0.11,5,95
200,78,174,28,0.14,26,174
2000,78,1803,1013,5.06,197,1803
10000,78,8997,5038,25.19,1003,8997
20000,78,17944,6374,31.87,2056,17944
40000,78,35997,3396,16.98,4003,35997
60000,78,53916,8208,41.04,6084,53916
80000,78,71944,27800,139.0,8056,71944
100000,78,89822,15477,77.39,10178,89822
2,79,2,1,0.01,0,2
3,79,3,1,0.01,0,3
100,79,88,84,0.42,12,88
200,79,175,31,0.16,25,175
2000,79,1802,1039,5.19,198,1802
10000,79,8972,3446,17.23,1028,8972
20000,79,17913,6787,33.93,2087,17913
40000,79,35967,23036,115.18,4033,35967
60000,79,53907,13803,69.02,6093,53907
80000,79,71908,11927,59.64,8092,71908
100000,79,89956,22811,114.05,10044,89956
2,80,2,1,0.01,0,2
3,80,3,1,0.01,0,3
100,80,88,40,0.2,12,88
200,80,174,55,0.28,26,174
2000,80,1771,1416,7.08,229,1771
10000,80,8954,5348,26.74,1046,8954
20000,80,17973,5194,25.97,2027,17973
40000,80,35897,22379,111.89,4103,35897
60000,80,54045,9903,49.52,5955,54045
80000,80,71836,10504,52.52,8164,71836
100000,80,90010,13141,65.71,9990,90010
2,81,2,1,0.01,0,2
3,81,2,2,0.01,1,2
100,81,92,59,0.3,8,92
200,81,179,137,0.69,21,179
2000,81,1796,622,3.11,204,1796
10000,81,8979,4050,20.25,1021,8979
20000,81,18028,5024,25.12,1972,18028
40000,81,36079,9374,46.87,3921,36079
60000,81,53876,10261,51.31,6124,53876
80000,81,71775,26795,133.97,8225,71775
100000,81,89955,7687,38.44,10045,89955
2,82,2,1,0.01,0,2
3,82,3,1,0.01,0,3
100,82,90,77,0.39,10,90
200,82,178,11,0.06,22,178
2000,82,1821,657,3.28,179,1821
10000,82,8982,4025,20.13,1018,8982
20000,82,17929,7036,35.18,2071,17929
40000,82,35954,6872,34.36,4046,35954
60000,82,53959,7522,37.61,6041,53959
80000,82,72036,8012,40.06,7964,72036
100000,82,89798,18758,93.79,10202,89798
2,83,2,1,0.01,0,2
3,83,3,1,0.01,0,3
100,83,85,61,0.31,15,85
200,83,178,99,0.5,22,178
2000,83,1811,1087,5.43,189,1811
10000,83,9006,2621,13.11,994,9006
20000,83,18011,7924,39.62,1989,18011
40000,83,35907,8704,43.52,4093,35907
60000,83,53984,8122,40.61,6016,53984
80000,83,71736,34947,174.73,8264,71736
100000,83,90248,15382,76.91,9752,90248
2,84,2,1,0.01,0,2
3,84,3,1,0.01,0,3
100,84,91,97,0.49,9,91
200,84,187,41,0.21,13,187
2000,84,1800,972,4.86,200,1800
10000,84,8966,4496,22.48,1034,8966
20000,84,17952,6151,30.75,2048,17952
40000,84,35858,19696,98.48,4142,35858
60000,84,53960,17604,88.02,6040,53960
80000,84,71759,16448,82.24,8241,71759
100000,84,89856,26901,134.5,10144,89856
2,85,2,1,0.01,0,2
3,85,3,1,0.01,0,3
100,85,89,17,0.09,11,89
200,85,179,124,0.62,21,179
2000,85,1793,834,4.17,207,1793
10000,85,8974,3200,16.0,1026,8974
20000,85,17908,5523,27.61,2092,17908
40000,85,35879,6646,33.23,4121,35879
60000,85,54015,9571,47.86,5985,54015
80000,85,72029,8657,43.29,7971,72029
100000,85,89899,16415,82.07,10101,89899
2,86,2,1,0.01,0,2
3,86,3,1,0.01,0,3
100,86,93,40,0.2,7,93
200,86,182,130,0.65,18,182
2000,86,1800,1251,6.25,200,1800
10000,86,8889,5559,27.79,1111,8889
20000,86,17930,5203,26.01,2070,17930
40000,86,36036,11356,56.78,3964,36036
60000,86,54002,11258,56.29,5998,54002
80000,86,71823,19938,99.69,8177,71823
100000,86,89977,17956,89.78,10023,89977
2,87,2,1,0.01,0,2
3,87,3,1,0.01,0,3
100,87,90,42,0.21,10,90
200,87,183,91,0.46,17,183
2000,87,1786,702,3.51,214,1786
10000,87,8947,6644,33.22,1053,8947
20000,87,18015,4996,24.98,1985,18015
40000,87,35888,13851,69.26,4112,35888
60000,87,53988,13851,69.26,6012,53988
80000,87,71902,27871,139.35,8098,71902
100000,87,89813,25656,128.28,10187,89813
2,88,2,1,0.01,0,2
3,88,3,1,0.01,0,3
100,88,83,47,0.24,17,83
200,88,181,60,0.3,19,181
2000,88,1776,970,4.85,224,1776
10000,88,8983,2204,11.02,1017,8983
20000,88,17957,5,0.03,2043,17957
40000,88,35890,11194,55.97,4110,35890
60000,88,54077,12318,61.59,5923,54077
80000,88,72074,7340,36.7,7926,72074
100000,88,89949,20827,104.13,10051,89949
2,89,2,1,0.01,0,2
3,89,3,1,0.01,0,3
100,89,91,41,0.21,9,91
200,89,186,136,0.68,14,186
2000,89,1765,658,3.29,235,1765
10000,89,9005,2809,14.05,995,9005
20000,89,17919,6049,30.24,2081,17919
40000,89,36023,10549,52.75,3977,36023
60000,89,53946,21270,106.35,6054,53946
80000,89,71837,20194,100.97,8163,71837
100000,89,89906,6643,33.21,10094,89906
2,90,1,1,0.01,1,1
3,90,3,1,0.01,0,3
100,90,90,21,0.11,10,90
200,90,182,157,0.79,18,182
2000,90,1794,1009,5.04,206,1794
10000,90,8977,6502,32.51,1023,8977
20000,90,18029,6327,31.63,1971,18029
40000,90,35828,23410,117.05,4172,35828
60000,90,54040,24366,121.83,5960,54040
80000,90,71846,13724,68.62,8154,71846
100000,90,89678,24323,121.61,10322,89678
2,91,2,1,0.01,0,2
3,91,3,1,0.01,0,3
100,91,91,11,0.06,9,91
200,91,181,152,0.76,19,181
2000,91,1802,627,3.13,198,1802
10000,91,8983,3475,17.38,1017,8983
20000,91,17980,5953,29.76,2020,17980
40000,91,35882,17683,88.41,4118,35882
60000,91,53942,9529,47.65,6058,53942
80000,91,71996,29144,145.72,8004,71996
100000,91,89840,21225,106.12,10160,89840
2,92,2,1,0.01,0,2
3,92,3,1,0.01,0,3
100,92,95,66,0.33,5,95
200,92,184,85,0.43,16,184
2000,92,1788,957,4.78,212,1788
10000,92,9014,3293,16.47,986,9014
20000,92,17928,15204,76.02,2072,17928
40000,92,36023,5581,27.9,3977,36023
60000,92,53846,6495,32.47,6154,53846
80000,92,71867,15165,75.83,8133,71867
100000,92,89382,51019,255.09,10618,89382
2,93,2,1,0.01,0,2
3,93,2,1,0.01,1,2
100,93,94,50,0.25,6,94
200,93,186,63,0.32,14,186
2000,93,1785,753,3.76,215,1785
10000,93,9032,3663,18.32,968,9032
20000,93,17969,10624,53.12,2031,17969
40000,93,35985,9385,46.93,4015,35985
60000,93,53750,17250,86.25,6250,53750
80000,93,71918,6802,34.01,8082,71918
100000,93,89844,26146,130.73,10156,89844
2,94,2,1,0.01,0,2
3,94,3,1,0.01,0,3
100,94,77,21,0.11,23,77
200,94,177,196,0.98,23,177
2000,94,1770,836,4.18,230,1770
10000,94,9029,2940,14.7,971,9029
20000,94,17962,11949,59.75,2038,17962
40000,94,36136,3434,17.17,3864,36136
60000,94,53822,15983,79.91,6178,53822
80000,94,71923,13098,65.49,8077,71923
100000,94,89871,19433,97.16,10129,89871
2,95,2,1,0.01,0,2
3,95,2,1,0.01,1,2
100,95,92,96,0.48,8,92
200,95,187,68,0.34,13,187
2000,95,1780,1070,5.35,220,1780
10000,95,9006,4134,20.67,994,9006
20000,95,17911,9378,46.89,2089,17911
40000,95,35933,10966,54.83,4067,35933
60000,95,53810,12962,64.81,6190,53810
80000,95,72006,11151,55.76,7994,72006
100000,95,89982,24522,122.61,10018,89982
2,96,1,1,0.01,1,1
3,96,3,1,0.01,0,3
100,96,91,34,0.17,9,91
200,96,186,98,0.49,14,186
2000,96,1802,885,4.42,198,1802
10000,96,8990,4012,20.06,1010,8990
20000,96,17935,5195,25.97,2065,17935
40000,96,36073,7199,35.99,3927,36073
60000,96,53895,13108,65.54,6105,53895
80000,96,71954,12049,60.25,8046,71954
100000,96,90003,13382,66.91,9997,90003
2,97,2,1,0.01,0,2
3,97,3,1,0.01,0,3
100,97,87,53,0.27,13,87
200,97,178,117,0.59,22,178
2000,97,1808,1101,5.5,192,1808
10000,97,9004,2368,11.84,996,9004
20000,97,17956,6027,30.13,2044,17956
40000,97,35936,14729,73.65,4064,35936
60000,97,53857,28020,140.1,6143,53857
80000,97,72015,6382,31.91,7985,72015
100000,97,89881,17522,87.61,10119,89881
2,98,2,1,0.01,0,2
3,98,2,1,0.01,1,2
100,98,88,63,0.32,12,88
200,98,181,127,0.64,19,181
2000,98,1785,1146,5.73,215,1785
10000,98,8983,5,0.03,1017,8983
20000,98,17997,3440,17.2,2003,17997
40000,98,35832,22675,113.37,4168,35832
60000,98,53877,21421,107.1,6123,53877
80000,98,71965,11166,55.83,8035,71965
100000,98,90058,13431,67.16,9942,90058
2,99,2,1,0.01,0,2
3,99,3,1,0.01,0,3
100,99,93,50,0.25,7,93
200,99,173,118,0.59,27,173
2000,99,1789,863,4.31,211,1789
10000,99,8970,4548,22.74,1030,8970
20000,99,17938,7464,37.32,2062,17938
40000,99,35932,11209,56.05,4068,35932
60000,99,53880,17397,86.98,6120,53880
80000,99,72001,14879,74.4,7999,72001
100000,99,90021,20000,100.0,9979,90021
2,100,2,1,0.01,0,2
3,100,3,1,0.01,0,3
100,100,94,50,0.25,6,94
200,100,180,112,0.56,20,180
2000,100,1797,1134,5.67,203,1797
10000,100,8943,4110,20.55,1057,8943
20000,100,17963,7109,35.54,2037,17963
40000,100,35977,16731,83.65,4023,35977
60000,100,53937,7217,36.09,6063,53937
80000,100,71759,35343,176.71,8241,71759
100000,100,89897,22567,112.83,10103,89897
