Timestep,Iteration,Total Reward,Suboptimal Arms Count,Total Regret,Zeros Count,Ones Count
2,1,2,2,0.01,0,2
3,1,2,3,0.02,1,2
100,1,91,100,0.5,9,91
200,1,174,200,1.0,26,174
2000,1,1796,2000,10.0,204,1796
10000,1,8987,10000,50.0,1013,8987
20000,1,17937,20000,100.0,2063,17937
40000,1,35819,40000,200.0,4181,35819
60000,1,53819,60000,300.0,6181,53819
80000,1,71760,80000,400.0,8240,71760
100000,1,89619,100000,500.0,10381,89619
2,2,1,2,0.01,1,1
3,2,3,3,0.02,0,3
100,2,90,100,0.5,10,90
200,2,185,200,1.0,15,185
2000,2,1790,2000,10.0,210,1790
10000,2,8968,10000,50.0,1032,8968
20000,2,17928,20000,100.0,2072,17928
40000,2,35856,40000,200.0,4144,35856
60000,2,53778,60000,300.0,6222,53778
80000,2,71548,80000,400.0,8452,71548
100000,2,89515,100000,500.0,10485,89515
2,3,1,2,0.01,1,1
3,3,2,3,0.02,1,2
100,3,90,100,0.5,10,90
200,3,177,200,1.0,23,177
2000,3,1785,2000,10.0,215,1785
10000,3,8935,10000,50.0,1065,8935
20000,3,17866,20000,100.0,2134,17866
40000,3,35902,40000,200.0,4098,35902
60000,3,53685,60000,300.0,6315,53685
80000,3,71516,80000,400.0,8484,71516
100000,3,89602,100000,500.0,10398,89602
2,4,2,2,0.01,0,2
3,4,3,3,0.02,0,3
100,4,92,100,0.5,8,92
200,4,174,200,1.0,26,174
2000,4,1772,2000,10.0,228,1772
10000,4,8942,10000,50.0,1058,8942
20000,4,17877,20000,100.0,2123,17877
40000,4,35628,40000,200.0,4372,35628
60000,4,53830,60000,300.0,6170,53830
80000,4,71603,80000,400.0,8397,71603
100000,4,89531,100000,500.0,10469,89531
2,5,2,2,0.01,0,2
3,5,3,3,0.02,0,3
100,5,85,100,0.5,15,85
200,5,182,200,1.0,18,182
2000,5,1769,2000,10.0,231,1769
10000,5,8967,10000,50.0,1033,8967
20000,5,17941,20000,100.0,2059,17941
40000,5,35831,40000,200.0,4169,35831
60000,5,53721,60000,300.0,6279,53721
80000,5,71611,80000,400.0,8389,71611
100000,5,89715,100000,500.0,10285,89715
2,6,1,2,0.01,1,1
3,6,3,3,0.02,0,3
100,6,90,100,0.5,10,90
200,6,185,200,1.0,15,185
2000,6,1788,2000,10.0,212,1788
10000,6,8960,10000,50.0,1040,8960
20000,6,17886,20000,100.0,2114,17886
40000,6,35826,40000,200.0,4174,35826
60000,6,53808,60000,300.0,6192,53808
80000,6,71575,80000,400.0,8425,71575
100000,6,89529,100000,500.0,10471,89529
2,7,2,2,0.01,0,2
3,7,3,3,0.02,0,3
100,7,89,100,0.5,11,89
200,7,175,200,1.0,25,175
2000,7,1807,2000,10.0,193,1807
10000,7,8967,10000,50.0,1033,8967
20000,7,17939,20000,100.0,2061,17939
40000,7,35768,40000,200.0,4232,35768
60000,7,53715,60000,300.0,6285,53715
80000,7,71492,80000,400.0,8508,71492
100000,7,89458,100000,500.0,10542,89458
2,8,2,2,0.01,0,2
3,8,3,3,0.02,0,3
100,8,89,100,0.5,11,89
200,8,178,200,1.0,22,178
2000,8,1769,2000,10.0,231,1769
10000,8,8939,10000,50.0,1061,8939
20000,8,17854,20000,100.0,2146,17854
40000,8,35832,40000,200.0,4168,35832
60000,8,53720,60000,300.0,6280,53720
80000,8,71668,80000,400.0,8332,71668
100000,8,89536,100000,500.0,10464,89536
2,9,2,2,0.01,0,2
3,9,3,3,0.02,0,3
100,9,88,100,0.5,12,88
200,9,172,200,1.0,28,172
2000,9,1793,2000,10.0,207,1793
10000,9,8963,10000,50.0,1037,8963
20000,9,17927,20000,100.0,2073,17927
40000,9,35795,40000,200.0,4205,35795
60000,9,53726,60000,300.0,6274,53726
80000,9,71666,80000,400.0,8334,71666
100000,9,89538,100000,500.0,10462,89538
2,10,2,2,0.01,0,2
3,10,3,3,0.02,0,3
100,10,90,100,0.5,10,90
200,10,174,200,1.0,26,174
2000,10,1782,2000,10.0,218,1782
10000,10,9028,10000,50.0,972,9028
20000,10,17862,20000,100.0,2138,17862
40000,10,35860,40000,200.0,4140,35860
60000,10,53747,60000,300.0,6253,53747
80000,10,71618,80000,400.0,8382,71618
100000,10,89537,100000,500.0,10463,89537
2,11,1,2,0.01,1,1
3,11,3,3,0.02,0,3
100,11,92,100,0.5,8,92
200,11,182,200,1.0,18,182
2000,11,1772,2000,10.0,228,1772
10000,11,9012,10000,50.0,988,9012
20000,11,17856,20000,100.0,2144,17856
40000,11,35860,40000,200.0,4140,35860
60000,11,53666,60000,300.0,6334,53666
80000,11,71599,80000,400.0,8401,71599
100000,11,89518,100000,500.0,10482,89518
2,12,2,2,0.01,0,2
3,12,3,3,0.02,0,3
100,12,92,100,0.5,8,92
200,12,184,200,1.0,16,184
2000,12,1815,2000,10.0,185,1815
10000,12,9000,10000,50.0,1000,9000
20000,12,17895,20000,100.0,2105,17895
40000,12,35726,40000,200.0,4274,35726
60000,12,53745,60000,300.0,6255,53745
80000,12,71695,80000,400.0,8305,71695
100000,12,89361,100000,500.0,10639,89361
2,13,1,2,0.01,1,1
3,13,3,3,0.02,0,3
100,13,87,100,0.5,13,87
200,13,174,200,1.0,26,174
2000,13,1787,2000,10.0,213,1787
10000,13,8925,10000,50.0,1075,8925
20000,13,17880,20000,100.0,2120,17880
40000,13,35797,40000,200.0,4203,35797
60000,13,53690,60000,300.0,6310,53690
80000,13,71539,80000,400.0,8461,71539
100000,13,89362,100000,500.0,10638,89362
2,14,1,2,0.01,1,1
3,14,3,3,0.02,0,3
100,14,89,100,0.5,11,89
200,14,174,200,1.0,26,174
2000,14,1798,2000,10.0,202,1798
10000,14,8943,10000,50.0,1057,8943
20000,14,17939,20000,100.0,2061,17939
40000,14,35905,40000,200.0,4095,35905
60000,14,53623,60000,300.0,6377,53623
80000,14,71436,80000,400.0,8564,71436
100000,14,89478,100000,500.0,10522,89478
2,15,1,2,0.01,1,1
3,15,3,3,0.02,0,3
100,15,88,100,0.5,12,88
200,15,180,200,1.0,20,180
2000,15,1796,2000,10.0,204,1796
10000,15,8992,10000,50.0,1008,8992
20000,15,17920,20000,100.0,2080,17920
40000,15,35777,40000,200.0,4223,35777
60000,15,53680,60000,300.0,6320,53680
80000,15,71557,80000,400.0,8443,71557
100000,15,89657,100000,500.0,10343,89657
2,16,1,2,0.01,1,1
3,16,3,3,0.02,0,3
100,16,84,100,0.5,16,84
200,16,180,200,1.0,20,180
2000,16,1790,2000,10.0,210,1790
10000,16,8946,10000,50.0,1054,8946
20000,16,17834,20000,100.0,2166,17834
40000,16,35850,40000,200.0,4150,35850
60000,16,53651,60000,300.0,6349,53651
80000,16,71670,80000,400.0,8330,71670
100000,16,89396,100000,500.0,10604,89396
2,17,2,2,0.01,0,2
3,17,3,3,0.02,0,3
100,17,92,100,0.5,8,92
200,17,173,200,1.0,27,173
2000,17,1787,2000,10.0,213,1787
10000,17,8960,10000,50.0,1040,8960
20000,17,17903,20000,100.0,2097,17903
40000,17,35863,40000,200.0,4137,35863
60000,17,53722,60000,300.0,6278,53722
80000,17,71608,80000,400.0,8392,71608
100000,17,89520,100000,500.0,10480,89520
2,18,2,2,0.01,0,2
3,18,2,3,0.02,1,2
100,18,89,100,0.5,11,89
200,18,174,200,1.0,26,174
2000,18,1782,2000,10.0,218,1782
10000,18,8974,10000,50.0,1026,8974
20000,18,17895,20000,100.0,2105,17895
40000,18,35900,40000,200.0,4100,35900
60000,18,53788,60000,300.0,6212,53788
80000,18,71730,80000,400.0,8270,71730
100000,18,89485,100000,500.0,10515,89485
2,19,2,2,0.01,0,2
3,19,3,3,0.02,0,3
100,19,94,100,0.5,6,94
200,19,179,200,1.0,21,179
2000,19,1800,2000,10.0,200,1800
10000,19,8967,10000,50.0,1033,8967
20000,19,17812,20000,100.0,2188,17812
40000,19,35772,40000,200.0,4228,35772
60000,19,53753,60000,300.0,6247,53753
80000,19,71592,80000,400.0,8408,71592
100000,19,89535,100000,500.0,10465,89535
2,20,2,2,0.01,0,2
3,20,2,3,0.02,1,2
100,20,94,100,0.5,6,94
200,20,174,200,1.0,26,174
2000,20,1798,2000,10.0,202,1798
10000,20,8921,10000,50.0,1079,8921
20000,20,17857,20000,100.0,2143,17857
40000,20,35810,40000,200.0,4190,35810
60000,20,53688,60000,300.0,6312,53688
80000,20,71601,80000,400.0,8399,71601
100000,20,89533,100000,500.0,10467,89533
2,21,2,2,0.01,0,2
3,21,3,3,0.02,0,3
100,21,88,100,0.5,12,88
200,21,181,200,1.0,19,181
2000,21,1785,2000,10.0,215,1785
10000,21,9003,10000,50.0,997,9003
20000,21,17892,20000,100.0,2108,17892
40000,21,35812,40000,200.0,4188,35812
60000,21,53690,60000,300.0,6310,53690
80000,21,71658,80000,400.0,8342,71658
100000,21,89401,100000,500.0,10599,89401
2,22,1,2,0.01,1,1
3,22,3,3,0.02,0,3
100,22,90,100,0.5,10,90
200,22,177,200,1.0,23,177
2000,22,1786,2000,10.0,214,1786
10000,22,8981,10000,50.0,1019,8981
20000,22,17937,20000,100.0,2063,17937
40000,22,35705,40000,200.0,4295,35705
60000,22,53747,60000,300.0,6253,53747
80000,22,71673,80000,400.0,8327,71673
100000,22,89555,100000,500.0,10445,89555
2,23,2,2,0.01,0,2
3,23,3,3,0.02,0,3
100,23,84,100,0.5,16,84
200,23,180,200,1.0,20,180
2000,23,1799,2000,10.0,201,1799
10000,23,8957,10000,50.0,1043,8957
20000,23,17937,20000,100.0,2063,17937
40000,23,35756,40000,200.0,4244,35756
60000,23,53631,60000,300.0,6369,53631
80000,23,71621,80000,400.0,8379,71621
100000,23,89229,100000,500.0,10771,89229
2,24,2,2,0.01,0,2
3,24,3,3,0.02,0,3
100,24,96,100,0.5,4,96
200,24,184,200,1.0,16,184
2000,24,1781,2000,10.0,219,1781
10000,24,9005,10000,50.0,995,9005
20000,24,17871,20000,100.0,2129,17871
40000,24,35896,40000,200.0,4104,35896
60000,24,53811,60000,300.0,6189,53811
80000,24,71661,80000,400.0,8339,71661
100000,24,89362,100000,500.0,10638,89362
2,25,2,2,0.01,0,2
3,25,2,3,0.02,1,2
100,25,90,100,0.5,10,90
200,25,177,200,1.0,23,177
2000,25,1793,2000,10.0,207,1793
10000,25,8984,10000,50.0,1016,8984
20000,25,17871,20000,100.0,2129,17871
40000,25,35721,40000,200.0,4279,35721
60000,25,53686,60000,300.0,6314,53686
80000,25,71642,80000,400.0,8358,71642
100000,25,89716,100000,500.0,10284,89716
2,26,2,2,0.01,0,2
3,26,2,3,0.02,1,2
100,26,88,100,0.5,12,88
200,26,182,200,1.0,18,182
2000,26,1764,2000,10.0,236,1764
10000,26,8976,10000,50.0,1024,8976
20000,26,17838,20000,100.0,2162,17838
40000,26,35834,40000,200.0,4166,35834
60000,26,53667,60000,300.0,6333,53667
80000,26,71630,80000,400.0,8370,71630
100000,26,89552,100000,500.0,10448,89552
2,27,2,2,0.01,0,2
3,27,3,3,0.02,0,3
100,27,93,100,0.5,7,93
200,27,173,200,1.0,27,173
2000,27,1774,2000,10.0,226,1774
10000,27,8952,10000,50.0,1048,8952
20000,27,17905,20000,100.0,2095,17905
40000,27,35819,40000,200.0,4181,35819
60000,27,53509,60000,300.0,6491,53509
80000,27,71496,80000,400.0,8504,71496
100000,27,89450,100000,500.0,10550,89450
2,28,2,2,0.01,0,2
3,28,2,3,0.02,1,2
100,28,93,100,0.5,7,93
200,28,179,200,1.0,21,179
2000,28,1802,2000,10.0,198,1802
10000,28,8969,10000,50.0,1031,8969
20000,28,17873,20000,100.0,2127,17873
40000,28,35855,40000,200.0,4145,35855
60000,28,53634,60000,300.0,6366,53634
80000,28,71635,80000,400.0,8365,71635
100000,28,89480,100000,500.0,10520,89480
2,29,1,2,0.01,1,1
3,29,3,3,0.02,0,3
100,29,92,100,0.5,8,92
200,29,174,200,1.0,26,174
2000,29,1776,2000,10.0,224,1776
10000,29,8908,10000,50.0,1092,8908
20000,29,17898,20000,100.0,2102,17898
40000,29,35922,40000,200.0,4078,35922
60000,29,53604,60000,300.0,6396,53604
80000,29,71455,80000,400.0,8545,71455
100000,29,89689,100000,500.0,10311,89689
2,30,2,2,0.01,0,2
3,30,3,3,0.02,0,3
100,30,96,100,0.5,4,96
200,30,183,200,1.0,17,183
2000,30,1798,2000,10.0,202,1798
10000,30,8910,10000,50.0,1090,8910
20000,30,17922,20000,100.0,2078,17922
40000,30,35780,40000,200.0,4220,35780
60000,30,53684,60000,300.0,6316,53684
80000,30,71527,80000,400.0,8473,71527
100000,30,89474,100000,500.0,10526,89474
2,31,1,2,0.01,1,1
3,31,3,3,0.02,0,3
100,31,89,100,0.5,11,89
200,31,180,200,1.0,20,180
2000,31,1780,2000,10.0,220,1780
10000,31,8983,10000,50.0,1017,8983
20000,31,17886,20000,100.0,2114,17886
40000,31,35780,40000,200.0,4220,35780
60000,31,53699,60000,300.0,6301,53699
80000,31,71573,80000,400.0,8427,71573
100000,31,89390,100000,500.0,10610,89390
2,32,2,2,0.01,0,2
3,32,3,3,0.02,0,3
100,32,92,100,0.5,8,92
200,32,186,200,1.0,14,186
2000,32,1808,2000,10.0,192,1808
10000,32,8935,10000,50.0,1065,8935
20000,32,17970,20000,100.0,2030,17970
40000,32,35702,40000,200.0,4298,35702
60000,32,53665,60000,300.0,6335,53665
80000,32,71486,80000,400.0,8514,71486
100000,32,89455,100000,500.0,10545,89455
2,33,2,2,0.01,0,2
3,33,3,3,0.02,0,3
100,33,89,100,0.5,11,89
200,33,182,200,1.0,18,182
2000,33,1799,2000,10.0,201,1799
10000,33,8931,10000,50.0,1069,8931
20000,33,17802,20000,100.0,2198,17802
40000,33,35826,40000,200.0,4174,35826
60000,33,53630,60000,300.0,6370,53630
80000,33,71688,80000,400.0,8312,71688
100000,33,89654,100000,500.0,10346,89654
2,34,2,2,0.01,0,2
3,34,3,3,0.02,0,3
100,34,88,100,0.5,12,88
200,34,181,200,1.0,19,181
2000,34,1782,2000,10.0,218,1782
10000,34,8898,10000,50.0,1102,8898
20000,34,17925,20000,100.0,2075,17925
40000,34,35859,40000,200.0,4141,35859
60000,34,53750,60000,300.0,6250,53750
80000,34,71479,80000,400.0,8521,71479
100000,34,89494,100000,500.0,10506,89494
2,35,2,2,0.01,0,2
3,35,3,3,0.02,0,3
100,35,91,100,0.5,9,91
200,35,177,200,1.0,23,177
2000,35,1784,2000,10.0,216,1784
10000,35,8953,10000,50.0,1047,8953
20000,35,17956,20000,100.0,2044,17956
40000,35,35715,40000,200.0,4285,35715
60000,35,53713,60000,300.0,6287,53713
80000,35,71606,80000,400.0,8394,71606
100000,35,89546,100000,500.0,10454,89546
2,36,2,2,0.01,0,2
3,36,3,3,0.02,0,3
100,36,89,100,0.5,11,89
200,36,175,200,1.0,25,175
2000,36,1784,2000,10.0,216,1784
10000,36,8993,10000,50.0,1007,8993
20000,36,17869,20000,100.0,2131,17869
40000,36,35782,40000,200.0,4218,35782
60000,36,53662,60000,300.0,6338,53662
80000,36,71630,80000,400.0,8370,71630
100000,36,89570,100000,500.0,10430,89570
2,37,2,2,0.01,0,2
3,37,2,3,0.02,1,2
100,37,88,100,0.5,12,88
200,37,173,200,1.0,27,173
2000,37,1786,2000,10.0,214,1786
10000,37,8944,10000,50.0,1056,8944
20000,37,17989,20000,100.0,2011,17989
40000,37,35825,40000,200.0,4175,35825
60000,37,53761,60000,300.0,6239,53761
80000,37,71573,80000,400.0,8427,71573
100000,37,89532,100000,500.0,10468,89532
2,38,2,2,0.01,0,2
3,38,3,3,0.02,0,3
100,38,87,100,0.5,13,87
200,38,179,200,1.0,21,179
2000,38,1777,2000,10.0,223,1777
10000,38,8932,10000,50.0,1068,8932
20000,38,17909,20000,100.0,2091,17909
40000,38,35645,40000,200.0,4355,35645
60000,38,53721,60000,300.0,6279,53721
80000,38,71578,80000,400.0,8422,71578
100000,38,89720,100000,500.0,10280,89720
2,39,2,2,0.01,0,2
3,39,3,3,0.02,0,3
100,39,89,100,0.5,11,89
200,39,182,200,1.0,18,182
2000,39,1782,2000,10.0,218,1782
10000,39,9007,10000,50.0,993,9007
20000,39,17936,20000,100.0,2064,17936
40000,39,35754,40000,200.0,4246,35754
60000,39,53763,60000,300.0,6237,53763
80000,39,71639,80000,400.0,8361,71639
100000,39,89238,100000,500.0,10762,89238
2,40,2,2,0.01,0,2
3,40,2,3,0.02,1,2
100,40,88,100,0.5,12,88
200,40,176,200,1.0,24,176
2000,40,1771,2000,10.0,229,1771
10000,40,8962,10000,50.0,1038,8962
20000,40,17981,20000,100.0,2019,17981
40000,40,35782,40000,200.0,4218,35782
60000,40,53672,60000,300.0,6328,53672
80000,40,71542,80000,400.0,8458,71542
100000,40,89351,100000,500.0,10649,89351
2,41,2,2,0.01,0,2
3,41,2,3,0.02,1,2
100,41,91,100,0.5,9,91
200,41,185,200,1.0,15,185
2000,41,1787,2000,10.0,213,1787
10000,41,8959,10000,50.0,1041,8959
20000,41,17850,20000,100.0,2150,17850
40000,41,35734,40000,200.0,4266,35734
60000,41,53709,60000,300.0,6291,53709
80000,41,71570,80000,400.0,8430,71570
100000,41,89487,100000,500.0,10513,89487
2,42,2,2,0.01,0,2
3,42,3,3,0.02,0,3
100,42,92,100,0.5,8,92
200,42,178,200,1.0,22,178
2000,42,1796,2000,10.0,204,1796
10000,42,8912,10000,50.0,1088,8912
20000,42,17913,20000,100.0,2087,17913
40000,42,35718,40000,200.0,4282,35718
60000,42,53798,60000,300.0,6202,53798
80000,42,71590,80000,400.0,8410,71590
100000,42,89515,100000,500.0,10485,89515
2,43,1,2,0.01,1,1
3,43,2,3,0.02,1,2
100,43,90,100,0.5,10,90
200,43,180,200,1.0,20,180
2000,43,1781,2000,10.0,219,1781
10000,43,8973,10000,50.0,1027,8973
20000,43,17822,20000,100.0,2178,17822
40000,43,35776,40000,200.0,4224,35776
60000,43,53813,60000,300.0,6187,53813
80000,43,71452,80000,400.0,8548,71452
100000,43,89482,100000,500.0,10518,89482
2,44,2,2,0.01,0,2
3,44,3,3,0.02,0,3
100,44,89,100,0.5,11,89
200,44,174,200,1.0,26,174
2000,44,1806,2000,10.0,194,1806
10000,44,8969,10000,50.0,1031,8969
20000,44,17992,20000,100.0,2008,17992
40000,44,35811,40000,200.0,4189,35811
60000,44,53801,60000,300.0,6199,53801
80000,44,71428,80000,400.0,8572,71428
100000,44,89445,100000,500.0,10555,89445
2,45,1,2,0.01,1,1
3,45,3,3,0.02,0,3
100,45,88,100,0.5,12,88
200,45,185,200,1.0,15,185
2000,45,1781,2000,10.0,219,1781
10000,45,8895,10000,50.0,1105,8895
20000,45,17910,20000,100.0,2090,17910
40000,45,35870,40000,200.0,4130,35870
60000,45,53796,60000,300.0,6204,53796
80000,45,71624,80000,400.0,8376,71624
100000,45,89519,100000,500.0,10481,89519
2,46,2,2,0.01,0,2
3,46,3,3,0.02,0,3
100,46,85,100,0.5,15,85
200,46,176,200,1.0,24,176
2000,46,1787,2000,10.0,213,1787
10000,46,8991,10000,50.0,1009,8991
20000,46,17957,20000,100.0,2043,17957
40000,46,35778,40000,200.0,4222,35778
60000,46,53672,60000,300.0,6328,53672
80000,46,71546,80000,400.0,8454,71546
100000,46,89709,100000,500.0,10291,89709
2,47,1,2,0.01,1,1
3,47,2,3,0.02,1,2
100,47,90,100,0.5,10,90
200,47,175,200,1.0,25,175
2000,47,1773,2000,10.0,227,1773
10000,47,8971,10000,50.0,1029,8971
20000,47,17904,20000,100.0,2096,17904
40000,47,35894,40000,200.0,4106,35894
60000,47,53695,60000,300.0,6305,53695
80000,47,71525,80000,400.0,8475,71525
100000,47,89516,100000,500.0,10484,89516
2,48,2,2,0.01,0,2
3,48,3,3,0.02,0,3
100,48,95,100,0.5,5,95
200,48,175,200,1.0,25,175
2000,48,1797,2000,10.0,203,1797
10000,48,9010,10000,50.0,990,9010
20000,48,17871,20000,100.0,2129,17871
40000,48,35860,40000,200.0,4140,35860
60000,48,53632,60000,300.0,6368,53632
80000,48,71522,80000,400.0,8478,71522
100000,48,89653,100000,500.0,10347,89653
2,49,2,2,0.01,0,2
3,49,3,3,0.02,0,3
100,49,92,100,0.5,8,92
200,49,177,200,1.0,23,177
2000,49,1793,2000,10.0,207,1793
10000,49,8951,10000,50.0,1049,8951
20000,49,17874,20000,100.0,2126,17874
40000,49,35772,40000,200.0,4228,35772
60000,49,53525,60000,300.0,6475,53525
80000,49,71507,80000,400.0,8493,71507
100000,49,89675,100000,500.0,10325,89675
2,50,1,2,0.01,1,1
3,50,3,3,0.02,0,3
100,50,92,100,0.5,8,92
200,50,172,200,1.0,28,172
2000,50,1808,2000,10.0,192,1808
10000,50,8901,10000,50.0,1099,8901
20000,50,18003,20000,100.0,1997,18003
40000,50,35857,40000,200.0,4143,35857
60000,50,53632,60000,300.0,6368,53632
80000,50,71650,80000,400.0,8350,71650
100000,50,89674,100000,500.0,10326,89674
2,51,2,2,0.01,0,2
3,51,3,3,0.02,0,3
100,51,91,100,0.5,9,91
200,51,174,200,1.0,26,174
2000,51,1799,2000,10.0,201,1799
10000,51,8937,10000,50.0,1063,8937
20000,51,17882,20000,100.0,2118,17882
40000,51,35791,40000,200.0,4209,35791
60000,51,53748,60000,300.0,6252,53748
80000,51,71458,80000,400.0,8542,71458
100000,51,89642,100000,500.0,10358,89642
2,52,2,2,0.01,0,2
3,52,3,3,0.02,0,3
100,52,88,100,0.5,12,88
200,52,184,200,1.0,16,184
2000,52,1753,2000,10.0,247,1753
10000,52,8964,10000,50.0,1036,8964
20000,52,17968,20000,100.0,2032,17968
40000,52,35878,40000,200.0,4122,35878
60000,52,53733,60000,300.0,6267,53733
80000,52,71600,80000,400.0,8400,71600
100000,52,89621,100000,500.0,10379,89621
2,53,2,2,0.01,0,2
3,53,3,3,0.02,0,3
100,53,86,100,0.5,14,86
200,53,175,200,1.0,25,175
2000,53,1771,2000,10.0,229,1771
10000,53,8936,10000,50.0,1064,8936
20000,53,17937,20000,100.0,2063,17937
40000,53,35838,40000,200.0,4162,35838
60000,53,53623,60000,300.0,6377,53623
80000,53,71636,80000,400.0,8364,71636
100000,53,89404,100000,500.0,10596,89404
2,54,1,2,0.01,1,1
3,54,3,3,0.02,0,3
100,54,92,100,0.5,8,92
200,54,176,200,1.0,24,176
2000,54,1791,2000,10.0,209,1791
10000,54,8934,10000,50.0,1066,8934
20000,54,17886,20000,100.0,2114,17886
40000,54,35836,40000,200.0,4164,35836
60000,54,53685,60000,300.0,6315,53685
80000,54,71663,80000,400.0,8337,71663
100000,54,89128,100000,500.0,10872,89128
2,55,1,2,0.01,1,1
3,55,3,3,0.02,0,3
100,55,86,100,0.5,14,86
200,55,186,200,1.0,14,186
2000,55,1790,2000,10.0,210,1790
10000,55,8966,10000,50.0,1034,8966
20000,55,17920,20000,100.0,2080,17920
40000,55,35822,40000,200.0,4178,35822
60000,55,53723,60000,300.0,6277,53723
80000,55,71541,80000,400.0,8459,71541
100000,55,89379,100000,500.0,10621,89379
2,56,2,2,0.01,0,2
3,56,2,3,0.02,1,2
100,56,89,100,0.5,11,89
200,56,177,200,1.0,23,177
2000,56,1781,2000,10.0,219,1781
10000,56,8899,10000,50.0,1101,8899
20000,56,17885,20000,100.0,2115,17885
40000,56,35746,40000,200.0,4254,35746
60000,56,53792,60000,300.0,6208,53792
80000,56,71435,80000,400.0,8565,71435
100000,56,89410,100000,500.0,10590,89410
2,57,2,2,0.01,0,2
3,57,3,3,0.02,0,3
100,57,86,100,0.5,14,86
200,57,180,200,1.0,20,180
2000,57,1815,2000,10.0,185,1815
10000,57,8933,10000,50.0,1067,8933
20000,57,17902,20000,100.0,2098,17902
40000,57,35719,40000,200.0,4281,35719
60000,57,53772,60000,300.0,6228,53772
80000,57,71576,80000,400.0,8424,71576
100000,57,89531,100000,500.0,10469,89531
2,58,2,2,0.01,0,2
3,58,2,3,0.02,1,2
100,58,94,100,0.5,6,94
200,58,176,200,1.0,24,176
2000,58,1806,2000,10.0,194,1806
10000,58,8938,10000,50.0,1062,8938
20000,58,17902,20000,100.0,2098,17902
40000,58,35839,40000,200.0,4161,35839
60000,58,53691,60000,300.0,6309,53691
80000,58,71585,80000,400.0,8415,71585
100000,58,89282,100000,500.0,10718,89282
2,59,2,2,0.01,0,2
3,59,2,3,0.02,1,2
100,59,93,100,0.5,7,93
200,59,173,200,1.0,27,173
2000,59,1774,2000,10.0,226,1774
10000,59,8955,10000,50.0,1045,8955
20000,59,17876,20000,100.0,2124,17876
40000,59,35859,40000,200.0,4141,35859
60000,59,53629,60000,300.0,6371,53629
80000,59,71491,80000,400.0,8509,71491
100000,59,89350,100000,500.0,10650,89350
2,60,2,2,0.01,0,2
3,60,3,3,0.02,0,3
100,60,87,100,0.5,13,87
200,60,176,200,1.0,24,176
2000,60,1798,2000,10.0,202,1798
10000,60,8907,10000,50.0,1093,8907
20000,60,17929,20000,100.0,2071,17929
40000,60,35802,40000,200.0,4198,35802
60000,60,53659,60000,300.0,6341,53659
80000,60,71694,80000,400.0,8306,71694
100000,60,89443,100000,500.0,10557,89443
2,61,1,2,0.01,1,1
3,61,3,3,0.02,0,3
100,61,92,100,0.5,8,92
200,61,176,200,1.0,24,176
2000,61,1811,2000,10.0,189,1811
10000,61,8948,10000,50.0,1052,8948
20000,61,17922,20000,100.0,2078,17922
40000,61,35735,40000,200.0,4265,35735
60000,61,53621,60000,300.0,6379,53621
80000,61,71572,80000,400.0,8428,71572
100000,61,89407,100000,500.0,10593,89407
2,62,2,2,0.01,0,2
3,62,2,3,0.02,1,2
100,62,93,100,0.5,7,93
200,62,173,200,1.0,27,173
2000,62,1782,2000,10.0,218,1782
10000,62,8933,10000,50.0,1067,8933
20000,62,17855,20000,100.0,2145,17855
40000,62,35828,40000,200.0,4172,35828
60000,62,53703,60000,300.0,6297,53703
80000,62,71617,80000,400.0,8383,71617
100000,62,89441,100000,500.0,10559,89441
2,63,1,2,0.01,1,1
3,63,3,3,0.02,0,3
100,63,88,100,0.5,12,88
200,63,182,200,1.0,18,182
2000,63,1762,2000,10.0,238,1762
10000,63,8981,10000,50.0,1019,8981
20000,63,17913,20000,100.0,2087,17913
40000,63,35783,40000,200.0,4217,35783
60000,63,53645,60000,300.0,6355,53645
80000,63,71517,80000,400.0,8483,71517
100000,63,89463,100000,500.0,10537,89463
2,64,1,2,0.01,1,1
3,64,3,3,0.02,0,3
100,64,90,100,0.5,10,90
200,64,181,200,1.0,19,181
2000,64,1796,2000,10.0,204,1796
10000,64,8908,10000,50.0,1092,8908
20000,64,17839,20000,100.0,2161,17839
40000,64,35720,40000,200.0,4280,35720
60000,64,53626,60000,300.0,6374,53626
80000,64,71673,80000,400.0,8327,71673
100000,64,89347,100000,500.0,10653,89347
2,65,2,2,0.01,0,2
3,65,2,3,0.02,1,2
100,65,93,100,0.5,7,93
200,65,181,200,1.0,19,181
2000,65,1751,2000,10.0,249,1751
10000,65,8975,10000,50.0,1025,8975
20000,65,17957,20000,100.0,2043,17957
40000,65,35813,40000,200.0,4187,35813
60000,65,53732,60000,300.0,6268,53732
80000,65,71555,80000,400.0,8445,71555
100000,65,89522,100000,500.0,10478,89522
2,66,1,2,0.01,1,1
3,66,1,3,0.02,2,1
100,66,87,100,0.5,13,87
200,66,178,200,1.0,22,178
2000,66,1808,2000,10.0,192,1808
10000,66,8933,10000,50.0,1067,8933
20000,66,17963,20000,100.0,2037,17963
40000,66,35837,40000,200.0,4163,35837
60000,66,53720,60000,300.0,6280,53720
80000,66,71586,80000,400.0,8414,71586
100000,66,89402,100000,500.0,10598,89402
2,67,1,2,0.01,1,1
3,67,3,3,0.02,0,3
100,67,87,100,0.5,13,87
200,67,170,200,1.0,30,170
2000,67,1784,2000,10.0,216,1784
10000,67,8968,10000,50.0,1032,8968
20000,67,17907,20000,100.0,2093,17907
40000,67,35726,40000,200.0,4274,35726
60000,67,53710,60000,300.0,6290,53710
80000,67,71570,80000,400.0,8430,71570
100000,67,89779,100000,500.0,10221,89779
2,68,1,2,0.01,1,1
3,68,2,3,0.02,1,2
100,68,92,100,0.5,8,92
200,68,177,200,1.0,23,177
2000,68,1781,2000,10.0,219,1781
10000,68,8977,10000,50.0,1023,8977
20000,68,17917,20000,100.0,2083,17917
40000,68,35767,40000,200.0,4233,35767
60000,68,53623,60000,300.0,6377,53623
80000,68,71584,80000,400.0,8416,71584
100000,68,89422,100000,500.0,10578,89422
2,69,2,2,0.01,0,2
3,69,3,3,0.02,0,3
100,69,89,100,0.5,11,89
200,69,182,200,1.0,18,182
2000,69,1779,2000,10.0,221,1779
10000,69,8928,10000,50.0,1072,8928
20000,69,17887,20000,100.0,2113,17887
40000,69,35883,40000,200.0,4117,35883
60000,69,53611,60000,300.0,6389,53611
80000,69,71637,80000,400.0,8363,71637
100000,69,89542,100000,500.0,10458,89542
2,70,2,2,0.01,0,2
3,70,2,3,0.02,1,2
100,70,90,100,0.5,10,90
200,70,184,200,1.0,16,184
2000,70,1785,2000,10.0,215,1785
10000,70,8943,10000,50.0,1057,8943
20000,70,17829,20000,100.0,2171,17829
40000,70,35707,40000,200.0,4293,35707
60000,70,53569,60000,300.0,6431,53569
80000,70,71489,80000,400.0,8511,71489
100000,70,89523,100000,500.0,10477,89523
2,71,1,2,0.01,1,1
3,71,3,3,0.02,0,3
100,71,85,100,0.5,15,85
200,71,177,200,1.0,23,177
2000,71,1802,2000,10.0,198,1802
10000,71,8949,10000,50.0,1051,8949
20000,71,17975,20000,100.0,2025,17975
40000,71,35839,40000,200.0,4161,35839
60000,71,53795,60000,300.0,6205,53795
80000,71,71613,80000,400.0,8387,71613
100000,71,89528,100000,500.0,10472,89528
2,72,2,2,0.01,0,2
3,72,2,3,0.02,1,2
100,72,87,100,0.5,13,87
200,72,177,200,1.0,23,177
2000,72,1774,2000,10.0,226,1774
10000,72,8943,10000,50.0,1057,8943
20000,72,17796,20000,100.0,2204,17796
40000,72,35748,40000,200.0,4252,35748
60000,72,53655,60000,300.0,6345,53655
80000,72,71624,80000,400.0,8376,71624
100000,72,89516,100000,500.0,10484,89516
2,73,2,2,0.01,0,2
3,73,3,3,0.02,0,3
100,73,89,100,0.5,11,89
200,73,183,200,1.0,17,183
2000,73,1786,2000,10.0,214,1786
10000,73,8902,10000,50.0,1098,8902
20000,73,17923,20000,100.0,2077,17923
40000,73,35806,40000,200.0,4194,35806
60000,73,53582,60000,300.0,6418,53582
80000,73,71615,80000,400.0,8385,71615
100000,73,89555,100000,500.0,10445,89555
2,74,1,2,0.01,1,1
3,74,3,3,0.02,0,3
100,74,90,100,0.5,10,90
200,74,184,200,1.0,16,184
2000,74,1775,2000,10.0,225,1775
10000,74,8937,10000,50.0,1063,8937
20000,74,17925,20000,100.0,2075,17925
40000,74,35733,40000,200.0,4267,35733
60000,74,53647,60000,300.0,6353,53647
80000,74,71621,80000,400.0,8379,71621
100000,74,89464,100000,500.0,10536,89464
2,75,2,2,0.01,0,2
3,75,2,3,0.02,1,2
100,75,92,100,0.5,8,92
200,75,179,200,1.0,21,179
2000,75,1802,2000,10.0,198,1802
10000,75,8951,10000,50.0,1049,8951
20000,75,17894,20000,100.0,2106,17894
40000,75,35785,40000,200.0,4215,35785
60000,75,53686,60000,300.0,6314,53686
80000,75,71568,80000,400.0,8432,71568
100000,75,89552,100000,500.0,10448,89552
2,76,2,2,0.01,0,2
3,76,2,3,0.02,1,2
100,76,90,100,0.5,10,90
200,76,187,200,1.0,13,187
2000,76,1778,2000,10.0,222,1778
10000,76,8886,10000,50.0,1114,8886
20000,76,17945,20000,100.0,2055,17945
40000,76,35744,40000,200.0,4256,35744
60000,76,53776,60000,300.0,6224,53776
80000,76,71587,80000,400.0,8413,71587
100000,76,89596,100000,500.0,10404,89596
2,77,2,2,0.01,0,2
3,77,3,3,0.02,0,3
100,77,88,100,0.5,12,88
200,77,182,200,1.0,18,182
2000,77,1817,2000,10.0,183,1817
10000,77,8941,10000,50.0,1059,8941
20000,77,17963,20000,100.0,2037,17963
40000,77,35763,40000,200.0,4237,35763
60000,77,53759,60000,300.0,6241,53759
80000,77,71663,80000,400.0,8337,71663
100000,77,89656,100000,500.0,10344,89656
2,78,1,2,0.01,1,1
3,78,3,3,0.02,0,3
100,78,93,100,0.5,7,93
200,78,184,200,1.0,16,184
2000,78,1796,2000,10.0,204,1796
10000,78,8958,10000,50.0,1042,8958
20000,78,17926,20000,100.0,2074,17926
40000,78,35757,40000,200.0,4243,35757
60000,78,53669,60000,300.0,6331,53669
80000,78,71631,80000,400.0,8369,71631
100000,78,89429,100000,500.0,10571,89429
2,79,1,2,0.01,1,1
3,79,3,3,0.02,0,3
100,79,90,100,0.5,10,90
200,79,182,200,1.0,18,182
2000,79,1791,2000,10.0,209,1791
10000,79,8936,10000,50.0,1064,8936
20000,79,17796,20000,100.0,2204,17796
40000,79,35839,40000,200.0,4161,35839
60000,79,53724,60000,300.0,6276,53724
80000,79,71567,80000,400.0,8433,71567
100000,79,89452,100000,500.0,10548,89452
2,80,2,2,0.01,0,2
3,80,3,3,0.02,0,3
100,80,86,100,0.5,14,86
200,80,174,200,1.0,26,174
2000,80,1812,2000,10.0,188,1812
10000,80,8979,10000,50.0,1021,8979
20000,80,17899,20000,100.0,2101,17899
40000,80,35776,40000,200.0,4224,35776
60000,80,53651,60000,300.0,6349,53651
80000,80,71536,80000,400.0,8464,71536
100000,80,89521,100000,500.0,10479,89521
2,81,2,2,0.01,0,2
3,81,3,3,0.02,0,3
100,81,89,100,0.5,11,89
200,81,177,200,1.0,23,177
2000,81,1800,2000,10.0,200,1800
10000,81,8957,10000,50.0,1043,8957
20000,81,17972,20000,100.0,2028,17972
40000,81,35793,40000,200.0,4207,35793
60000,81,53822,60000,300.0,6178,53822
80000,81,71627,80000,400.0,8373,71627
100000,81,89472,100000,500.0,10528,89472
2,82,2,2,0.01,0,2
3,82,3,3,0.02,0,3
100,82,96,100,0.5,4,96
200,82,181,200,1.0,19,181
2000,82,1797,2000,10.0,203,1797
10000,82,8955,10000,50.0,1045,8955
20000,82,17923,20000,100.0,2077,17923
40000,82,35818,40000,200.0,4182,35818
60000,82,53700,60000,300.0,6300,53700
80000,82,71585,80000,400.0,8415,71585
100000,82,89544,100000,500.0,10456,89544
2,83,2,2,0.01,0,2
3,83,2,3,0.02,1,2
100,83,93,100,0.5,7,93
200,83,176,200,1.0,24,176
2000,83,1787,2000,10.0,213,1787
10000,83,8971,10000,50.0,1029,8971
20000,83,17976,20000,100.0,2024,17976
40000,83,35624,40000,200.0,4376,35624
60000,83,53612,60000,300.0,6388,53612
80000,83,71573,80000,400.0,8427,71573
100000,83,89572,100000,500.0,10428,89572
2,84,1,2,0.01,1,1
3,84,1,3,0.02,2,1
100,84,87,100,0.5,13,87
200,84,176,200,1.0,24,176
2000,84,1770,2000,10.0,230,1770
10000,84,8989,10000,50.0,1011,8989
20000,84,17883,20000,100.0,2117,17883
40000,84,35813,40000,200.0,4187,35813
60000,84,53725,60000,300.0,6275,53725
80000,84,71621,80000,400.0,8379,71621
100000,84,89480,100000,500.0,10520,89480
2,85,2,2,0.01,0,2
3,85,3,3,0.02,0,3
100,85,85,100,0.5,15,85
200,85,179,200,1.0,21,179
2000,85,1802,2000,10.0,198,1802
10000,85,8909,10000,50.0,1091,8909
20000,85,17896,20000,100.0,2104,17896
40000,85,35778,40000,200.0,4222,35778
60000,85,53735,60000,300.0,6265,53735
80000,85,71566,80000,400.0,8434,71566
100000,85,89635,100000,500.0,10365,89635
2,86,2,2,0.01,0,2
3,86,3,3,0.02,0,3
100,86,90,100,0.5,10,90
200,86,188,200,1.0,12,188
2000,86,1811,2000,10.0,189,1811
10000,86,8986,10000,50.0,1014,8986
20000,86,17902,20000,100.0,2098,17902
40000,86,35762,40000,200.0,4238,35762
60000,86,53736,60000,300.0,6264,53736
80000,86,71477,80000,400.0,8523,71477
100000,86,89540,100000,500.0,10460,89540
2,87,2,2,0.01,0,2
3,87,2,3,0.02,1,2
100,87,95,100,0.5,5,95
200,87,182,200,1.0,18,182
2000,87,1800,2000,10.0,200,1800
10000,87,8973,10000,50.0,1027,8973
20000,87,17963,20000,100.0,2037,17963
40000,87,35759,40000,200.0,4241,35759
60000,87,53669,60000,300.0,6331,53669
80000,87,71475,80000,400.0,8525,71475
100000,87,89507,100000,500.0,10493,89507
2,88,2,2,0.01,0,2
3,88,2,3,0.02,1,2
100,88,91,100,0.5,9,91
200,88,183,200,1.0,17,183
2000,88,1782,2000,10.0,218,1782
10000,88,8912,10000,50.0,1088,8912
20000,88,17910,20000,100.0,2090,17910
40000,88,35783,40000,200.0,4217,35783
60000,88,53799,60000,300.0,6201,53799
80000,88,71770,80000,400.0,8230,71770
100000,88,89573,100000,500.0,10427,89573
2,89,1,2,0.01,1,1
3,89,3,3,0.02,0,3
100,89,83,100,0.5,17,83
200,89,180,200,1.0,20,180
2000,89,1788,2000,10.0,212,1788
10000,89,8873,10000,50.0,1127,8873
20000,89,17901,20000,100.0,2099,17901
40000,89,35796,40000,200.0,4204,35796
60000,89,53598,60000,300.0,6402,53598
80000,89,71592,80000,400.0,8408,71592
100000,89,89360,100000,500.0,10640,89360
2,90,1,2,0.01,1,1
3,90,2,3,0.02,1,2
100,90,91,100,0.5,9,91
200,90,185,200,1.0,15,185
2000,90,1810,2000,10.0,190,1810
10000,90,8976,10000,50.0,1024,8976
20000,90,17943,20000,100.0,2057,17943
40000,90,35716,40000,200.0,4284,35716
60000,90,53726,60000,300.0,6274,53726
80000,90,71549,80000,400.0,8451,71549
100000,90,89332,100000,500.0,10668,89332
2,91,2,2,0.01,0,2
3,91,3,3,0.02,0,3
100,91,85,100,0.5,15,85
200,91,171,200,1.0,29,171
2000,91,1813,2000,10.0,187,1813
10000,91,8951,10000,50.0,1049,8951
20000,91,17869,20000,100.0,2131,17869
40000,91,35839,40000,200.0,4161,35839
60000,91,53689,60000,300.0,6311,53689
80000,91,71590,80000,400.0,8410,71590
100000,91,89253,100000,500.0,10747,89253
2,92,2,2,0.01,0,2
3,92,3,3,0.02,0,3
100,92,90,100,0.5,10,90
200,92,185,200,1.0,15,185
2000,92,1791,2000,10.0,209,1791
10000,92,8942,10000,50.0,1058,8942
20000,92,17966,20000,100.0,2034,17966
40000,92,35870,40000,200.0,4130,35870
60000,92,53869,60000,300.0,6131,53869
80000,92,71641,80000,400.0,8359,71641
100000,92,89421,100000,500.0,10579,89421
2,93,2,2,0.01,0,2
3,93,1,3,0.02,2,1
100,93,88,100,0.5,12,88
200,93,178,200,1.0,22,178
2000,93,1785,2000,10.0,215,1785
10000,93,8999,10000,50.0,1001,8999
20000,93,17843,20000,100.0,2157,17843
40000,93,35887,40000,200.0,4113,35887
60000,93,53488,60000,300.0,6512,53488
80000,93,71522,80000,400.0,8478,71522
100000,93,89433,100000,500.0,10567,89433
2,94,2,2,0.01,0,2
3,94,1,3,0.02,2,1
100,94,89,100,0.5,11,89
200,94,182,200,1.0,18,182
2000,94,1788,2000,10.0,212,1788
10000,94,8994,10000,50.0,1006,8994
20000,94,17947,20000,100.0,2053,17947
40000,94,35761,40000,200.0,4239,35761
60000,94,53727,60000,300.0,6273,53727
80000,94,71490,80000,400.0,8510,71490
100000,94,89663,100000,500.0,10337,89663
2,95,2,2,0.01,0,2
3,95,3,3,0.02,0,3
100,95,92,100,0.5,8,92
200,95,184,200,1.0,16,184
2000,95,1824,2000,10.0,176,1824
10000,95,8968,10000,50.0,1032,8968
20000,95,17883,20000,100.0,2117,17883
40000,95,35759,40000,200.0,4241,35759
60000,95,53670,60000,300.0,6330,53670
80000,95,71507,80000,400.0,8493,71507
100000,95,89491,100000,500.0,10509,89491
2,96,2,2,0.01,0,2
3,96,3,3,0.02,0,3
100,96,90,100,0.5,10,90
200,96,182,200,1.0,18,182
2000,96,1793,2000,10.0,207,1793
10000,96,8965,10000,50.0,1035,8965
20000,96,17905,20000,100.0,2095,17905
40000,96,35872,40000,200.0,4128,35872
60000,96,53700,60000,300.0,6300,53700
80000,96,71510,80000,400.0,8490,71510
100000,96,89736,100000,500.0,10264,89736
2,97,2,2,0.01,0,2
3,97,3,3,0.02,0,3
100,97,92,100,0.5,8,92
200,97,182,200,1.0,18,182
2000,97,1813,2000,10.0,187,1813
10000,97,8976,10000,50.0,1024,8976
20000,97,17879,20000,100.0,2121,17879
40000,97,35777,40000,200.0,4223,35777
60000,97,53729,60000,300.0,6271,53729
80000,97,71662,80000,400.0,8338,71662
100000,97,89478,100000,500.0,10522,89478
2,98,2,2,0.01,0,2
3,98,3,3,0.02,0,3
100,98,88,100,0.5,12,88
200,98,186,200,1.0,14,186
2000,98,1772,2000,10.0,228,1772
10000,98,8950,10000,50.0,1050,8950
20000,98,17905,20000,100.0,2095,17905
40000,98,35730,40000,200.0,4270,35730
60000,98,53745,60000,300.0,6255,53745
80000,98,71617,80000,400.0,8383,71617
100000,98,89542,100000,500.0,10458,89542
2,99,2,2,0.01,0,2
3,99,2,3,0.02,1,2
100,99,94,100,0.5,6,94
200,99,184,200,1.0,16,184
2000,99,1800,2000,10.0,200,1800
10000,99,8952,10000,50.0,1048,8952
20000,99,18062,20000,100.0,1938,18062
40000,99,35935,40000,200.0,4065,35935
60000,99,53659,60000,300.0,6341,53659
80000,99,71536,80000,400.0,8464,71536
100000,99,89542,100000,500.0,10458,89542
2,100,1,2,0.01,1,1
3,100,3,3,0.02,0,3
100,100,84,100,0.5,16,84
200,100,174,200,1.0,26,174
2000,100,1791,2000,10.0,209,1791
10000,100,8976,10000,50.0,1024,8976
20000,100,17905,20000,100.0,2095,17905
40000,100,35841,40000,200.0,4159,35841
60000,100,53598,60000,300.0,6402,53598
80000,100,71513,80000,400.0,8487,71513
100000,100,89442,100000,500.0,10558,89442
